frame,group,session,user_speak_mean,user_speak_sd,user_turns_mean,user_turns_sd,user_add_mean,user_add_sd,user_del_mean,user_del_sd,AU01_grp_avg,AU01_grp_std,AU02_grp_avg,AU02_grp_std,AU04_grp_avg,AU04_grp_std,AU05_grp_avg,AU05_grp_std,AU06_grp_avg,AU06_grp_std,AU07_grp_avg,AU07_grp_std,AU09_grp_avg,AU09_grp_std,AU10_grp_avg,AU10_grp_std,AU11_grp_avg,AU11_grp_std,AU12_grp_avg,AU12_grp_std,AU14_grp_avg,AU14_grp_std,AU15_grp_avg,AU15_grp_std,AU17_grp_avg,AU17_grp_std,AU20_grp_avg,AU20_grp_std,AU23_grp_avg,AU23_grp_std,AU24_grp_avg,AU24_grp_std,AU25_grp_avg,AU25_grp_std,AU26_grp_avg,AU26_grp_std,AU28_grp_avg,AU28_grp_std,AU43_grp_avg,AU43_grp_std,head_rotate_x_mean_grp_avg,head_rotate_x_mean_grp_std,head_rotate_x_std_grp_avg,head_rotate_x_std_grp_std,head_rotate_y_mean_grp_avg,head_rotate_y_mean_grp_std,head_rotate_y_std_grp_avg,head_rotate_y_std_grp_std,head_rotate_z_mean_grp_avg,head_rotate_z_mean_grp_std,head_rotate_z_std_grp_avg,head_rotate_z_std_grp_std,mouth_area_mean_grp_avg,mouth_area_mean_grp_std,mouth_area_std_grp_avg,mouth_area_std_grp_std,CQ
1,87_1,87,3.960666666666667,1.095701398901889,2.333333333333333,0.4714045207910317,0.0,0.0,0.0,0.0,0.6666666666666666,0.4714045207910317,0.0,0.0,6.333333333333333,4.109609335312651,4.0,3.265986323710904,0.0,0.0,0.0,0.0,0.0,0.0,0.0,0.0,0.0,0.0,0.0,0.0,0.0,0.0,3.0,4.242640687119285,7.333333333333333,5.734883511361751,0.0,0.0,0.0,0.0,29.666666666666668,0.4714045207910317,0.0,0.0,0.0,0.0,0.0,0.0,0.0,0.0,-1.4627910052910051,5.886953958626714,4.8630953471710034,4.279730750995592,111.73849206349206,8.547014196026968,41.49589093551808,6.946878044864275,34.95712962962964,93.28163347818644,81.85182121061588,38.7816925748217,164.08392195767195,43.92654088263561,57.22893188600198,42.971426249313744,2.6666666666666665
2,87_1,87,2.578333333333333,1.2088811172135807,1.6666666666666667,0.4714045207910317,63.333333333333336,89.56685895029602,4.0,5.656854249492381,0.0,0.0,0.0,0.0,6.666666666666667,7.318166133366716,4.0,4.96655480858378,0.0,0.0,0.0,0.0,0.0,0.0,0.0,0.0,0.0,0.0,0.0,0.0,0.3333333333333333,0.4714045207910317,1.0,0.816496580927726,9.333333333333334,6.79869268479038,0.0,0.0,0.0,0.0,30.0,0.0,0.0,0.0,0.0,0.0,0.0,0.0,0.0,0.0,-5.42154761904762,9.70374511930904,9.27843035433784,8.6632443079618,76.46902116402116,22.99271562892616,73.94911587053123,18.365285535838662,21.17306878306879,85.36568114388461,78.81269657103012,20.32028442297431,166.25330026455026,54.78374284659792,81.64162388501707,47.70180849616583,5.666666666666667
3,87_1,87,5.400333333333332,3.2693926381244296,2.6666666666666665,1.247219128924647,12.333333333333334,17.441967269268172,0.3333333333333333,0.4714045207910317,4.666666666666667,4.109609335312651,0.0,0.0,2.0,2.8284271247461903,3.0,2.160246899469287,0.0,0.0,0.0,0.0,0.0,0.0,0.0,0.0,0.0,0.0,0.0,0.0,0.0,0.0,2.6666666666666665,3.091206165165235,5.666666666666667,4.189935029992179,0.0,0.0,0.0,0.0,27.666666666666668,3.299831645537222,0.0,0.0,0.0,0.0,0.0,0.0,0.0,0.0,-0.911785714285714,3.321937214439933,7.213575754039482,6.161394227129946,59.66201058201059,46.477687442928485,65.9236487204903,9.357668611191336,29.160992063492063,61.40571668219576,88.38874798855359,18.887171825605424,147.5440013227513,35.195218555360825,76.30416240376681,46.99586494355342,7.0
4,87_1,87,2.56,2.2228510221485083,1.3333333333333333,0.9428090415820634,5.0,7.071067811865476,1.0,1.4142135623730951,3.333333333333333,3.39934634239519,0.0,0.0,9.0,6.97614984548545,11.0,12.83225103661344,0.0,0.0,0.0,0.0,0.0,0.0,0.3333333333333333,0.4714045207910317,0.0,0.0,0.0,0.0,0.6666666666666666,0.9428090415820634,3.333333333333333,4.714045207910316,7.666666666666667,5.436502143433364,0.0,0.0,0.0,0.0,28.0,2.8284271247461903,0.6666666666666666,0.9428090415820634,0.0,0.0,0.0,0.0,0.0,0.0,-0.3798148148148146,5.748249157904023,5.314594196808077,3.850570069574436,98.2412962962963,40.40689199946268,48.59156343606977,36.771224659253456,-20.43537037037037,70.72036858635848,92.41947120982576,12.070066733303316,223.8928703703704,19.430498168360103,86.26886184976725,71.87880434996501,5.666666666666667
5,87_1,87,3.168333333333333,2.2922900243109634,1.3333333333333333,0.4714045207910317,12.333333333333334,10.338708279513884,1.6666666666666667,1.699673171197595,0.0,0.0,0.0,0.0,12.0,9.092121131323903,8.333333333333334,11.08552609887726,0.0,0.0,0.0,0.0,0.0,0.0,0.0,0.0,0.0,0.0,0.0,0.0,0.0,0.0,0.0,0.0,10.666666666666666,7.93025150224688,0.0,0.0,0.0,0.0,30.0,0.0,0.0,0.0,0.0,0.0,0.0,0.0,0.0,0.0,-2.606428571428572,7.563972361871538,7.136002011215297,6.081457431897525,91.20957671957672,41.43856620837588,60.48088724278344,21.09019754410421,3.2773544973544944,70.40374427355654,88.84613045688354,9.06387527033571,213.07628306878303,36.3077079353567,66.37496743844548,39.97946495110426,14.0
6,87_1,87,4.741333333333333,1.2889999569002664,2.6666666666666665,0.4714045207910317,23.0,32.526911934581186,0.0,0.0,4.0,4.96655480858378,0.0,0.0,12.666666666666666,10.624918300339486,6.666666666666667,9.428090415820632,0.0,0.0,0.0,0.0,0.0,0.0,0.0,0.0,0.0,0.0,0.0,0.0,0.0,0.0,7.333333333333333,10.370899457402697,13.0,11.51810169544733,0.0,0.0,0.0,0.0,27.0,4.242640687119285,0.0,0.0,0.0,0.0,0.0,0.0,0.3333333333333333,0.4714045207910317,-4.061534391534392,9.258277088951523,7.52092775398857,7.046855496792158,76.63232804232804,19.45378737652545,78.23988463398437,13.68616158635843,22.070158730158727,55.8227267044262,100.60803843571678,17.643523485290338,150.1104365079365,10.006985667700585,48.52002138653274,13.587684002519811,14.0
7,87_1,87,3.9653333333333336,3.169162069415546,1.3333333333333333,0.9428090415820634,8.666666666666666,12.256517540566824,0.3333333333333333,0.4714045207910317,1.0,0.816496580927726,0.0,0.0,10.0,6.377042156569663,2.6666666666666665,2.494438257849294,0.0,0.0,0.3333333333333333,0.4714045207910317,0.0,0.0,0.0,0.0,0.0,0.0,0.0,0.0,0.0,0.0,4.0,3.741657386773941,7.0,6.683312551921141,0.0,0.0,0.0,0.0,29.666666666666668,0.4714045207910317,0.0,0.0,0.0,0.0,0.0,0.0,0.0,0.0,-4.732288359788359,10.06453355788192,7.606543011575547,5.616929158134572,71.21076719576719,34.84138164198074,63.73634107942994,22.38717808317579,2.06345238095238,73.27069116654388,93.90205619476252,12.84479611595906,139.07642857142858,26.54289174705572,31.71933520099499,7.860377495392455,14.0
8,87_1,87,4.828,2.5681896347427307,1.3333333333333333,0.4714045207910317,16.666666666666668,5.436502143433364,0.6666666666666666,0.9428090415820634,3.333333333333333,4.714045207910316,0.0,0.0,9.333333333333334,6.018490028422597,0.6666666666666666,0.9428090415820634,0.0,0.0,0.0,0.0,0.0,0.0,0.0,0.0,0.0,0.0,0.0,0.0,0.0,0.0,0.3333333333333333,0.4714045207910317,5.333333333333333,5.557777333511022,0.0,0.0,0.0,0.0,30.0,0.0,0.0,0.0,0.0,0.0,0.0,0.0,0.0,0.0,-11.201693121693124,13.773925718175567,12.186631452644685,7.05559592903654,66.530291005291,7.528856362258004,65.85746736941582,5.771933956968481,-4.998981481481484,89.1937841712684,78.42692349038828,7.551101919770104,192.16321428571428,43.28695492824093,79.72150865340943,36.12702587711503,11.0
9,87_1,87,3.2390000000000003,2.9625712930943395,1.0,0.816496580927726,14.666666666666666,18.66071333637121,2.6666666666666665,3.091206165165235,6.0,8.48528137423857,0.0,0.0,14.0,9.626352718795768,0.0,0.0,0.0,0.0,0.0,0.0,0.0,0.0,0.0,0.0,0.0,0.0,0.0,0.0,0.3333333333333333,0.4714045207910317,3.0,1.4142135623730951,8.333333333333334,5.436502143433364,0.0,0.0,0.0,0.0,28.666666666666668,1.8856180831641267,0.3333333333333333,0.4714045207910317,0.0,0.0,0.0,0.0,0.6666666666666666,0.9428090415820634,-9.067566137566136,10.787258468623502,15.974202014061088,8.664145915203335,61.93449735449736,47.401090935805286,75.05331832370898,21.52732213879177,19.4919708994709,35.110319048855885,104.08308963597943,17.478629052348687,237.07631613756607,139.07103677561517,97.3517510192524,74.49836739200282,11.0
10,87_1,87,5.597,0.4446489251833034,2.0,0.0,21.0,18.01850900231944,7.666666666666667,4.496912521077347,1.0,1.4142135623730951,0.0,0.0,11.666666666666666,10.96458946893235,1.3333333333333333,1.8856180831641267,1.6666666666666667,2.357022603955158,1.3333333333333333,1.8856180831641267,0.6666666666666666,0.9428090415820634,0.6666666666666666,0.9428090415820634,0.0,0.0,2.0,2.8284271247461903,5.666666666666667,8.013876853447538,1.0,1.4142135623730951,11.333333333333334,8.055363982396381,0.0,0.0,0.0,0.0,28.33333333333333,2.3570226039551585,0.0,0.0,0.0,0.0,0.0,0.0,2.333333333333333,3.2998316455372216,-8.813703703703704,13.263240378432291,15.183590192795466,7.290461647818695,52.29796296296297,56.115769792547184,82.52212550210866,31.094596361453505,-16.088333333333328,93.08965279453678,86.58376636097829,23.615502283836708,222.8769444444445,128.96250532891284,106.95094207814718,125.1306106631762,13.0
11,87_1,87,3.986666666666667,1.1020418423191665,2.0,0.816496580927726,4.333333333333333,4.784233364802441,1.3333333333333333,0.9428090415820634,3.6666666666666665,5.185449728701348,0.0,0.0,8.666666666666666,10.143416036468626,1.0,1.4142135623730951,0.0,0.0,0.3333333333333333,0.4714045207910317,0.0,0.0,0.3333333333333333,0.4714045207910317,0.0,0.0,0.0,0.0,4.666666666666667,6.599663291074443,2.333333333333333,3.2998316455372216,10.666666666666666,8.219218670625303,0.0,0.0,0.0,0.0,28.666666666666668,0.9428090415820634,0.0,0.0,0.0,0.0,0.0,0.0,0.0,0.0,-9.657592592592591,20.68269922891328,10.409195129729149,7.872920018094004,80.41574074074074,27.258103745889468,77.19741382849197,22.81442621594783,-22.273888888888887,108.2647785481228,61.5021516951522,7.425640107242553,203.7329629629629,80.86385172599462,88.74323192843299,34.387036287279635,13.666666666666666
12,87_1,87,7.578,2.561475746518011,2.6666666666666665,0.4714045207910317,16.0,20.54263858417414,3.6666666666666665,5.185449728701348,5.666666666666667,4.642796092394707,1.0,1.4142135623730951,9.0,9.93310961716756,1.6666666666666667,2.357022603955158,0.3333333333333333,0.4714045207910317,1.6666666666666667,2.357022603955158,0.3333333333333333,0.4714045207910317,1.0,1.4142135623730951,0.0,0.0,0.3333333333333333,0.4714045207910317,1.6666666666666667,2.357022603955158,5.0,6.377042156569663,8.333333333333334,9.741092797468305,0.0,0.0,0.0,0.0,26.0,5.656854249492381,0.0,0.0,0.0,0.0,0.0,0.0,0.0,0.0,-11.171666666666669,21.66383729389363,9.90327266485822,8.322540497966159,63.83277777777778,28.256428483042296,77.89615998902987,21.1801614611178,-12.967222222222224,67.64780813198406,89.46456468361556,26.415272452673,214.4141666666667,77.64828387898764,103.2647761000736,80.54940625348338,13.666666666666666
13,87_1,87,7.608,2.7354624228211697,2.0,0.0,12.333333333333334,8.73053390247253,3.6666666666666665,4.496912521077348,0.0,0.0,0.0,0.0,11.666666666666666,11.556623882239812,0.0,0.0,0.6666666666666666,0.9428090415820634,1.3333333333333333,1.8856180831641267,0.0,0.0,0.6666666666666666,0.9428090415820634,0.0,0.0,0.6666666666666666,0.9428090415820634,2.0,2.8284271247461903,4.0,4.96655480858378,14.333333333333334,10.780641085864152,0.0,0.0,0.0,0.0,28.33333333333333,2.3570226039551585,0.3333333333333333,0.4714045207910317,0.0,0.0,0.0,0.0,0.0,0.0,-6.799285714285715,15.98138430085128,12.264564504419347,9.442936379438684,48.414550264550265,42.85194521481803,85.36408290086193,27.29240479822269,-17.748108465608464,76.0907250062676,84.02074722164856,11.762362269372112,258.7259391534391,172.4116715564927,111.64865211656692,82.89414228133292,13.666666666666666
14,87_1,87,1.5296666666666667,2.1632753459100447,0.3333333333333333,0.4714045207910317,18.666666666666668,20.99735433069816,3.333333333333333,2.867441755680876,10.0,10.198039027185567,0.0,0.0,5.0,5.656854249492381,0.0,0.0,0.0,0.0,0.3333333333333333,0.4714045207910317,0.3333333333333333,0.4714045207910317,0.0,0.0,0.0,0.0,0.0,0.0,3.0,4.242640687119285,2.333333333333333,3.2998316455372216,12.0,5.715476066494082,0.0,0.0,0.0,0.0,30.0,0.0,0.0,0.0,0.0,0.0,0.0,0.0,0.0,0.0,-4.984814814814815,11.856502932862716,13.990432045209523,8.047435695342893,72.9925925925926,49.133733966014354,79.28968447789613,40.75195343855589,18.694814814814816,32.410174748511935,117.0184627330818,5.729601997640674,204.6079629629629,129.27134440420522,76.02876546051108,68.72357193777101,14.0
15,87_1,87,8.931333333333333,0.9623867321520092,5.0,0.816496580927726,0.0,0.0,0.0,0.0,6.666666666666667,8.73053390247253,0.3333333333333333,0.4714045207910317,7.0,4.320493798938574,0.0,0.0,0.0,0.0,0.3333333333333333,0.4714045207910317,0.0,0.0,0.3333333333333333,0.4714045207910317,0.0,0.0,0.0,0.0,2.333333333333333,3.2998316455372216,5.666666666666667,3.39934634239519,10.666666666666666,5.734883511361751,0.0,0.0,0.0,0.0,24.666666666666668,7.542472332656507,0.6666666666666666,0.9428090415820634,0.3333333333333333,0.4714045207910317,0.0,0.0,0.3333333333333333,0.4714045207910317,-2.6146296296296287,12.50451038241714,10.734011079906509,6.706353849856833,63.90166666666667,67.22546272722032,62.76318365283205,22.934010830224995,57.91481481481481,55.276769315821205,91.87038865575396,16.50894245671327,224.27527777777777,121.60832290278654,98.09688988145167,90.72592282622249,14.0
16,87_1,87,5.556333333333334,2.261789900843037,2.333333333333333,0.4714045207910317,3.6666666666666665,2.0548046676563256,0.0,0.0,1.3333333333333333,1.247219128924647,0.0,0.0,12.0,4.898979485566356,0.0,0.0,0.3333333333333333,0.4714045207910317,0.3333333333333333,0.4714045207910317,0.0,0.0,0.3333333333333333,0.4714045207910317,0.0,0.0,0.3333333333333333,0.4714045207910317,2.0,2.8284271247461903,1.0,0.816496580927726,5.333333333333333,4.496912521077348,0.0,0.0,0.0,0.0,28.666666666666668,1.8856180831641267,0.0,0.0,0.0,0.0,0.0,0.0,0.0,0.0,-4.216137566137566,9.93894692126938,9.24420875788418,6.365120127459947,102.66763227513223,15.377675155196007,56.37001959053834,12.85354028405527,-11.884880952380954,80.9131586428483,87.41552945346837,23.702783964915472,262.6346296296296,154.05624834398552,81.93665861598926,52.63595368442224,14.0
17,87_1,87,6.727,1.0171532169081838,3.0,0.0,4.0,5.656854249492381,5.0,7.071067811865476,6.0,8.48528137423857,0.0,0.0,10.666666666666666,13.02134998974974,0.6666666666666666,0.9428090415820634,0.6666666666666666,0.9428090415820634,5.0,7.071067811865476,0.6666666666666666,0.9428090415820634,4.333333333333333,6.128258770283413,0.0,0.0,0.6666666666666666,0.9428090415820634,9.333333333333334,13.199326582148888,1.6666666666666667,1.699673171197595,15.333333333333334,10.530379332620877,0.0,0.0,0.0,0.0,26.0,5.656854249492381,0.3333333333333333,0.4714045207910317,0.0,0.0,0.0,0.0,0.6666666666666666,0.4714045207910317,-2.1044444444444443,9.188319510775557,12.096346220990013,7.1161284437442935,95.91333333333334,39.53891418824226,78.37020262008362,32.08239367440697,47.07,90.83073566112266,100.41792748046524,19.206279638833184,310.3408333333333,256.52646453342487,82.98073724357484,68.2827400883012,14.0
18,87_1,87,10.116666666666667,0.7880525927175731,2.6666666666666665,0.4714045207910317,11.666666666666666,16.49915822768611,0.0,0.0,7.666666666666667,10.842303978193728,0.3333333333333333,0.4714045207910317,6.0,6.48074069840786,0.0,0.0,0.3333333333333333,0.4714045207910317,2.0,2.8284271247461903,0.0,0.0,0.3333333333333333,0.4714045207910317,0.0,0.0,0.3333333333333333,0.4714045207910317,6.333333333333333,8.259674462242579,2.333333333333333,2.6246692913372702,7.0,3.559026084010437,0.0,0.0,0.0,0.0,29.666666666666668,0.4714045207910317,0.3333333333333333,0.4714045207910317,0.0,0.0,0.0,0.0,2.0,2.160246899469287,-2.843439153439153,10.803236096813272,10.082360316936123,6.697956336498935,76.51156084656084,64.13371697218163,72.39419861555204,29.26248674034556,79.0847619047619,54.83976857212835,76.66142883184885,23.05442870548564,186.9860582010582,87.91011353414932,122.84174369402126,77.42571249183723,12.333333333333334
19,87_1,87,4.003333333333333,2.3939081482425806,1.6666666666666667,0.4714045207910317,15.0,17.795130420052185,5.0,4.546060565661952,6.0,4.546060565661952,0.0,0.0,8.0,9.93310961716756,0.3333333333333333,0.4714045207910317,0.0,0.0,0.0,0.0,0.0,0.0,0.0,0.0,0.0,0.0,0.0,0.0,1.6666666666666667,2.357022603955158,6.0,4.898979485566356,5.333333333333333,3.299831645537222,0.0,0.0,0.0,0.0,30.0,0.0,0.0,0.0,0.0,0.0,0.0,0.0,0.0,0.0,-2.835185185185185,11.210454118815552,7.276479676791663,5.998178259608561,93.54222222222224,36.21781918535696,59.38552607485141,23.51538432828967,29.64507936507937,83.27564372676945,90.01764660672991,29.675886561109696,141.8293253968254,38.52995236029197,27.9834037172654,10.72219764262461,13.666666666666666
20,87_1,87,2.688333333333333,1.207213412045369,1.3333333333333333,0.4714045207910317,55.0,77.78174593052023,0.0,0.0,0.3333333333333333,0.4714045207910317,0.0,0.0,6.666666666666667,8.013876853447538,1.3333333333333333,1.247219128924647,0.0,0.0,0.0,0.0,0.0,0.0,0.0,0.0,0.0,0.0,0.0,0.0,2.6666666666666665,3.771236166328253,5.0,6.377042156569663,9.666666666666666,7.760297817881877,0.0,0.0,0.0,0.0,30.0,0.0,0.0,0.0,0.0,0.0,0.0,0.0,0.0,0.0,-0.8759259259259254,11.108702593895288,9.24502074468869,7.166270723359648,90.8172222222222,24.321285081687016,66.58631464057048,9.281958196271008,50.02685185185186,85.59113168737389,78.31413474603708,28.96940624623472,159.4459259259259,42.48520184292915,33.67151205765358,1.4152795606622537,13.666666666666666
21,87_1,87,3.8496666666666655,2.9908478545203345,2.333333333333333,1.699673171197595,70.0,98.99494936611666,0.0,0.0,1.0,1.4142135623730951,0.0,0.0,8.0,5.715476066494082,0.3333333333333333,0.4714045207910317,0.0,0.0,0.0,0.0,0.0,0.0,0.0,0.0,0.0,0.0,0.0,0.0,1.0,0.816496580927726,4.666666666666667,4.642796092394707,11.333333333333334,8.65383665716478,0.0,0.0,0.0,0.0,30.0,0.0,0.0,0.0,0.0,0.0,0.0,0.0,0.0,0.0,-0.1471164021164022,9.648962960183496,9.207137505059547,6.01417269088921,95.42550264550265,30.135151231038027,61.832192114652855,21.511731188137887,52.29068783068783,48.96582312260046,90.25568425530042,23.053044198745585,178.55732804232807,52.99114332688893,83.86480840295239,38.03529223020059,14.0
22,87_1,87,3.414333333333333,2.844651160023355,1.6666666666666667,1.247219128924647,17.666666666666668,24.98443960192468,0.3333333333333333,0.4714045207910317,5.0,3.559026084010437,0.0,0.0,7.0,6.48074069840786,1.0,0.816496580927726,0.0,0.0,0.0,0.0,0.0,0.0,0.0,0.0,0.0,0.0,0.0,0.0,2.6666666666666665,2.494438257849294,5.666666666666667,4.496912521077348,9.666666666666666,6.599663291074444,0.0,0.0,0.0,0.0,29.666666666666668,0.4714045207910317,0.0,0.0,0.0,0.0,0.0,0.0,1.0,0.816496580927726,-2.9657804232804232,7.815554689468331,9.072131952462636,2.752584978000387,86.66396825396824,23.82361397904592,65.8369924627594,18.07046666191217,10.95436507936508,38.865485962122925,113.48858690215536,11.033447632665576,173.4551124338624,42.16389436816218,142.86956258848815,55.35344514476442,14.0
23,87_1,87,2.529666666666667,2.335577349512441,1.3333333333333333,0.4714045207910317,10.333333333333334,14.613540144521982,10.333333333333334,12.552113589175152,3.6666666666666665,3.858612300930076,1.0,0.816496580927726,12.0,10.801234497346432,0.3333333333333333,0.4714045207910317,0.0,0.0,0.6666666666666666,0.9428090415820634,0.3333333333333333,0.4714045207910317,0.0,0.0,0.0,0.0,0.0,0.0,0.0,0.0,5.333333333333333,3.858612300930076,4.666666666666667,2.6246692913372702,0.0,0.0,0.0,0.0,30.0,0.0,0.0,0.0,0.0,0.0,0.0,0.0,1.3333333333333333,0.4714045207910317,-8.719259259259259,14.710420044564232,13.94624106946222,7.060465071674105,92.74486772486772,28.36873389528672,62.25170676545005,20.767454327981053,18.529232804232805,81.60375669551566,96.21860272385408,27.093382252640644,179.07108465608465,87.8843237269224,61.06103138948556,47.42695600730446,13.666666666666666
24,87_1,87,3.0843333333333334,2.1865507591231954,2.0,1.4142135623730951,23.666666666666668,33.46972097616325,0.3333333333333333,0.4714045207910317,6.333333333333333,4.921607686744467,0.3333333333333333,0.4714045207910317,6.666666666666667,6.236095644623235,0.6666666666666666,0.9428090415820634,0.0,0.0,0.6666666666666666,0.9428090415820634,0.6666666666666666,0.9428090415820634,0.6666666666666666,0.9428090415820634,0.0,0.0,0.0,0.0,1.3333333333333333,1.8856180831641267,6.0,5.354126134736337,8.0,6.97614984548545,0.0,0.0,0.0,0.0,29.0,1.4142135623730951,0.0,0.0,0.0,0.0,0.0,0.0,1.3333333333333333,1.247219128924647,-4.736534391534391,8.974571550481462,12.012181612280566,6.057495258015632,83.07253968253968,31.67322319660377,74.18016932053284,28.7513909989895,15.222513227513224,67.43028790606418,109.30703048635104,27.801445518972965,160.41701719576722,65.09337631785112,83.49894122857049,71.5636268261784,13.666666666666666
25,87_1,87,5.055000000000001,4.1491966290676885,1.3333333333333333,0.9428090415820634,4.666666666666667,6.599663291074443,0.3333333333333333,0.4714045207910317,3.0,2.160246899469287,0.0,0.0,11.333333333333334,10.07747763855398,0.0,0.0,0.0,0.0,2.0,2.8284271247461903,1.0,1.4142135623730951,0.3333333333333333,0.4714045207910317,0.0,0.0,0.0,0.0,3.0,4.242640687119285,3.333333333333333,3.39934634239519,7.0,6.48074069840786,0.0,0.0,0.0,0.0,25.666666666666668,4.189935029992178,0.0,0.0,0.0,0.0,0.0,0.0,3.0,4.242640687119285,-15.918055555555554,26.036263958084724,11.35335455608704,5.310378447809798,22.23527777777777,63.126395093983696,73.88559226698256,29.696357973411203,-1.4339814814814815,59.74977751320275,86.48722532974021,23.313897479696827,145.38375,68.32077111240415,82.89044136983898,55.21754124837144,13.666666666666666
26,87_1,87,5.559333333333332,4.346422385773793,1.0,0.816496580927726,1.3333333333333333,1.8856180831641267,1.0,1.4142135623730951,7.0,6.683312551921141,0.6666666666666666,0.9428090415820634,6.333333333333333,7.586537784494029,1.0,0.816496580927726,0.0,0.0,0.0,0.0,0.0,0.0,0.0,0.0,0.0,0.0,0.0,0.0,0.3333333333333333,0.4714045207910317,6.333333333333333,6.944222218666553,11.333333333333334,6.649979114420001,0.0,0.0,0.0,0.0,29.0,1.4142135623730951,0.0,0.0,0.0,0.0,0.0,0.0,0.6666666666666666,0.9428090415820634,-2.007023809523809,6.281576276672305,8.94973738036744,2.853718012718164,105.81674603174604,19.61171830109724,53.989512042200566,3.2301204243866217,33.60492063492063,57.45051494523713,99.39541609871826,38.51541175223223,186.8441468253968,51.95441014994361,75.29143127499107,25.54857087756387,14.0
27,87_1,87,7.597333333333332,3.063529808715575,2.0,0.816496580927726,13.333333333333334,18.856180831641264,1.3333333333333333,1.8856180831641267,8.0,8.640987597877148,0.3333333333333333,0.4714045207910317,6.333333333333333,7.586537784494029,0.3333333333333333,0.4714045207910317,0.0,0.0,0.0,0.0,0.0,0.0,0.0,0.0,0.0,0.0,0.0,0.0,0.3333333333333333,0.4714045207910317,7.333333333333333,4.9216076867444665,14.0,7.25718035235908,0.0,0.0,0.0,0.0,29.666666666666668,0.4714045207910317,0.0,0.0,0.0,0.0,0.0,0.0,1.3333333333333333,1.8856180831641267,-1.2015476190476198,8.418430596351874,8.633924166485604,6.111513543957051,122.3176851851852,26.002621287154017,46.84834273506332,28.392324478271952,49.35630952380953,58.21546977867136,107.98815717990516,32.04428119403727,182.4646164021164,23.33174840989812,58.65997919219907,26.74696298733892,14.0
28,87_1,87,3.5073333333333334,3.013227984884132,1.3333333333333333,0.4714045207910317,0.6666666666666666,0.9428090415820634,118.66666666666669,167.82000940160728,8.666666666666666,9.46337971105226,0.0,0.0,8.666666666666666,6.182412330330469,0.0,0.0,0.0,0.0,0.0,0.0,0.0,0.0,0.0,0.0,0.0,0.0,0.0,0.0,1.3333333333333333,1.8856180831641267,4.666666666666667,3.6817870057290873,17.666666666666668,8.219218670625303,0.0,0.0,0.6666666666666666,0.9428090415820634,28.33333333333333,1.247219128924647,0.0,0.0,0.0,0.0,0.0,0.0,0.3333333333333333,0.4714045207910317,-4.101666666666666,9.648514374225163,9.059084795288497,7.640525417759373,104.3098148148148,45.265943457588776,62.36259370520759,32.57868854963852,45.49296296296296,71.26988124373837,100.82508118470066,23.65980757376818,251.62981481481484,101.8686936057948,76.6566442046186,42.396933654317166,13.666666666666666
29,87_1,87,4.0200000000000005,2.0121795811176164,1.6666666666666667,0.4714045207910317,11.666666666666666,9.030811456096044,2.0,2.8284271247461903,0.3333333333333333,0.4714045207910317,0.0,0.0,9.666666666666666,5.2493385826745405,0.0,0.0,0.0,0.0,1.0,1.4142135623730951,0.3333333333333333,0.4714045207910317,0.6666666666666666,0.9428090415820634,0.0,0.0,0.0,0.0,4.0,5.656854249492381,3.6666666666666665,3.299831645537222,7.0,4.96655480858378,0.0,0.0,0.0,0.0,26.666666666666668,4.714045207910316,0.3333333333333333,0.4714045207910317,0.0,0.0,0.0,0.0,0.3333333333333333,0.4714045207910317,-1.956124338624339,14.8987369724697,11.715936256495572,9.12505982169343,68.73124338624338,47.39425183099059,73.60702481143743,24.80213089766056,45.90003968253968,48.69457398489551,103.19308332863602,32.36214703799402,230.96810846560845,169.15217031866254,62.851983635415024,57.65298062734997,13.666666666666666
30,87_1,87,7.004666666666666,4.640425650974511,2.6666666666666665,1.247219128924647,5.333333333333333,3.858612300930076,5.333333333333333,3.858612300930076,2.333333333333333,3.2998316455372216,0.0,0.0,6.0,7.788880963698615,0.6666666666666666,0.9428090415820634,1.0,1.4142135623730951,8.0,11.31370849898476,5.333333333333333,7.542472332656507,4.0,5.656854249492381,0.0,0.0,0.6666666666666666,0.9428090415820634,4.666666666666667,6.599663291074443,1.6666666666666667,2.357022603955158,6.666666666666667,5.734883511361751,0.0,0.0,0.0,0.0,25.0,5.715476066494082,0.0,0.0,0.0,0.0,0.0,0.0,2.0,2.8284271247461903,-1.5908465608465625,16.911678846752437,13.860824419955144,8.10811558468374,28.745119047619045,115.52435400275222,55.55360884940925,17.938147344049607,74.89493386243386,71.7695608930133,78.81563278082204,21.06695260346542,236.69580687830685,176.11412442749432,106.87563912832714,98.61655462817006,13.666666666666666
31,87_1,87,6.007666666666666,1.9145398634891075,2.333333333333333,0.4714045207910317,7.333333333333333,7.1336448530109,2.0,1.632993161855452,4.666666666666667,3.299831645537222,0.0,0.0,6.0,5.656854249492381,1.0,1.4142135623730951,0.0,0.0,4.666666666666667,6.599663291074443,0.3333333333333333,0.4714045207910317,0.0,0.0,0.0,0.0,0.0,0.0,1.0,1.4142135623730951,4.0,4.96655480858378,4.666666666666667,3.299831645537222,0.0,0.0,0.0,0.0,29.33333333333333,0.9428090415820634,0.0,0.0,0.0,0.0,0.0,0.0,0.6666666666666666,0.4714045207910317,-2.4363359788359777,11.699703760174945,9.14763660506397,5.754186091583078,55.57993386243387,66.54709504622753,82.5443662568762,44.342526699215455,60.18903439153439,84.1065516692904,83.43686898156201,30.63019083807659,134.96968915343916,49.08721656005202,29.09446751699595,17.39855279117377,13.666666666666666
32,87_1,87,6.849,0.6876922761429458,2.0,0.0,61.66666666666666,87.20983634634086,1.3333333333333333,1.8856180831641267,3.333333333333333,3.39934634239519,0.0,0.0,11.333333333333334,4.988876515698588,0.3333333333333333,0.4714045207910317,0.0,0.0,0.0,0.0,0.0,0.0,0.0,0.0,0.0,0.0,0.0,0.0,1.6666666666666667,2.357022603955158,5.0,4.08248290463863,5.333333333333333,4.496912521077348,0.0,0.0,0.0,0.0,29.33333333333333,0.9428090415820634,0.0,0.0,0.0,0.0,0.0,0.0,0.0,0.0,0.0647751322751331,9.011187472259904,6.997288472987672,5.671304902022889,93.0590343915344,28.35498713269209,60.08352831872147,13.68955602668938,64.89374338624339,48.91602249408062,91.9659192743199,12.859898516660564,170.48001322751324,72.77905652654236,75.22394424934224,64.81511218583425,13.0
33,87_1,87,2.8800000000000003,2.347438320098457,1.0,0.816496580927726,1.3333333333333333,0.9428090415820634,62.0,85.56868586112562,0.3333333333333333,0.4714045207910317,0.0,0.0,12.666666666666666,2.0548046676563256,0.0,0.0,0.3333333333333333,0.4714045207910317,1.3333333333333333,1.8856180831641267,0.0,0.0,1.3333333333333333,1.8856180831641267,0.0,0.0,0.6666666666666666,0.9428090415820634,3.6666666666666665,4.496912521077348,2.6666666666666665,1.8856180831641267,5.0,3.559026084010437,0.0,0.0,0.0,0.0,29.0,1.4142135623730951,0.3333333333333333,0.4714045207910317,0.0,0.0,0.0,0.0,0.3333333333333333,0.4714045207910317,3.9631613756613753,6.256703837987039,5.513183814155234,1.848875575334733,76.77085978835979,37.020759565142086,77.37799339346093,27.527603246246315,62.17828042328043,41.361737103435495,95.02234486889706,28.69396659469623,213.74777777777777,142.62654736125162,87.80216583856502,79.06476541219305,14.0
34,87_1,87,3.532,2.464377135640296,2.0,0.816496580927726,11.666666666666666,16.49915822768611,0.3333333333333333,0.4714045207910317,5.0,6.377042156569663,0.0,0.0,10.666666666666666,6.236095644623235,0.3333333333333333,0.4714045207910317,0.0,0.0,2.6666666666666665,3.771236166328253,1.3333333333333333,1.8856180831641267,1.0,1.4142135623730951,0.0,0.0,0.0,0.0,3.6666666666666665,3.858612300930076,2.6666666666666665,0.9428090415820634,7.666666666666667,5.734883511361751,0.0,0.0,0.0,0.0,27.33333333333333,3.0912061651652345,0.0,0.0,0.0,0.0,0.0,0.0,1.3333333333333333,1.247219128924647,0.9831878306878312,11.490116498919589,11.81136094632468,3.965151969720985,74.83025132275132,45.26210507509404,88.7317051329142,37.9727505012427,45.36924603174604,47.278103300994665,96.6143504017324,35.93495846439842,237.23609126984127,149.0139796582813,75.58963964102036,22.620441449474708,14.0
35,87_1,87,2.981666666666667,3.437058076643777,0.6666666666666666,0.4714045207910317,3.6666666666666665,5.185449728701348,1.3333333333333333,1.8856180831641267,4.333333333333333,6.128258770283412,0.6666666666666666,0.9428090415820634,8.0,7.788880963698615,0.6666666666666666,0.9428090415820634,0.0,0.0,0.3333333333333333,0.4714045207910317,0.0,0.0,0.3333333333333333,0.4714045207910317,0.0,0.0,0.0,0.0,2.0,2.160246899469287,2.6666666666666665,2.0548046676563256,10.333333333333334,1.247219128924647,0.0,0.0,0.0,0.0,29.0,0.816496580927726,0.0,0.0,0.0,0.0,0.0,0.0,1.0,0.0,1.560833333333333,6.308368123752264,5.3520377002536215,0.8921794368011173,89.06981481481482,48.72095411233151,60.53577663593909,25.71928244470521,60.98712962962964,33.107852126725625,91.42917343065466,29.83568160339094,206.68263888888887,65.78948934377522,72.30540718094663,17.144016306121465,14.0
36,87_1,87,3.278333333333333,1.5357070756567548,2.333333333333333,0.9428090415820634,42.333333333333336,30.07028803025043,0.3333333333333333,0.4714045207910317,6.0,5.354126134736337,0.0,0.0,3.333333333333333,2.3570226039551585,3.0,2.449489742783178,0.0,0.0,1.0,1.4142135623730951,0.0,0.0,1.0,1.4142135623730951,0.0,0.0,0.3333333333333333,0.4714045207910317,2.6666666666666665,3.771236166328253,2.6666666666666665,2.494438257849294,8.333333333333334,3.2998316455372216,0.0,0.0,1.0,0.816496580927726,28.33333333333333,1.699673171197595,0.3333333333333333,0.4714045207910317,0.0,0.0,0.0,0.0,0.3333333333333333,0.4714045207910317,-2.6379497354497348,7.932423906368865,6.677250122525596,3.417183104496752,88.02034391534391,39.22901259701912,67.36629522795842,13.171443308140272,30.515886243386245,67.82988901820669,99.1707889390916,35.74180726613677,293.36786375661376,86.35658768948372,144.09704779477173,31.836791859505507,14.0
37,87_1,87,5.8806666666666665,2.825718826933934,1.6666666666666667,0.4714045207910317,15.0,10.98483803552272,3.6666666666666665,3.299831645537222,8.0,11.31370849898476,0.0,0.0,3.333333333333333,2.0548046676563256,0.3333333333333333,0.4714045207910317,0.0,0.0,0.6666666666666666,0.9428090415820634,0.0,0.0,0.6666666666666666,0.9428090415820634,0.0,0.0,0.0,0.0,2.6666666666666665,3.771236166328253,3.6666666666666665,5.185449728701348,12.0,7.874007874011811,0.0,0.0,1.3333333333333333,1.247219128924647,28.666666666666668,1.8856180831641267,0.3333333333333333,0.4714045207910317,0.0,0.0,0.0,0.0,0.0,0.0,-2.310291005291005,9.286827930400904,7.854925156438114,1.0785994266545953,81.01997354497355,40.507566898241485,70.15344440257564,38.71483653368957,67.48441798941799,76.77588767496528,74.49654058540908,34.506302280751804,200.82982804232805,96.20786138833088,78.52355353339867,57.146881873362624,13.0
38,87_1,87,4.339,1.3306963089550776,2.333333333333333,0.9428090415820634,1.6666666666666667,1.699673171197595,1.6666666666666667,1.699673171197595,5.666666666666667,8.013876853447538,0.0,0.0,6.666666666666667,8.055363982396381,0.0,0.0,0.0,0.0,2.6666666666666665,3.771236166328253,2.333333333333333,3.2998316455372216,1.3333333333333333,1.8856180831641267,0.0,0.0,0.0,0.0,2.6666666666666665,3.771236166328253,3.6666666666666665,3.858612300930076,11.0,2.8284271247461903,0.0,0.0,0.0,0.0,26.33333333333333,5.185449728701348,0.0,0.0,0.0,0.0,0.0,0.0,2.333333333333333,2.0548046676563256,-6.21814814814815,16.568679587657662,16.92009373572141,7.021214223182246,58.6348148148148,68.65844611936231,77.77252094997577,32.9207118018164,44.84833333333333,77.47601209406689,89.06585745466647,31.35473027893929,198.6412037037037,65.41336002822172,74.05469880892508,34.46353460056062,14.0
39,87_1,87,2.882333333333333,2.0381207575171354,1.6666666666666667,1.247219128924647,11.666666666666666,16.49915822768611,0.6666666666666666,0.9428090415820634,5.0,4.546060565661952,0.0,0.0,8.333333333333334,10.370899457402697,0.6666666666666666,0.9428090415820634,0.3333333333333333,0.4714045207910317,0.6666666666666666,0.9428090415820634,0.0,0.0,0.0,0.0,0.0,0.0,0.3333333333333333,0.4714045207910317,2.6666666666666665,3.771236166328253,3.333333333333333,4.027681991198191,11.0,5.0990195135927845,0.0,0.0,0.0,0.0,27.666666666666668,2.0548046676563256,0.0,0.0,0.0,0.0,0.0,0.0,0.0,0.0,-8.739391534391535,19.59125851660047,10.250741749355258,7.073638877348053,65.3425396825397,47.739261571998135,75.59352692208289,27.484209069036776,26.265661375661377,82.23923319467436,79.15305576662963,24.15879565067877,193.55206349206347,65.42987379759676,109.2914857006836,62.38630426087608,14.0
40,87_1,87,1.3433333333333335,1.39784222603586,1.0,0.816496580927726,30.666666666666668,43.36921591277491,2.0,2.8284271247461903,3.333333333333333,3.39934634239519,0.3333333333333333,0.4714045207910317,9.666666666666666,11.556623882239812,0.6666666666666666,0.9428090415820634,1.0,1.4142135623730951,0.6666666666666666,0.9428090415820634,0.3333333333333333,0.4714045207910317,0.3333333333333333,0.4714045207910317,0.0,0.0,0.3333333333333333,0.4714045207910317,3.333333333333333,4.714045207910316,8.666666666666666,6.342099196813483,10.333333333333334,4.714045207910316,0.0,0.0,0.0,0.0,26.33333333333333,3.858612300930076,0.0,0.0,0.0,0.0,0.0,0.0,2.0,1.4142135623730951,-5.143306878306877,15.618657219888329,10.277680468448851,5.7485117211531245,100.91451058201058,14.143886804717733,61.80726772823636,22.93017131495817,9.992089947089944,51.34876762323856,114.39181698080527,10.620512444271071,222.47016534391537,79.11640403056724,107.72800041000032,76.84709803695569,14.0
41,87_1,87,4.314666666666667,1.376565855873069,2.6666666666666665,0.4714045207910317,3.6666666666666665,5.185449728701348,1.6666666666666667,2.357022603955158,1.3333333333333333,1.247219128924647,0.0,0.0,7.0,3.741657386773941,0.6666666666666666,0.4714045207910317,0.0,0.0,0.0,0.0,0.0,0.0,0.0,0.0,0.0,0.0,0.0,0.0,0.3333333333333333,0.4714045207910317,4.0,2.449489742783178,8.333333333333334,7.586537784494029,0.0,0.0,0.0,0.0,30.0,0.0,0.0,0.0,0.0,0.0,0.0,0.0,0.0,0.0,-1.3335317460317448,8.478031428761717,7.644873319661052,6.566642489484854,95.47208994708994,19.261058709325155,52.448890888539445,6.843386448900915,42.27752645502645,54.358761922755086,99.53014776967176,34.18754503624099,125.73047619047618,28.931633976795563,42.93090757331914,16.29445113541214,14.0
42,87_1,87,4.443,1.4820973877133266,3.0,0.816496580927726,13.333333333333334,9.46337971105226,4.666666666666667,3.6817870057290873,2.333333333333333,2.6246692913372702,0.0,0.0,7.333333333333333,8.259674462242579,1.0,0.816496580927726,0.0,0.0,0.0,0.0,0.0,0.0,0.0,0.0,0.0,0.0,0.0,0.0,0.6666666666666666,0.9428090415820634,2.0,1.4142135623730951,8.666666666666666,7.363574011458175,0.0,0.0,0.0,0.0,30.0,0.0,0.0,0.0,0.0,0.0,0.0,0.0,0.6666666666666666,0.4714045207910317,1.1656613756613752,8.401470843767795,6.531109365620214,3.7250684995355448,102.80752645502643,15.170614899098313,65.51711775639579,21.45405916854658,43.73462962962963,28.42758631777582,113.59240315207452,7.635520243965052,143.45168650793653,32.25304128589955,33.598114844380184,8.383054796746386,14.0
43,87_1,87,4.957000000000001,2.642690422025756,2.333333333333333,1.247219128924647,19.666666666666668,27.812866726670865,0.3333333333333333,0.4714045207910317,4.0,5.656854249492381,0.0,0.0,3.6666666666666665,5.185449728701348,0.0,0.0,0.0,0.0,1.6666666666666667,2.357022603955158,0.0,0.0,0.0,0.0,0.0,0.0,0.0,0.0,6.0,8.48528137423857,1.0,0.816496580927726,7.333333333333333,4.9216076867444665,0.0,0.0,0.0,0.0,30.0,0.0,0.0,0.0,0.0,0.0,0.6666666666666666,0.9428090415820634,1.6666666666666667,1.699673171197595,2.319272486772487,10.666609432733225,7.962024194983958,1.5331754098160812,54.65912698412698,53.61059053887049,79.67541306793443,28.455237305717937,76.8886111111111,59.50468659699144,81.89213741014858,23.23296486386932,134.60574735449734,29.00213486739617,44.00352598068768,20.992608959365928,14.0
44,87_1,87,6.848,1.578942895315301,3.0,0.816496580927726,15.333333333333334,21.684607956387456,5.666666666666667,8.013876853447538,3.0,2.160246899469287,0.0,0.0,6.0,4.96655480858378,1.3333333333333333,1.8856180831641267,0.0,0.0,0.0,0.0,0.0,0.0,0.0,0.0,0.0,0.0,0.3333333333333333,0.4714045207910317,1.6666666666666667,1.699673171197595,6.333333333333333,8.956685895029603,6.0,4.546060565661952,0.0,0.0,0.0,0.0,29.666666666666668,0.4714045207910317,0.0,0.0,0.0,0.0,0.0,0.0,0.0,0.0,1.4706084656084653,5.933928187861488,6.59132990783452,1.420348874242176,101.33917989417988,11.709695161735564,58.97829666751769,10.589238053154968,31.875052910052915,91.3798794710282,77.2906737170929,20.472314929169848,169.53681878306878,49.08684389919226,63.28926025635614,17.664725891072678,14.0
45,87_1,87,5.427,1.5774086344381406,2.333333333333333,0.4714045207910317,2.0,2.8284271247461903,0.0,0.0,4.333333333333333,4.189935029992178,0.0,0.0,7.666666666666667,7.0395706939809575,1.3333333333333333,1.8856180831641267,0.0,0.0,0.0,0.0,0.0,0.0,0.0,0.0,0.0,0.0,0.0,0.0,0.0,0.0,4.666666666666667,2.494438257849294,4.666666666666667,3.858612300930076,0.0,0.0,0.3333333333333333,0.4714045207910317,29.666666666666668,0.4714045207910317,0.0,0.0,0.0,0.0,0.0,0.0,0.6666666666666666,0.9428090415820634,1.062830687830688,4.489261474107564,3.831929068867856,1.4207529505267618,110.3776455026455,24.8700021057118,48.55260704180523,22.42476956670229,62.23121693121694,55.130189691272655,94.08806104618893,28.40062651396752,175.4423941798942,61.70820092670963,77.09614385966502,40.548261443802765,14.0
46,87_1,87,4.270333333333333,3.196802603991821,1.6666666666666667,1.247219128924647,0.3333333333333333,0.4714045207910317,0.0,0.0,2.0,2.160246899469287,0.0,0.0,6.0,5.354126134736337,0.0,0.0,0.0,0.0,0.0,0.0,0.0,0.0,0.0,0.0,0.0,0.0,0.0,0.0,1.6666666666666667,2.357022603955158,0.3333333333333333,0.4714045207910317,10.333333333333334,11.14550233153366,0.0,0.0,0.0,0.0,30.0,0.0,0.0,0.0,0.0,0.0,0.0,0.0,0.0,0.0,2.6158994708994707,5.705243212955748,4.089837914418587,2.054065040036827,47.13646825396825,65.749888208402,64.03843570951265,29.28883380221585,-47.22015873015872,54.00615954775908,111.09881176761992,17.351084268079116,126.9152843915344,18.05426174139604,35.87978473799377,7.462052489783347,14.0
47,87_1,87,5.522666666666666,1.0120811342092202,2.6666666666666665,0.4714045207910317,0.6666666666666666,0.9428090415820634,0.6666666666666666,0.9428090415820634,6.0,7.118052168020874,0.0,0.0,4.0,2.943920288775949,0.0,0.0,0.0,0.0,0.0,0.0,0.0,0.0,0.0,0.0,0.0,0.0,0.0,0.0,0.6666666666666666,0.9428090415820634,2.6666666666666665,1.247219128924647,4.333333333333333,2.494438257849294,0.0,0.0,0.3333333333333333,0.4714045207910317,30.0,0.0,0.0,0.0,0.0,0.0,0.0,0.0,0.0,0.0,1.023809523809524,3.738350891065695,6.483452877274736,1.3682146442438567,80.36083333333333,29.363216998482983,60.80703673239211,17.38938198787375,62.00924603174604,2.7441095546729497,105.5240450389605,25.71459827057945,135.12791666666666,45.47464990931761,36.73876327931739,15.98068981995683,14.0
48,87_1,87,6.549,5.726840490183046,2.0,1.4142135623730951,30.0,26.770630673681683,21.666666666666668,30.641293851417057,4.333333333333333,4.189935029992178,0.0,0.0,2.333333333333333,2.6246692913372702,3.333333333333333,2.494438257849294,0.0,0.0,0.0,0.0,0.0,0.0,0.0,0.0,0.0,0.0,0.0,0.0,0.0,0.0,4.0,4.320493798938574,4.333333333333333,3.0912061651652345,0.0,0.0,0.0,0.0,30.0,0.0,0.0,0.0,0.0,0.0,0.0,0.0,0.6666666666666666,0.9428090415820634,1.3717592592592591,3.082157836764208,5.105690260446708,1.836535820880037,90.98611111111111,32.6545586498621,44.677714506117006,12.016662722710633,81.15555555555555,38.52679222483754,95.46922918457727,42.0513181985534,135.16666666666666,29.21033061010868,47.069665926211655,8.073512709174336,14.0
49,87_1,87,6.301333333333333,1.3226151703684972,3.0,0.0,14.0,16.391054470858997,13.333333333333334,16.779617264870957,3.333333333333333,4.714045207910316,0.0,0.0,3.0,2.943920288775949,0.0,0.0,0.0,0.0,0.0,0.0,0.0,0.0,0.3333333333333333,0.4714045207910317,0.0,0.0,0.0,0.0,3.333333333333333,4.714045207910316,6.666666666666667,6.79869268479038,8.333333333333334,6.548960901462833,0.0,0.0,0.0,0.0,29.666666666666668,0.4714045207910317,0.0,0.0,0.0,0.0,0.0,0.0,0.0,0.0,4.090674603174603,6.933528785028904,6.19872353236459,3.1619560080367486,91.18197089947093,29.599406699269903,66.60713059927474,28.62865698443383,70.29170634920635,43.74199103567479,86.33715263001126,37.66663789485549,136.0510912698413,35.61089554033497,46.27148058853203,17.686002783084536,14.0
50,87_1,87,4.275333333333333,2.1832161800630026,2.333333333333333,0.9428090415820634,14.666666666666666,14.839886193034712,3.333333333333333,4.027681991198191,5.333333333333333,6.18241233033047,0.0,0.0,2.333333333333333,1.247219128924647,0.6666666666666666,0.4714045207910317,0.0,0.0,1.3333333333333333,1.8856180831641267,0.6666666666666666,0.9428090415820634,0.3333333333333333,0.4714045207910317,0.0,0.0,0.0,0.0,3.333333333333333,4.714045207910316,5.333333333333333,6.18241233033047,7.666666666666667,8.178562764256865,0.0,0.0,0.0,0.0,29.33333333333333,0.9428090415820634,0.0,0.0,0.0,0.0,0.0,0.0,0.3333333333333333,0.4714045207910317,-0.535740740740741,9.39329067682721,8.571427404759731,5.117514320553051,62.49009259259259,42.32320471955303,72.7797092212412,32.630056429468546,52.52407407407407,58.514975806967456,77.83283197998155,37.12560417860117,164.71208333333334,67.108825800689,74.86938131840827,32.30624040796744,14.0
51,87_1,87,7.423333333333335,3.282329084997759,3.0,0.816496580927726,3.0,4.242640687119285,13.0,12.569805089976535,8.0,11.31370849898476,0.0,0.0,1.3333333333333333,1.8856180831641267,0.0,0.0,0.0,0.0,0.0,0.0,0.0,0.0,0.0,0.0,0.0,0.0,0.0,0.0,0.0,0.0,0.3333333333333333,0.4714045207910317,6.0,6.48074069840786,0.0,0.0,0.0,0.0,19.666666666666668,13.224556283251582,0.0,0.0,0.0,0.0,0.0,0.0,0.0,0.0,-1.9262566137566133,1.532835734577202,4.234504564026613,2.6175667853226674,65.16703703703703,51.80084131332401,34.0081096945618,7.657845767297426,70.13780423280424,66.52451244486703,46.73751684998269,18.85995689966812,73.71284391534391,53.42613278919658,26.55605398759231,14.931737854927196,14.0
52,87_1,87,2.497666666666667,2.195080307313506,1.0,0.816496580927726,0.0,0.0,0.0,0.0,4.666666666666667,3.6817870057290873,0.0,0.0,1.3333333333333333,1.247219128924647,0.0,0.0,0.0,0.0,0.0,0.0,0.0,0.0,0.0,0.0,0.0,0.0,0.0,0.0,0.0,0.0,5.0,3.559026084010437,3.6666666666666665,2.867441755680876,0.0,0.0,0.0,0.0,23.33333333333333,9.428090415820632,0.0,0.0,0.0,0.0,0.0,0.0,0.3333333333333333,0.4714045207910317,-1.603174603174603,5.51849826187012,7.025519781444056,2.3243471262268205,58.02394179894179,38.01250171497679,55.14775813281492,14.995917300723738,59.86884920634921,55.558832409737605,69.13335966400108,11.283230854799791,87.93773148148148,27.056017708505625,62.804106248120014,30.236651157503488,14.0
53,87_1,87,3.411333333333333,2.1024383198773964,2.0,0.816496580927726,1.0,1.4142135623730951,1.0,1.4142135623730951,6.0,5.887840577551898,1.0,1.4142135623730951,4.333333333333333,2.494438257849294,0.0,0.0,0.0,0.0,0.0,0.0,0.0,0.0,0.0,0.0,0.0,0.0,0.0,0.0,0.3333333333333333,0.4714045207910317,5.666666666666667,6.018490028422596,6.666666666666667,6.64997911442,0.0,0.0,0.0,0.0,29.33333333333333,0.9428090415820634,0.0,0.0,0.0,0.0,0.0,0.0,1.0,0.816496580927726,-0.3035714285714288,9.135551758568528,6.578780447611386,4.184590332842752,84.57579365079366,10.9189017433498,66.1584595882881,6.259129253875317,71.66607142857143,39.25824375961778,90.24084069288313,31.91430545867489,171.30416666666667,47.809465711029176,85.3149174528882,35.170307597456315,14.0
54,87_1,87,3.904666666666666,3.6256218163999887,1.6666666666666667,1.247219128924647,0.0,0.0,0.0,0.0,7.0,5.715476066494082,0.0,0.0,3.0,1.632993161855452,0.0,0.0,0.3333333333333333,0.4714045207910317,0.0,0.0,0.0,0.0,0.0,0.0,0.0,0.0,0.3333333333333333,0.4714045207910317,1.3333333333333333,1.8856180831641267,7.0,6.164414002968976,6.333333333333333,4.189935029992179,0.0,0.0,0.0,0.0,29.0,0.816496580927726,0.0,0.0,0.0,0.0,0.0,0.0,3.6666666666666665,5.185449728701348,0.2012698412698418,9.782803684731102,7.367800871136197,3.402557395727691,90.53603174603175,21.95557461389599,52.88351321901485,10.12451311426767,86.15011904761904,61.68181545506404,68.22791532425934,13.847062011467392,142.90228174603172,70.58608600751157,41.69844452257374,36.59581074064413,13.666666666666666
55,87_1,87,4.924,1.332609720310739,1.6666666666666667,0.4714045207910317,3.6666666666666665,5.185449728701348,0.0,0.0,3.6666666666666665,4.496912521077348,0.0,0.0,3.6666666666666665,2.0548046676563256,1.0,1.4142135623730951,0.0,0.0,0.0,0.0,0.0,0.0,0.0,0.0,0.0,0.0,0.0,0.0,1.3333333333333333,1.8856180831641267,5.333333333333333,4.109609335312651,10.333333333333334,5.557777333511022,0.0,0.0,0.0,0.0,27.666666666666668,0.9428090415820634,0.0,0.0,0.0,0.0,0.0,0.0,1.0,1.4142135623730951,1.3107010582010588,8.68833024351371,7.526225271565914,5.165937228248335,96.55107142857145,22.180537736494248,69.3053747388701,19.04802856197644,73.55850529100529,42.73674235485191,97.19887451247628,28.80964899134647,174.79262566137564,49.241571600608026,70.53164159113071,24.548414573396045,13.666666666666666
56,87_1,87,5.076333333333333,0.9911805531228352,3.0,0.0,6.0,8.48528137423857,2.6666666666666665,3.771236166328253,9.333333333333334,7.363574011458175,1.0,1.4142135623730951,2.6666666666666665,3.771236166328253,0.0,0.0,0.0,0.0,1.3333333333333333,1.8856180831641267,1.0,1.4142135623730951,0.3333333333333333,0.4714045207910317,0.0,0.0,0.0,0.0,1.0,1.4142135623730951,6.666666666666667,7.408703590297622,22.0,4.898979485566356,0.0,0.0,1.3333333333333333,1.8856180831641267,26.0,3.265986323710904,0.0,0.0,0.0,0.0,0.0,0.0,0.3333333333333333,0.4714045207910317,-0.2457407407407406,12.630862867453118,9.4229827878832,6.495471230861102,91.49370370370372,57.86775495778798,69.55770676762516,41.37622041528911,69.93185185185185,98.41408707727656,70.33141004308256,31.85163380040462,226.057962962963,69.84077144465277,69.01104433563214,25.624881045265667,13.666666666666666
57,87_1,87,4.322,1.6136259376530444,2.333333333333333,0.9428090415820634,0.0,0.0,0.0,0.0,3.333333333333333,1.699673171197595,0.3333333333333333,0.4714045207910317,6.666666666666667,4.642796092394707,1.3333333333333333,0.9428090415820634,0.0,0.0,1.6666666666666667,2.357022603955158,0.3333333333333333,0.4714045207910317,0.3333333333333333,0.4714045207910317,0.0,0.0,0.0,0.0,3.333333333333333,4.714045207910316,3.0,1.632993161855452,5.666666666666667,2.0548046676563256,0.0,0.0,0.0,0.0,26.33333333333333,2.0548046676563256,0.0,0.0,0.0,0.0,0.0,0.0,1.6666666666666667,2.357022603955158,1.5546296296296294,6.450811961738339,7.0451295138168,2.9006368021224738,60.28425925925927,37.32808083733516,86.70213718674079,18.27719284070606,18.698148148148142,54.11403788634593,114.11486017781785,14.438580660653852,187.33703703703705,95.69669494433012,66.53573039450953,25.79194609543288,14.0
58,87_1,87,4.421333333333333,1.9037969662988985,2.333333333333333,0.9428090415820634,8.0,5.887840577551898,7.666666666666667,3.39934634239519,10.0,7.071067811865476,0.0,0.0,3.6666666666666665,1.247219128924647,1.0,1.4142135623730951,0.0,0.0,0.0,0.0,0.0,0.0,0.0,0.0,0.0,0.0,0.0,0.0,0.0,0.0,2.0,2.160246899469287,7.666666666666667,5.557777333511022,0.0,0.0,0.0,0.0,28.33333333333333,2.3570226039551585,0.0,0.0,0.0,0.0,0.0,0.0,0.0,0.0,1.476018518518518,3.923345175080289,4.841757884779081,1.2837508621982257,82.30083333333333,31.043267327195714,60.64932888195481,3.645960500417986,45.46141975308641,40.70595392187529,96.63985840501203,28.526173065315227,154.5121913580247,45.15852396042727,63.94476209767024,11.813724444792824,14.0
59,87_1,87,6.281666666666666,2.41030237844872,2.6666666666666665,1.247219128924647,5.333333333333333,7.542472332656507,2.6666666666666665,3.771236166328253,8.666666666666666,9.46337971105226,0.0,0.0,6.0,6.377042156569663,0.3333333333333333,0.4714045207910317,0.0,0.0,0.3333333333333333,0.4714045207910317,0.3333333333333333,0.4714045207910317,0.0,0.0,0.0,0.0,0.0,0.0,1.6666666666666667,2.357022603955158,10.0,5.715476066494082,11.666666666666666,6.128258770283412,0.0,0.0,0.0,0.0,28.0,2.160246899469287,0.0,0.0,0.0,0.0,0.0,0.0,1.6666666666666667,2.357022603955158,1.5162301587301588,8.42451431072867,8.510755030400473,1.4070317272250417,82.43633597883598,57.34451768292669,69.88759495585128,33.66980822295356,122.17945767195766,14.452070773177075,73.89739452403403,17.830439048763107,201.47705687830685,25.997873578838234,71.7409331628196,23.10747440819721,14.0
60,87_1,87,5.438666666666667,1.5529930957848963,2.6666666666666665,0.4714045207910317,7.666666666666667,6.548960901462833,3.0,4.242640687119285,11.333333333333334,12.036980056845191,1.0,1.4142135623730951,1.0,1.4142135623730951,0.0,0.0,0.6666666666666666,0.9428090415820634,3.333333333333333,4.714045207910316,2.333333333333333,3.2998316455372216,2.0,2.8284271247461903,0.0,0.0,0.0,0.0,1.6666666666666667,2.357022603955158,8.666666666666666,8.9566858950296,16.666666666666668,12.229290885229428,0.0,0.0,0.3333333333333333,0.4714045207910317,22.0,5.887840577551898,0.0,0.0,0.0,0.0,0.0,0.0,1.0,0.816496580927726,4.708703703703703,10.15074756854264,5.013826115849124,3.3234514703714364,57.105555555555554,91.0645785645319,77.61502269864407,38.79488461739024,123.3375925925926,45.72944842165982,44.360786960766205,30.896683886468512,259.4166666666667,149.4811153763801,67.02040729847153,53.63054421963194,13.0
61,87_1,87,5.252,3.028830247251679,2.0,0.816496580927726,32.666666666666664,45.492368102304326,1.3333333333333333,1.8856180831641267,5.333333333333333,7.542472332656507,0.0,0.0,7.333333333333333,8.339997335464536,0.0,0.0,0.6666666666666666,0.9428090415820634,2.333333333333333,3.2998316455372216,0.6666666666666666,0.9428090415820634,1.3333333333333333,1.8856180831641267,0.0,0.0,0.6666666666666666,0.9428090415820634,4.666666666666667,6.599663291074443,6.0,5.354126134736337,13.333333333333334,2.494438257849294,0.0,0.0,0.0,0.0,28.33333333333333,1.699673171197595,0.0,0.0,0.0,0.0,0.0,0.0,2.0,2.8284271247461903,-3.633333333333333,16.473890678102553,12.02964103125263,8.877346095328281,84.37222222222222,63.20338361683878,68.47513506218746,43.784934184585886,58.525,111.38198184459472,77.46165026941357,22.5892915785454,243.8611111111111,94.63037745455398,102.64436703326294,96.51274223658751,13.0
62,87_1,87,6.579666666666667,3.8707054768980926,3.0,1.4142135623730951,8.666666666666666,10.873004286866728,0.6666666666666666,0.4714045207910317,3.333333333333333,4.027681991198191,0.0,0.0,8.666666666666666,10.143416036468626,0.0,0.0,1.0,1.4142135623730951,1.0,1.4142135623730951,0.3333333333333333,0.4714045207910317,0.6666666666666666,0.9428090415820634,0.0,0.0,1.0,1.4142135623730951,2.333333333333333,3.2998316455372216,3.0,1.4142135623730951,13.333333333333334,7.133644853010899,0.0,0.0,0.0,0.0,28.33333333333333,2.3570226039551585,0.0,0.0,0.0,0.0,0.0,0.0,2.0,1.4142135623730951,0.0755555555555561,11.294641314711305,8.922433669083404,5.952917382527136,76.41842592592592,53.810663068704976,74.0119462729888,32.827715646513944,41.34611111111111,86.18288055418712,106.03310223960403,0.711125521552735,216.7101851851852,53.29386845630296,94.17114126598612,87.11726751344665,13.0
63,87_1,87,4.187333333333333,2.6185383115182583,2.333333333333333,0.4714045207910317,32.0,32.16623488483952,5.0,3.741657386773941,7.666666666666667,6.128258770283412,0.6666666666666666,0.9428090415820634,12.0,11.343133018115704,0.6666666666666666,0.9428090415820634,0.0,0.0,0.3333333333333333,0.4714045207910317,0.0,0.0,0.0,0.0,0.0,0.0,0.0,0.0,0.0,0.0,7.0,5.0990195135927845,12.666666666666666,1.699673171197595,0.0,0.0,0.0,0.0,29.33333333333333,0.9428090415820634,0.0,0.0,0.0,0.0,0.0,0.0,0.3333333333333333,0.4714045207910317,-3.860555555555554,10.412371094553803,11.456045398861688,5.517556644884404,109.43425925925926,9.867204776923378,47.30787265362957,8.21230522492367,-28.83111111111112,85.1033105989251,85.01513029835591,1.080559879866727,169.06009259259258,22.20265200803692,47.02091295939034,10.12689137165485,13.0
64,87_1,87,3.188,1.4835210368129823,1.6666666666666667,0.4714045207910317,0.0,0.0,0.0,0.0,3.333333333333333,4.714045207910316,0.6666666666666666,0.9428090415820634,4.333333333333333,3.0912061651652345,10.333333333333334,6.599663291074444,0.0,0.0,0.0,0.0,0.0,0.0,0.0,0.0,0.0,0.0,0.0,0.0,0.0,0.0,3.0,2.943920288775949,4.666666666666667,1.8856180831641267,0.0,0.0,0.0,0.0,28.0,2.8284271247461903,0.3333333333333333,0.4714045207910317,0.0,0.0,0.0,0.0,2.6666666666666665,3.771236166328253,0.7403835978835978,3.33901413859712,8.284616500779793,4.668508232848193,48.960780423280426,55.248371145049006,64.30921162333043,18.1241310031646,-14.445714285714285,71.89391590306894,80.96582467202667,4.63449981371334,108.51200396825396,41.82960721401294,59.52565105327511,23.99640901684156,14.0
65,87_1,87,4.041333333333333,2.82415784890922,2.0,0.816496580927726,10.333333333333334,14.613540144521982,3.0,4.242640687119285,0.3333333333333333,0.4714045207910317,0.0,0.0,7.333333333333333,4.988876515698588,2.333333333333333,1.247219128924647,0.0,0.0,0.0,0.0,0.0,0.0,0.0,0.0,0.0,0.0,0.0,0.0,0.6666666666666666,0.9428090415820634,2.333333333333333,2.6246692913372702,5.666666666666667,4.189935029992179,0.0,0.0,0.0,0.0,27.666666666666668,3.299831645537222,0.0,0.0,0.0,0.0,0.0,0.0,0.0,0.0,2.1742989417989413,5.362485933980273,6.31618377120115,2.736207664742349,90.946455026455,28.75524064908551,45.53388264430486,22.84622302001105,80.44260582010583,77.10494006630324,53.70383451367754,32.73536151647888,140.0790806878307,36.41521724310081,79.55446103194204,44.95133697024991,13.666666666666666
66,87_1,87,4.208333333333333,0.931487102552806,2.6666666666666665,0.4714045207910317,26.666666666666668,18.873850222522755,17.0,15.513435037626794,2.6666666666666665,3.091206165165235,0.0,0.0,7.333333333333333,10.370899457402697,2.0,2.8284271247461903,0.0,0.0,0.0,0.0,0.0,0.0,0.0,0.0,0.0,0.0,0.0,0.0,8.333333333333334,10.402991022884825,2.0,1.4142135623730951,9.333333333333334,5.312459150169743,0.0,0.0,0.0,0.0,29.666666666666668,0.4714045207910317,0.0,0.0,0.0,0.0,0.0,0.0,0.6666666666666666,0.9428090415820634,3.114589947089947,8.166673471077461,7.753079065853619,3.8537633347808375,116.65730158730156,10.688476308228,59.85983432640342,29.56058914448524,86.56510582010583,48.3790725212637,85.66869940161378,21.443169257752498,150.5990277777778,34.58809134066262,45.43837716796357,16.890537105050342,12.666666666666666
67,87_1,87,4.135666666666666,2.604215855535448,2.333333333333333,1.247219128924647,41.0,36.17549815367671,12.0,12.83225103661344,6.0,4.898979485566356,0.0,0.0,14.0,12.027745701779144,0.3333333333333333,0.4714045207910317,0.0,0.0,2.6666666666666665,3.771236166328253,2.0,2.8284271247461903,2.0,2.8284271247461903,0.0,0.0,0.0,0.0,4.666666666666667,5.9066817155564495,11.0,4.242640687119285,8.666666666666666,4.921607686744467,0.0,0.0,0.3333333333333333,0.4714045207910317,27.0,4.242640687119285,0.0,0.0,0.0,0.0,0.0,0.0,4.333333333333333,1.247219128924647,0.5483333333333332,6.065615904118584,7.523112989540621,4.080507823145707,91.20111111111112,55.96693759998834,72.60085318631725,44.59170525703092,85.52111111111111,19.803352705919817,102.91754864880198,34.95358049443197,191.7108333333333,33.64210080087592,83.8277469804514,26.76244002581093,13.0
68,87_1,87,5.913666666666667,2.0944334688778143,2.333333333333333,0.4714045207910317,33.666666666666664,46.20485784946091,3.6666666666666665,5.185449728701348,4.666666666666667,4.642796092394706,0.3333333333333333,0.4714045207910317,9.333333333333334,12.498888839501785,1.0,1.4142135623730951,0.0,0.0,0.0,0.0,0.0,0.0,0.0,0.0,0.0,0.0,0.0,0.0,1.6666666666666667,2.357022603955158,4.0,2.8284271247461903,8.333333333333334,1.699673171197595,0.0,0.0,0.0,0.0,27.0,4.242640687119285,0.0,0.0,0.0,0.0,0.0,0.0,0.3333333333333333,0.4714045207910317,-0.8851851851851853,6.082350814168136,7.014954115934201,2.5246301172060943,91.5138888888889,32.32190257089563,64.4177580011433,27.78616887874237,40.63425925925925,51.28668697599735,111.80003135902774,27.713976301894657,137.83194444444447,28.20148331675893,46.04558417470745,22.06667212502852,13.0
69,87_1,87,6.240333333333333,2.51475808423439,3.0,0.816496580927726,8.333333333333334,7.93025150224688,22.666666666666668,27.25598812901284,1.6666666666666667,1.247219128924647,0.0,0.0,9.666666666666666,12.970050972229147,0.0,0.0,0.0,0.0,0.0,0.0,0.0,0.0,0.3333333333333333,0.4714045207910317,0.0,0.0,0.0,0.0,4.666666666666667,6.599663291074443,3.333333333333333,1.247219128924647,8.0,1.632993161855452,0.0,0.0,0.0,0.0,26.0,4.96655480858378,0.0,0.0,0.0,0.0,0.0,0.0,2.333333333333333,2.0548046676563256,1.895,6.6655237909265175,7.809086702130031,3.6220795475784735,99.53,33.95038446844977,60.58573437074073,16.431805428708493,30.70555555555556,32.17114414241587,99.99155693625671,27.67304837342908,156.00694444444443,65.76510813723695,66.28818099170012,31.90079307801065,12.666666666666666
70,87_1,87,5.349,2.967467045590678,2.333333333333333,0.9428090415820634,0.0,0.0,0.0,0.0,6.0,4.898979485566356,0.3333333333333333,0.4714045207910317,7.333333333333333,6.847546194724712,2.6666666666666665,3.771236166328253,0.0,0.0,0.0,0.0,0.0,0.0,0.0,0.0,0.0,0.0,0.0,0.0,1.6666666666666667,1.699673171197595,8.333333333333334,9.741092797468305,9.333333333333334,7.586537784494029,0.0,0.0,0.0,0.0,29.666666666666668,0.4714045207910317,0.0,0.0,0.0,0.0,0.0,0.0,0.6666666666666666,0.4714045207910317,0.1995238095238093,6.09593400458527,7.802175820166684,4.557753094165662,103.89433862433862,15.687589256018494,59.22583277242311,21.97161999243725,49.56063492063492,68.28011992130376,99.78246341950656,35.23181559314329,151.88923280423282,32.26640460770278,50.95539175431086,24.82754025380337,13.0
71,87_1,87,5.955333333333333,3.6648796554442127,2.0,0.816496580927726,0.0,0.0,0.0,0.0,2.333333333333333,1.699673171197595,0.6666666666666666,0.4714045207910317,8.0,10.614455552060438,7.0,8.524474568362947,0.0,0.0,0.3333333333333333,0.4714045207910317,0.0,0.0,0.0,0.0,0.0,0.0,0.0,0.0,1.0,1.4142135623730951,6.666666666666667,5.734883511361751,6.0,4.898979485566356,0.0,0.0,0.0,0.0,29.0,1.4142135623730951,0.0,0.0,0.0,0.0,0.0,0.0,0.3333333333333333,0.4714045207910317,-0.80962962962963,7.124736748199089,7.651445601042599,3.2238923143639777,81.72814814814814,35.55431081829685,68.49305268784103,23.254787718089144,21.915,71.6382347664477,106.78230965141186,15.756199013127135,198.73712962962964,31.502027067782265,75.60285256276023,12.568904528452332,13.0
72,87_1,87,3.168333333333333,0.677064415120321,2.333333333333333,0.4714045207910317,0.0,0.0,0.0,0.0,2.0,2.8284271247461903,0.0,0.0,8.666666666666666,5.734883511361751,3.0,2.943920288775949,0.0,0.0,0.0,0.0,0.0,0.0,0.0,0.0,0.0,0.0,0.0,0.0,0.6666666666666666,0.9428090415820634,5.0,2.943920288775949,4.666666666666667,1.699673171197595,0.0,0.0,0.0,0.0,29.0,1.4142135623730951,0.0,0.0,0.0,0.0,0.0,0.0,0.6666666666666666,0.9428090415820634,-5.111574074074075,11.40449869346503,9.583804101076934,7.534345638755799,102.00767195767196,23.82831441571636,48.58152073787648,14.627198372123967,11.510092592592594,81.21594851205407,93.40307658622976,30.83958102357114,213.6511507936508,38.558341395095255,75.43474062081044,29.2644953744196,12.666666666666666
73,87_1,87,3.5540000000000003,1.934796630139716,2.333333333333333,1.247219128924647,0.0,0.0,0.0,0.0,2.333333333333333,2.6246692913372702,0.0,0.0,8.333333333333334,10.402991022884825,2.333333333333333,2.6246692913372702,0.0,0.0,0.0,0.0,0.0,0.0,0.0,0.0,0.0,0.0,0.0,0.0,2.333333333333333,3.2998316455372216,2.333333333333333,2.6246692913372702,8.666666666666666,4.784233364802441,0.0,0.0,0.0,0.0,27.666666666666668,2.6246692913372702,0.0,0.0,0.0,0.0,0.0,0.0,0.0,0.0,1.3648015873015868,5.564342334867034,5.561974773934125,0.7886662557570583,95.68203703703703,29.21759436081616,59.08790099116052,22.000531635878307,35.734775132275125,91.43435549723742,87.52638104162224,12.736052075962936,195.92838624338623,17.656910072075767,78.21611325883694,35.40931001293363,12.666666666666666
74,87_1,87,2.212666666666667,3.129183209010868,0.3333333333333333,0.4714045207910317,0.0,0.0,0.0,0.0,6.666666666666667,5.312459150169743,0.6666666666666666,0.9428090415820634,7.666666666666667,9.46337971105226,1.0,0.816496580927726,0.0,0.0,0.0,0.0,0.0,0.0,0.0,0.0,0.0,0.0,0.0,0.0,0.0,0.0,7.333333333333333,8.259674462242579,6.333333333333333,3.299831645537222,0.0,0.0,0.0,0.0,28.666666666666668,0.9428090415820634,0.0,0.0,0.0,0.0,0.0,0.0,0.0,0.0,-1.9597089947089952,8.26436823341797,9.138044128776697,2.646675380323192,93.87165343915343,8.523748706980419,62.9529382444915,11.388675886437216,12.504166666666668,87.73669469754725,93.482294781679,14.576769059868097,181.0018187830688,15.4072793796822,56.30056852417662,16.145407906636397,12.666666666666666
75,87_1,87,1.009,1.426941484434453,0.3333333333333333,0.4714045207910317,1.3333333333333333,1.8856180831641267,0.0,0.0,2.333333333333333,3.2998316455372216,0.0,0.0,8.0,6.97614984548545,0.0,0.0,0.0,0.0,1.3333333333333333,1.8856180831641267,0.0,0.0,0.3333333333333333,0.4714045207910317,0.0,0.0,0.0,0.0,7.0,9.899494936611664,3.0,1.4142135623730951,4.666666666666667,3.39934634239519,0.0,0.0,0.0,0.0,29.0,0.816496580927726,0.0,0.0,0.0,0.0,0.0,0.0,0.3333333333333333,0.4714045207910317,2.6370370370370364,9.602200250831288,7.259100743991008,3.6233367987689866,80.64259259259258,36.4945303087383,68.50365332076628,26.50930920462888,-29.094259259259264,88.4050842651988,80.32101410765954,25.08603857732757,177.85583333333332,27.66578995431536,46.181259170494506,22.8932569886416,9.333333333333332
76,87_1,87,3.316333333333333,3.6180842383166754,1.0,0.816496580927726,0.6666666666666666,0.9428090415820634,0.0,0.0,7.666666666666667,7.586537784494028,0.3333333333333333,0.4714045207910317,3.6666666666666665,4.496912521077348,1.3333333333333333,0.9428090415820634,0.6666666666666666,0.9428090415820634,0.3333333333333333,0.4714045207910317,0.0,0.0,0.3333333333333333,0.4714045207910317,0.0,0.0,0.6666666666666666,0.9428090415820634,2.6666666666666665,3.771236166328253,8.666666666666666,11.556623882239812,6.333333333333333,8.259674462242579,0.0,0.0,0.0,0.0,26.0,2.943920288775949,0.0,0.0,0.0,0.0,0.0,0.0,0.0,0.0,3.503201058201057,9.572678728962284,7.433246616188547,1.646284684075056,88.72010582010581,44.4501969093952,61.28562886626455,20.40649668371434,30.45083333333333,80.40414650409168,79.07218954849519,12.63579815803164,195.74069444444444,40.995013219735846,86.2067291535689,30.977482790047187,10.333333333333334
77,87_1,87,4.266333333333333,3.483174446137061,0.6666666666666666,0.4714045207910317,1.0,1.4142135623730951,1.6666666666666667,2.357022603955158,4.333333333333333,3.2998316455372216,0.0,0.0,10.333333333333334,7.542472332656507,1.6666666666666667,1.247219128924647,0.0,0.0,0.3333333333333333,0.4714045207910317,0.0,0.0,0.0,0.0,0.0,0.0,0.0,0.0,0.0,0.0,6.666666666666667,7.408703590297622,7.666666666666667,2.6246692913372702,0.0,0.0,0.0,0.0,28.0,1.4142135623730951,0.0,0.0,0.0,0.0,0.0,0.0,0.3333333333333333,0.4714045207910317,0.963703703703704,5.4993013086574845,5.62068228281575,2.2500210371040263,105.26296296296296,7.124042904937162,63.37001357708953,3.9968577705295134,43.79333333333333,57.26671696378884,105.06529558519044,23.488410074656944,159.65416666666667,32.39211320984767,46.0122744375004,7.4016360305464,10.333333333333334
78,87_1,87,1.781666666666667,1.404904346289178,0.6666666666666666,0.4714045207910317,1.0,1.4142135623730951,1.0,1.4142135623730951,5.333333333333333,6.18241233033047,0.0,0.0,8.0,8.04155872120988,2.0,1.4142135623730951,0.0,0.0,1.0,1.4142135623730951,0.0,0.0,0.0,0.0,0.0,0.0,0.0,0.0,2.0,2.160246899469287,6.333333333333333,3.858612300930076,9.666666666666666,4.109609335312651,0.0,0.0,0.0,0.0,23.0,6.48074069840786,0.0,0.0,0.0,0.0,0.0,0.0,1.3333333333333333,1.8856180831641267,1.1682275132275135,6.178452108057091,5.977290110979806,2.3789964073825978,107.7661507936508,8.653148638059772,63.210604866910025,3.59481712217367,50.11205026455027,59.507855707854674,109.93064323139993,37.77813352654441,165.17002645502646,56.97617887240752,70.99844078996556,25.449653931318952,13.666666666666666
79,87_1,87,4.151,3.721747528603555,1.3333333333333333,0.9428090415820634,5.0,7.071067811865476,0.0,0.0,9.333333333333334,12.498888839501785,0.3333333333333333,0.4714045207910317,8.333333333333334,6.548960901462833,0.0,0.0,0.0,0.0,0.0,0.0,0.0,0.0,0.0,0.0,0.0,0.0,0.0,0.0,2.333333333333333,3.2998316455372216,10.333333333333334,8.178562764256865,8.333333333333334,7.93025150224688,0.0,0.0,0.0,0.0,24.33333333333333,6.018490028422596,0.0,0.0,0.0,0.0,0.0,0.0,0.0,0.0,-4.200873015873015,12.879050559853209,11.3840813487112,8.641106475245108,107.29690476190476,8.277978250931955,54.8314830540952,13.885505674833812,95.59269841269844,63.17646629610896,63.05117713866369,27.27933690840076,179.69343915343916,10.366180693044257,57.0140107024939,15.51840714392336,13.666666666666666
80,87_1,87,4.322666666666667,1.4102066830393654,1.6666666666666667,0.4714045207910317,5.333333333333333,7.542472332656507,1.6666666666666667,2.357022603955158,2.6666666666666665,3.771236166328253,0.0,0.0,10.0,11.31370849898476,1.0,1.4142135623730951,0.0,0.0,0.6666666666666666,0.9428090415820634,0.0,0.0,0.3333333333333333,0.4714045207910317,0.0,0.0,0.0,0.0,4.666666666666667,6.599663291074443,4.666666666666667,2.357022603955158,10.0,3.559026084010437,0.0,0.0,0.0,0.0,29.666666666666668,0.4714045207910317,0.0,0.0,0.0,0.0,0.3333333333333333,0.4714045207910317,0.6666666666666666,0.9428090415820634,-2.913571428571428,13.09075446619984,11.743842205446157,9.03193209716374,82.81455026455028,29.06965414610348,86.86369088146067,17.630210484828954,88.12658730158729,67.84630551474166,68.1268262318601,35.007542283045865,169.1133201058201,33.66555695420905,43.82458435078951,15.06511151735834,13.666666666666666
81,87_1,87,4.975666666666666,2.4252717144453912,2.6666666666666665,0.4714045207910317,6.666666666666667,9.428090415820632,4.0,5.656854249492381,0.3333333333333333,0.4714045207910317,0.0,0.0,9.333333333333334,10.402991022884825,0.0,0.0,0.3333333333333333,0.4714045207910317,0.6666666666666666,0.9428090415820634,0.0,0.0,0.0,0.0,0.0,0.0,0.0,0.0,6.666666666666667,9.428090415820632,1.0,0.816496580927726,10.0,0.816496580927726,0.0,0.0,0.0,0.0,30.0,0.0,0.0,0.0,0.0,0.0,0.0,0.0,0.6666666666666666,0.9428090415820634,-3.310555555555556,15.705953715033209,11.408873017801264,8.88125652087655,81.3288888888889,24.00757929446963,84.73869323892636,12.397759789121771,69.60944444444443,96.71472642790594,53.48811531977461,17.25791557790359,196.9652777777777,25.076886014642213,63.21137316857115,40.50242468239283,13.666666666666666
82,87_1,87,5.231333333333334,3.750028651742396,1.6666666666666667,0.9428090415820634,3.0,4.242640687119285,1.3333333333333333,1.8856180831641267,0.6666666666666666,0.9428090415820634,0.0,0.0,10.0,9.899494936611664,0.0,0.0,0.0,0.0,1.6666666666666667,2.357022603955158,0.0,0.0,0.6666666666666666,0.9428090415820634,0.0,0.0,0.0,0.0,8.0,11.31370849898476,0.6666666666666666,0.4714045207910317,13.333333333333334,5.90668171555645,0.0,0.0,0.3333333333333333,0.4714045207910317,29.0,1.4142135623730951,0.0,0.0,0.0,0.0,0.0,0.0,0.6666666666666666,0.9428090415820634,-3.555555555555556,15.09333053183458,11.737318991931842,7.029775318584814,57.01472222222223,55.09174266088867,85.85251785418086,25.254128331294314,30.77916666666667,91.45634324587556,86.88998600513484,7.163578135499005,193.60916666666665,17.97866035723299,77.65886689209928,49.94468858219304,14.0
83,87_1,87,3.5986666666666665,2.558271595346271,1.0,0.816496580927726,0.0,0.0,0.0,0.0,1.0,1.4142135623730951,0.0,0.0,5.333333333333333,7.542472332656507,0.0,0.0,2.6666666666666665,3.771236166328253,0.6666666666666666,0.9428090415820634,0.3333333333333333,0.4714045207910317,1.0,1.4142135623730951,0.0,0.0,2.333333333333333,3.2998316455372216,6.0,8.48528137423857,1.3333333333333333,1.8856180831641267,8.666666666666666,2.6246692913372702,0.0,0.0,0.0,0.0,26.33333333333333,5.185449728701348,0.0,0.0,0.0,0.0,0.0,0.0,0.6666666666666666,0.9428090415820634,2.193848003848004,13.76322683950911,11.50910802804957,6.58684716841913,80.29176046176046,24.35641163943957,79.34770608291768,20.647721404983976,67.54202501202502,61.73898265796585,86.50153821376415,37.04509129684886,217.17816738816737,26.83277261578388,88.24947596546923,62.92817180065481,14.0
84,87_1,87,3.2590000000000003,2.4803310262946763,1.6666666666666667,1.247219128924647,0.0,0.0,0.0,0.0,0.3333333333333333,0.4714045207910317,0.0,0.0,6.333333333333333,2.494438257849294,0.0,0.0,0.0,0.0,1.6666666666666667,2.357022603955158,0.3333333333333333,0.4714045207910317,1.0,1.4142135623730951,0.0,0.0,0.0,0.0,3.333333333333333,4.714045207910316,3.6666666666666665,1.8856180831641267,9.333333333333334,6.342099196813483,0.0,0.0,0.3333333333333333,0.4714045207910317,29.33333333333333,0.4714045207910317,0.0,0.0,0.0,0.0,0.0,0.0,0.3333333333333333,0.4714045207910317,1.9835714285714283,6.6957075887002935,7.863081192749706,3.542080318951827,81.32113756613758,34.93833951056721,75.99254446620668,19.22243549713231,69.29105820105819,37.50598763296649,101.46498947312097,30.522625518092003,208.89854497354497,57.871404125234,69.10869171291067,24.56726641294183,14.0
85,87_1,87,6.179666666666667,2.4105960996308684,2.0,0.816496580927726,4.333333333333333,6.128258770283412,0.0,0.0,3.0,2.449489742783178,0.0,0.0,1.6666666666666667,2.357022603955158,0.3333333333333333,0.4714045207910317,0.0,0.0,2.0,2.8284271247461903,0.0,0.0,0.6666666666666666,0.9428090415820634,0.0,0.0,0.0,0.0,6.333333333333333,8.956685895029603,2.6666666666666665,1.8856180831641267,8.666666666666666,5.792715732327589,0.0,0.0,0.0,0.0,28.33333333333333,1.699673171197595,0.0,0.0,0.0,0.0,0.0,0.0,1.0,0.816496580927726,0.9505026455026458,12.498311440554415,9.984378588583986,6.537800937718137,84.89715608465609,20.092584415523376,73.55377619227825,19.88348963669953,59.37272486772488,57.645266101520114,95.51280177366372,26.14487848595144,158.25737433862432,40.81563896154146,58.70518621887563,7.33920291359679,13.666666666666666
86,87_1,87,2.5236666666666667,2.0994190201630123,1.3333333333333333,0.9428090415820634,5.0,7.071067811865476,2.6666666666666665,3.771236166328253,5.0,7.071067811865476,0.0,0.0,6.0,7.118052168020874,1.6666666666666667,2.357022603955158,0.0,0.0,0.0,0.0,0.0,0.0,0.3333333333333333,0.4714045207910317,0.0,0.0,0.0,0.0,0.3333333333333333,0.4714045207910317,6.0,4.898979485566356,9.333333333333334,6.342099196813483,0.0,0.0,0.0,0.0,26.666666666666668,3.39934634239519,0.0,0.0,0.0,0.0,0.0,0.0,0.0,0.0,-0.7894444444444453,8.24244451384333,7.574198209878978,2.796944426254592,121.0381746031746,7.700902118364699,46.02020900346244,3.548602240233849,66.72751322751323,79.76695640464915,77.73797447844474,29.28687227063953,174.86964285714285,28.6604498702138,47.60564069602294,17.269585137477158,13.666666666666666
87,87_1,87,3.63,1.5620507887602972,2.6666666666666665,0.4714045207910317,16.666666666666668,23.570226039551585,0.3333333333333333,0.4714045207910317,9.0,10.03327796219494,1.0,1.4142135623730951,7.0,8.524474568362947,0.6666666666666666,0.9428090415820634,0.0,0.0,0.0,0.0,0.0,0.0,0.0,0.0,0.0,0.0,0.0,0.0,2.0,2.8284271247461903,6.666666666666667,5.312459150169743,11.333333333333334,4.714045207910316,0.0,0.0,0.0,0.0,24.0,4.898979485566356,0.0,0.0,0.0,0.0,0.0,0.0,2.6666666666666665,3.771236166328253,-3.7720105820105823,8.65586383780323,10.359609143092015,4.95656490545211,96.36838624338624,28.705244373837733,70.72021884611655,20.94147685449288,37.21544973544974,68.50393247202487,100.60126323561852,21.94727289947776,182.2758465608466,45.7887623021223,67.41341800721288,24.718887153459125,12.666666666666666
88,87_1,87,4.7363333333333335,2.288536844555684,1.6666666666666667,0.4714045207910317,1.6666666666666667,2.357022603955158,0.0,0.0,4.333333333333333,5.436502143433364,2.0,2.8284271247461903,9.333333333333334,7.133644853010899,0.6666666666666666,0.4714045207910317,0.0,0.0,0.0,0.0,0.0,0.0,0.0,0.0,0.0,0.0,0.0,0.0,0.3333333333333333,0.4714045207910317,5.333333333333333,3.858612300930075,6.0,3.559026084010437,0.0,0.0,0.0,0.0,22.666666666666668,5.734883511361751,0.0,0.0,0.0,0.0,0.0,0.0,0.0,0.0,-2.8331481481481475,6.337850408869921,8.377255215899227,6.055946749711684,96.2212037037037,21.60746510748209,62.6171649085592,11.281540473045386,2.537407407407405,77.82945248517852,97.36718022096744,39.86625565427138,152.31074074074073,37.53944757855054,65.54208307112138,16.64969502682525,12.666666666666666
89,87_1,87,4.3566666666666665,2.507970538547497,1.6666666666666667,0.4714045207910317,8.333333333333334,11.785113019775793,5.333333333333333,7.542472332656507,2.333333333333333,2.0548046676563256,0.6666666666666666,0.9428090415820634,5.0,3.559026084010437,2.0,0.816496580927726,0.3333333333333333,0.4714045207910317,1.3333333333333333,1.8856180831641267,0.0,0.0,0.0,0.0,0.0,0.0,0.3333333333333333,0.4714045207910317,4.0,4.96655480858378,3.333333333333333,2.867441755680876,3.6666666666666665,5.185449728701348,0.0,0.0,0.0,0.0,24.33333333333333,1.699673171197595,0.0,0.0,0.0,0.0,0.0,0.0,1.3333333333333333,1.8856180831641267,-3.826481481481481,13.710553453253192,12.332946051432808,6.391659106979329,59.46089947089947,10.398153895762714,72.51701786260651,14.299528871600996,19.310714285714283,64.06580818262357,81.95142497032985,17.84771709893331,132.23130952380953,17.303489444277524,91.2919874247328,12.127689480184472,14.0
90,87_1,87,4.055,1.2762343045068174,2.6666666666666665,0.4714045207910317,0.0,0.0,0.0,0.0,0.3333333333333333,0.4714045207910317,0.0,0.0,9.333333333333334,7.039570693980959,7.0,7.788880963698615,0.0,0.0,0.0,0.0,0.0,0.0,0.0,0.0,0.0,0.0,0.0,0.0,0.0,0.0,0.3333333333333333,0.4714045207910317,1.3333333333333333,1.8856180831641267,0.0,0.0,0.0,0.0,27.666666666666668,1.699673171197595,0.0,0.0,0.0,0.0,0.0,0.0,0.0,0.0,-4.275899470899472,11.779893860390676,8.310629815388893,6.59858725084027,58.15751322751322,5.4592848451366,65.29938141242316,5.641412295513661,18.65787037037037,68.6658348012109,77.49167198931836,10.492458115717058,126.33168650793652,44.70535750093608,73.43878724976173,31.903058957289304,14.0
91,87_1,87,3.694,3.398367058848509,1.0,0.0,0.0,0.0,0.0,0.0,1.0,0.816496580927726,0.0,0.0,4.333333333333333,3.299831645537222,3.333333333333333,2.494438257849294,0.0,0.0,0.0,0.0,0.0,0.0,0.0,0.0,0.0,0.0,0.0,0.0,0.0,0.0,5.333333333333333,7.542472332656507,5.666666666666667,4.9216076867444665,0.0,0.0,0.0,0.0,26.33333333333333,3.858612300930076,0.0,0.0,0.0,0.0,0.0,0.0,0.0,0.0,-5.606792929292929,11.508125968759735,10.3009690645386,7.285985114939837,74.50629629629628,9.371531845012584,68.59524698151425,6.916018590923415,-8.249135401635405,91.36108301373908,74.18845513297718,11.58543262407162,188.5711153198653,20.488040099675803,115.75125674644796,49.41232979025264,14.0
92,87_1,87,3.611333333333333,2.829294415377956,1.0,0.816496580927726,3.0,2.160246899469287,0.0,0.0,4.666666666666667,6.599663291074443,0.0,0.0,9.0,8.831760866327848,0.3333333333333333,0.4714045207910317,0.0,0.0,0.0,0.0,0.0,0.0,0.0,0.0,0.0,0.0,0.0,0.0,0.0,0.0,0.3333333333333333,0.4714045207910317,6.0,4.898979485566356,0.0,0.0,0.0,0.0,19.33333333333333,13.695092389449425,0.0,0.0,0.0,0.0,0.0,0.0,0.3333333333333333,0.4714045207910317,-5.76111111111111,10.19788543198788,7.155513614204203,8.194186337382932,70.95833333333333,50.50229688579263,33.325060034615404,23.603592173736907,-4.025000000000001,81.23344817162356,56.04676802443256,41.80193822522845,94.52916666666664,86.32385250655854,18.41106410488928,13.021305271721456,14.0
93,87_1,87,4.823333333333333,4.329369802741374,1.3333333333333333,0.9428090415820634,2.0,2.8284271247461903,0.0,0.0,6.666666666666667,9.428090415820632,0.0,0.0,7.666666666666667,10.842303978193728,1.3333333333333333,0.9428090415820634,0.0,0.0,0.0,0.0,0.0,0.0,0.0,0.0,0.0,0.0,0.0,0.0,0.0,0.0,1.3333333333333333,1.8856180831641267,9.333333333333334,6.79869268479038,0.0,0.0,0.0,0.0,21.0,8.286535263104035,0.0,0.0,0.0,0.0,0.0,0.0,1.6666666666666667,2.357022603955158,-0.4185185185185188,6.6703467209155685,7.672789302797335,4.016120012243019,85.07037037037036,61.43415183757927,56.67669768641483,12.562989443839855,40.33425925925926,74.24461988562938,84.65048470542483,30.03293184500301,89.52685185185186,72.4834047837853,21.50934776123456,2.8303274337360067,14.0
94,87_1,87,5.777,0.9857954486944372,3.0,0.0,0.0,0.0,0.0,0.0,3.6666666666666665,5.185449728701348,0.0,0.0,10.666666666666666,8.806563209081938,0.0,0.0,0.0,0.0,1.3333333333333333,1.8856180831641267,0.0,0.0,0.0,0.0,0.0,0.0,0.0,0.0,0.3333333333333333,0.4714045207910317,1.0,1.4142135623730951,9.666666666666666,4.496912521077347,0.0,0.0,0.0,0.0,24.666666666666668,4.988876515698588,0.0,0.0,0.0,0.0,0.0,0.0,0.6666666666666666,0.4714045207910317,3.336111111111111,5.996736509588536,7.635490469303067,3.1734216135941464,68.20740740740742,46.00168191891464,77.01922794146513,4.918254455507066,55.114814814814814,42.7287880456065,95.51443341007268,18.17036846594436,138.2902777777778,73.78412317403878,56.33488529999884,33.17237890989324,14.0
95,87_1,87,6.051333333333333,2.036704254972288,2.6666666666666665,0.9428090415820634,0.0,0.0,0.0,0.0,4.0,4.96655480858378,0.0,0.0,8.0,10.614455552060438,0.3333333333333333,0.4714045207910317,0.3333333333333333,0.4714045207910317,5.333333333333333,7.542472332656507,0.0,0.0,3.0,4.242640687119285,0.0,0.0,0.3333333333333333,0.4714045207910317,7.666666666666667,10.842303978193728,0.6666666666666666,0.4714045207910317,7.666666666666667,3.771236166328253,0.0,0.0,0.0,0.0,26.666666666666668,3.39934634239519,0.0,0.0,0.0,0.0,0.0,0.0,3.333333333333333,4.714045207910316,3.9166666666666665,11.808830264773146,10.680675603265533,6.088215099867358,83.27777777777779,21.7489317887251,88.41971002797705,9.645120569006863,95.43888888888888,24.62737611522973,91.57384597209428,17.015267996427877,136.48333333333335,54.30130105528132,58.483777452384594,7.3626699748943025,14.0
96,87_1,87,7.117666666666668,1.4202425457959251,2.333333333333333,0.4714045207910317,0.0,0.0,0.0,0.0,4.0,2.8284271247461903,0.0,0.0,7.0,5.0990195135927845,1.0,1.4142135623730951,0.0,0.0,0.6666666666666666,0.9428090415820634,0.0,0.0,0.0,0.0,0.0,0.0,0.0,0.0,6.666666666666667,9.428090415820632,2.333333333333333,1.699673171197595,7.333333333333333,6.18241233033047,0.0,0.0,0.0,0.0,29.33333333333333,0.9428090415820634,0.0,0.0,0.0,0.0,0.0,0.0,1.0,0.816496580927726,1.9916666666666665,7.185617708440371,8.073333788770597,2.130447061826027,31.950000000000003,67.48752662529573,83.4037567125114,21.400192226971253,53.86111111111112,19.091060217989824,89.2403942187334,23.196389862390564,149.88055555555556,72.19292506737727,36.983906547195794,20.87941506934324,13.333333333333334
97,87_1,87,3.729,2.1386431835784734,2.333333333333333,1.247219128924647,0.0,0.0,0.0,0.0,2.6666666666666665,2.0548046676563256,0.0,0.0,10.333333333333334,13.224556283251582,0.3333333333333333,0.4714045207910317,0.0,0.0,1.6666666666666667,2.357022603955158,0.0,0.0,1.3333333333333333,1.8856180831641267,0.0,0.0,0.0,0.0,4.0,5.656854249492381,2.333333333333333,2.6246692913372702,11.0,6.377042156569663,0.0,0.0,0.0,0.0,26.0,2.8284271247461903,0.0,0.0,0.0,0.0,0.3333333333333333,0.4714045207910317,2.333333333333333,2.6246692913372702,-6.019444444444446,19.54051978787276,13.354697177297902,9.38258845311086,34.73611111111111,27.89311140013331,91.93827818030458,11.048884251538414,45.81944444444445,38.81974984972291,105.16722226901932,8.586111418608631,165.57777777777778,36.132727664648485,64.28204654827546,26.25537437735324,13.333333333333334
98,87_1,87,4.575333333333333,2.8967218636858374,2.0,0.816496580927726,0.6666666666666666,0.9428090415820634,0.0,0.0,0.3333333333333333,0.4714045207910317,0.0,0.0,7.333333333333333,8.339997335464536,0.3333333333333333,0.4714045207910317,0.0,0.0,0.0,0.0,0.0,0.0,0.3333333333333333,0.4714045207910317,0.0,0.0,0.0,0.0,5.666666666666667,8.013876853447538,1.0,0.816496580927726,14.0,2.943920288775949,0.0,0.0,0.0,0.0,29.33333333333333,0.9428090415820634,0.0,0.0,0.0,0.0,0.0,0.0,0.3333333333333333,0.4714045207910317,-8.441666666666668,20.80560265533906,11.558116066215067,10.661364751769424,95.09166666666664,47.71587834564398,69.61068963015929,23.289696604235527,55.547222222222224,88.04076821157315,89.30666056359765,17.783701295178385,168.95138888888889,41.61552991668992,34.525719212854995,17.842970101641114,13.333333333333334
99,87_1,87,4.263333333333333,0.6324504372324802,2.333333333333333,0.4714045207910317,0.0,0.0,0.0,0.0,3.6666666666666665,3.091206165165235,0.0,0.0,5.0,5.656854249492381,0.0,0.0,0.0,0.0,3.333333333333333,4.714045207910316,0.0,0.0,1.3333333333333333,1.8856180831641267,0.0,0.0,0.0,0.0,7.333333333333333,9.67241208569794,1.3333333333333333,0.9428090415820634,13.333333333333334,3.6817870057290873,0.0,0.0,0.0,0.0,29.33333333333333,0.9428090415820634,0.0,0.0,0.0,0.0,0.0,0.0,0.0,0.0,1.3796296296296304,10.649779343657178,10.409562767295157,6.243817510863744,70.60092592592592,52.51970972046671,80.57868915996222,22.889922213973865,31.51111111111112,49.854061298790285,99.56956275915142,15.463255634958175,162.16666666666666,64.91843482631381,48.37283227814094,15.184779542252604,13.333333333333334
100,87_1,87,4.7043333333333335,2.428202947769308,2.333333333333333,0.9428090415820634,0.0,0.0,0.0,0.0,1.6666666666666667,1.247219128924647,0.0,0.0,5.666666666666667,7.318166133366716,0.6666666666666666,0.4714045207910317,0.0,0.0,1.6666666666666667,2.357022603955158,0.0,0.0,0.3333333333333333,0.4714045207910317,0.0,0.0,0.0,0.0,3.0,4.242640687119285,2.333333333333333,1.8856180831641267,9.333333333333334,6.018490028422597,0.0,0.0,0.0,0.0,29.0,0.816496580927726,0.0,0.0,0.0,0.0,0.6666666666666666,0.9428090415820634,0.3333333333333333,0.4714045207910317,2.576181657848324,7.110766698295233,5.998709649811843,1.9913046887399304,72.56869488536155,36.144156751282,69.56290258347367,21.257981012960144,15.719276895943564,47.74276362855552,103.88064338769244,17.99196743314458,152.89935185185186,44.589654263081,49.28959725252599,14.839212390525685,13.333333333333334
1,87_2,87,5.002666666666666,3.640211471268607,2.0,1.4142135623730951,1.6666666666666667,2.357022603955158,0.3333333333333333,0.4714045207910317,9.0,6.97614984548545,1.3333333333333333,1.8856180831641267,1.0,1.4142135623730951,0.0,0.0,0.0,0.0,2.6666666666666665,3.771236166328253,0.0,0.0,2.333333333333333,3.2998316455372216,0.0,0.0,0.0,0.0,10.0,10.198039027185567,12.666666666666666,12.36482466066094,21.0,12.727922061357855,0.0,0.0,2.333333333333333,3.2998316455372216,30.0,0.0,0.0,0.0,0.0,0.0,0.0,0.0,0.0,0.0,8.0826278659612,2.5999669811046875,1.8701808744969184,1.020409472798764,146.17097883597884,11.676653876149627,32.99999417801543,21.40224608434697,145.66614197530865,26.235518012533944,38.07835842281278,22.116119150497028,453.9162874779542,267.49672699540906,73.58911675078996,47.63627716246735,0.0
2,87_2,87,1.959,1.5682603950449896,1.0,0.816496580927726,0.0,0.0,0.0,0.0,8.0,6.97614984548545,0.0,0.0,0.3333333333333333,0.4714045207910317,0.0,0.0,0.0,0.0,6.333333333333333,8.956685895029603,0.0,0.0,4.666666666666667,6.599663291074443,0.0,0.0,0.0,0.0,12.333333333333334,12.229290885229426,16.0,12.328828005937952,21.666666666666668,6.548960901462833,0.0,0.0,7.0,8.524474568362947,30.0,0.0,0.0,0.0,0.0,0.0,0.0,0.0,0.0,0.0,8.226851851851853,2.258134692796099,3.7811868623938327,1.884784234666864,107.6686111111111,37.46073460560214,73.58708881843978,29.711564935896902,63.0600925925926,22.947386225560592,120.82106104285268,14.829443267372111,484.84236111111113,277.8786375965188,58.63383764241591,39.112165604813775,0.0
3,87_2,87,2.428333333333333,2.026229393616516,1.0,0.816496580927726,0.0,0.0,0.0,0.0,8.666666666666666,8.9566858950296,2.333333333333333,3.2998316455372216,1.3333333333333333,1.8856180831641267,1.3333333333333333,1.8856180831641267,0.0,0.0,4.333333333333333,6.128258770283413,0.0,0.0,3.6666666666666665,5.185449728701348,0.0,0.0,0.0,0.0,9.0,12.027745701779144,15.666666666666666,11.145502331533658,13.333333333333334,8.178562764256865,0.0,0.0,1.0,0.816496580927726,29.33333333333333,0.4714045207910317,0.0,0.0,0.0,0.0,0.0,0.0,1.0,1.4142135623730951,4.280185185185185,3.5505519914155004,2.8169663321126457,0.6937122045108497,74.09248677248677,60.73900976226648,79.79467412900856,28.4088137166461,57.02634920634921,68.79185523290153,105.08675739346616,38.35026905842142,453.7586243386243,214.50621551934344,97.23305737930028,50.37948222209123,0.0
4,87_2,87,1.909333333333333,2.700205095091029,0.3333333333333333,0.4714045207910317,0.0,0.0,0.0,0.0,6.666666666666667,4.988876515698588,1.6666666666666667,2.357022603955158,1.3333333333333333,1.8856180831641267,0.0,0.0,0.0,0.0,4.666666666666667,6.599663291074443,0.3333333333333333,0.4714045207910317,4.0,5.656854249492381,0.0,0.0,0.0,0.0,10.0,14.142135623730953,11.333333333333334,11.440668201153676,18.666666666666668,8.576453553512405,0.0,0.0,4.666666666666667,4.642796092394706,30.0,0.0,0.0,0.0,0.0,0.0,0.0,0.0,1.3333333333333333,1.8856180831641267,6.921494708994708,2.8660437087770245,3.468811364709646,0.573512705172343,112.83096560846565,44.0551582923712,68.38033311008984,38.29835866098431,124.2026851851852,25.19929617166264,82.31910757884278,36.733193737541015,437.1781547619048,226.80255626089465,75.62812720616753,45.12793314126354,0.0
5,87_2,87,4.832,3.4173642865030742,1.6666666666666667,1.247219128924647,0.0,0.0,0.0,0.0,9.666666666666666,6.182412330330469,0.3333333333333333,0.4714045207910317,0.3333333333333333,0.4714045207910317,3.0,4.242640687119285,0.0,0.0,4.666666666666667,6.599663291074443,0.0,0.0,4.666666666666667,6.599663291074443,0.0,0.0,0.0,0.0,7.333333333333333,10.370899457402697,19.0,8.602325267042627,22.0,6.97614984548545,0.0,0.0,2.0,2.8284271247461903,28.33333333333333,0.4714045207910317,0.0,0.0,0.0,0.0,0.0,0.0,1.6666666666666667,1.247219128924647,7.76410052910053,2.5298177595936457,4.111855427430021,0.0788812619072107,93.80708994708996,30.390158943111995,88.47004401671158,33.16827261037896,62.53740740740741,52.09176938362861,120.66837380970796,33.02843495251874,485.1126455026454,249.704395546063,111.9121695213965,65.66032138628057,0.0
6,87_2,87,5.006,3.878693164800055,1.3333333333333333,0.9428090415820634,15.333333333333334,15.173075568988056,2.333333333333333,2.0548046676563256,12.0,10.708252269472672,1.0,1.4142135623730951,2.333333333333333,2.6246692913372702,3.0,4.242640687119285,0.0,0.0,3.333333333333333,4.714045207910316,0.0,0.0,2.333333333333333,3.2998316455372216,0.0,0.0,0.0,0.0,7.333333333333333,9.67241208569794,22.0,6.97614984548545,16.333333333333332,12.391753530294071,0.0,0.0,4.0,4.96655480858378,29.666666666666668,0.4714045207910317,0.0,0.0,0.0,0.0,0.0,0.0,1.3333333333333333,1.8856180831641267,6.368148148148149,4.291240152204924,3.827986331506143,2.203355715067137,94.54185185185185,46.528593227422085,70.6712894360814,32.423434201975574,75.52277777777778,93.20715409608512,72.28666804215844,35.02934760203964,464.1379629629629,216.2184577912492,102.48407941069416,58.56284470854314,6.666666666666667
7,87_2,87,5.517,2.382473644485216,3.0,0.816496580927726,3.6666666666666665,0.9428090415820634,0.6666666666666666,0.9428090415820634,12.0,12.19289410544792,2.333333333333333,3.2998316455372216,1.6666666666666667,2.357022603955158,6.333333333333333,8.956685895029603,2.0,2.8284271247461903,3.0,4.242640687119285,0.3333333333333333,0.4714045207910317,4.0,5.656854249492381,0.0,0.0,1.6666666666666667,2.357022603955158,4.333333333333333,6.128258770283413,15.0,9.092121131323903,13.333333333333334,11.145502331533658,0.0,0.0,0.0,0.0,24.666666666666668,3.299831645537222,0.3333333333333333,0.4714045207910317,0.0,0.0,0.0,0.0,3.6666666666666665,2.6246692913372702,3.267962962962963,1.6829249463245552,5.9759571305515,2.80392084909487,56.744484126984126,45.19090788239783,88.64925742665196,46.494762099034,47.85503968253968,69.7980531031565,105.84081938370038,44.40116927818452,459.0088822751322,184.4363420769745,183.72313680778143,101.241179578429,14.0
8,87_2,87,6.1960000000000015,2.348179010779773,3.333333333333333,0.4714045207910317,0.0,0.0,0.0,0.0,10.666666666666666,13.695092389449425,5.333333333333333,7.542472332656507,1.6666666666666667,1.699673171197595,4.666666666666667,5.9066817155564495,0.3333333333333333,0.4714045207910317,0.3333333333333333,0.4714045207910317,0.0,0.0,0.3333333333333333,0.4714045207910317,0.0,0.0,0.3333333333333333,0.4714045207910317,0.3333333333333333,0.4714045207910317,20.33333333333333,8.379870059984356,12.0,11.343133018115704,0.0,0.0,0.0,0.0,23.666666666666668,6.342099196813483,0.0,0.0,0.0,0.0,0.0,0.0,1.6666666666666667,1.247219128924647,5.149312169312169,4.34117333513026,5.337417219188036,1.6503387801511535,-24.061507936507933,98.18298740413265,78.31525322494078,25.54176511224686,-1.008941798941791,112.01996616134406,81.40983255785443,39.31414559609644,519.7962566137567,206.70274870426164,158.13822902970114,89.78068706576705,14.0
9,87_2,87,3.2419999999999995,2.31758667583329,2.333333333333333,1.699673171197595,0.0,0.0,0.0,0.0,12.666666666666666,10.530379332620877,0.6666666666666666,0.9428090415820634,0.3333333333333333,0.4714045207910317,2.0,2.160246899469287,4.333333333333333,6.128258770283413,5.0,7.071067811865476,0.6666666666666666,0.9428090415820634,5.666666666666667,8.013876853447538,0.0,0.0,3.6666666666666665,5.185449728701348,4.666666666666667,6.599663291074443,17.333333333333332,8.178562764256865,12.666666666666666,11.08552609887726,0.0,0.0,0.6666666666666666,0.4714045207910317,24.666666666666668,4.496912521077347,3.333333333333333,4.714045207910316,0.6666666666666666,0.9428090415820634,0.0,0.0,4.666666666666667,5.2493385826745405,4.911296296296296,4.023620851912507,5.101557898976117,1.0296773773064876,38.995,59.51340457126068,97.96412481859528,37.94889906160109,47.95796296296296,71.04848354221808,99.50665455886788,47.15873707549466,518.7777777777777,258.9972279447719,109.9332132542951,48.55120081619746,14.0
10,87_2,87,6.840666666666667,2.2653506473735043,3.333333333333333,0.4714045207910317,3.6666666666666665,5.185449728701348,0.0,0.0,8.0,10.614455552060438,1.3333333333333333,1.8856180831641267,1.0,1.4142135623730951,4.0,5.656854249492381,7.0,9.899494936611664,6.333333333333333,8.956685895029603,0.6666666666666666,0.9428090415820634,8.333333333333334,11.785113019775793,0.0,0.0,7.0,9.899494936611664,7.333333333333333,10.370899457402697,14.666666666666666,10.96458946893235,13.0,11.51810169544733,0.0,0.0,1.6666666666666667,1.699673171197595,25.33333333333333,6.599663291074443,4.0,5.656854249492381,0.6666666666666666,0.9428090415820634,0.0,0.0,3.333333333333333,3.39934634239519,5.587777777777777,4.900567112558643,3.616124392916108,1.3954064604164338,87.49333333333334,22.232752907632733,100.6270775761278,39.13878327996552,74.9961111111111,60.58228772341359,105.1398588080577,54.27183344574267,507.0333333333333,235.67437376895447,126.77494484488136,103.41629938086572,14.0
11,87_2,87,2.773,2.4106642238188214,1.3333333333333333,0.9428090415820634,4.0,4.96655480858378,0.6666666666666666,0.9428090415820634,9.0,11.343133018115704,1.0,1.4142135623730951,0.0,0.0,5.0,7.071067811865476,4.0,5.656854249492381,4.0,5.656854249492381,0.3333333333333333,0.4714045207910317,6.0,8.48528137423857,0.0,0.0,4.0,5.656854249492381,5.333333333333333,7.542472332656507,17.333333333333332,9.428090415820632,14.666666666666666,11.08552609887726,0.0,0.0,0.6666666666666666,0.4714045207910317,26.666666666666668,4.714045207910316,2.0,2.8284271247461903,0.0,0.0,0.0,0.0,2.6666666666666665,3.771236166328253,4.216666666666666,3.790943154414215,4.04087827524268,1.206601051717208,33.762962962962966,61.50857999691842,88.43555545577071,41.96311621880685,46.97777777777778,77.81802500341485,101.1200311926512,53.90120235830846,536.3717592592593,271.21862609026084,108.47634836645769,38.50636897565122,14.0
12,87_2,87,3.912,1.7093755195002258,1.6666666666666667,0.4714045207910317,7.333333333333333,5.734883511361751,0.3333333333333333,0.4714045207910317,10.333333333333334,11.14550233153366,1.6666666666666667,2.357022603955158,0.0,0.0,2.0,2.8284271247461903,7.0,9.899494936611664,7.666666666666667,10.842303978193728,0.3333333333333333,0.4714045207910317,7.333333333333333,10.370899457402697,0.0,0.0,6.0,8.48528137423857,8.0,11.31370849898476,15.333333333333334,11.469767022723502,17.333333333333332,9.843215373488936,0.0,0.0,2.6666666666666665,2.494438257849294,23.0,7.874007874011811,4.333333333333333,6.128258770283413,1.0,1.4142135623730951,0.0,0.0,2.6666666666666665,2.494438257849294,6.41,3.645228489510739,4.700073596292634,1.445881393561605,93.575,16.086715246047195,83.31961053033054,29.80654564204091,50.623333333333335,79.3732364983451,94.11890036881384,39.89284451333709,532.5191666666666,275.7970477115172,105.6575826126162,42.66127426454644,14.0
13,87_2,87,4.100333333333333,0.4756653819183773,2.6666666666666665,0.4714045207910317,20.33333333333333,14.42990721460891,4.333333333333333,3.6817870057290873,9.333333333333334,8.219218670625303,1.3333333333333333,1.8856180831641267,1.3333333333333333,1.8856180831641267,0.6666666666666666,0.9428090415820634,5.0,7.071067811865476,8.0,11.31370849898476,2.333333333333333,3.2998316455372216,7.666666666666667,10.842303978193728,0.0,0.0,2.6666666666666665,3.771236166328253,7.666666666666667,10.842303978193728,22.33333333333333,9.46337971105226,20.0,10.677078252031311,0.0,0.0,4.333333333333333,3.6817870057290873,25.666666666666668,4.027681991198191,0.6666666666666666,0.9428090415820634,0.0,0.0,0.0,0.0,2.0,2.8284271247461903,8.200555555555555,4.416480149800319,4.058248930066479,1.1626653093707917,106.44333333333334,21.915614803655902,92.3719921473233,30.645291736639315,129.54722222222222,17.16909682547306,72.18195868746078,27.17902330169902,508.5827777777778,259.40825478592666,73.7427028235979,17.468076019057246,14.0
14,87_2,87,4.067,1.5910323692496011,1.6666666666666667,0.4714045207910317,0.0,0.0,0.0,0.0,9.666666666666666,13.67073110293992,3.333333333333333,4.714045207910316,0.0,0.0,3.6666666666666665,5.185449728701348,0.6666666666666666,0.9428090415820634,0.6666666666666666,0.9428090415820634,0.0,0.0,2.6666666666666665,3.771236166328253,0.0,0.0,0.6666666666666666,0.9428090415820634,0.6666666666666666,0.9428090415820634,20.33333333333333,10.338708279513884,10.666666666666666,13.02134998974974,0.0,0.0,0.0,0.0,20.666666666666668,9.8770215933527,2.6666666666666665,3.771236166328253,1.0,1.4142135623730951,0.0,0.0,3.0,3.559026084010437,3.640740740740741,4.092435265955427,5.849366600812791,3.2950264739370483,25.29351851851852,75.37485555177737,83.13988129766146,43.98376835908794,18.37407407407407,110.26626640948498,75.7935574786489,47.95911950507367,616.8828703703704,334.65527402236506,133.26580430747427,73.61975717317827,14.0
15,87_2,87,4.644,1.7008094151511115,1.6666666666666667,0.4714045207910317,8.333333333333334,11.785113019775793,0.3333333333333333,0.4714045207910317,9.666666666666666,12.970050972229147,6.0,8.48528137423857,0.0,0.0,4.333333333333333,5.436502143433364,0.0,0.0,0.0,0.0,0.0,0.0,0.3333333333333333,0.4714045207910317,0.0,0.0,0.0,0.0,0.3333333333333333,0.4714045207910317,19.666666666666668,13.224556283251582,10.666666666666666,13.02134998974974,0.0,0.0,0.0,0.0,19.0,7.788880963698615,2.0,2.8284271247461903,0.0,0.0,0.0,0.0,0.6666666666666666,0.9428090415820634,2.125555555555556,2.226860575943487,4.413889306070181,2.2007620080284744,58.545,46.94480204334543,78.88145792914383,39.86266692554773,5.993333333333337,113.13617518364843,54.41710533930691,23.45954840370101,538.9341666666667,266.61210150339303,120.55774276142137,68.55266962237351,14.0
16,87_2,87,4.927333333333333,2.0191516920616825,2.6666666666666665,0.4714045207910317,5.0,5.0990195135927845,1.0,1.4142135623730951,10.666666666666666,11.728408057172787,2.6666666666666665,3.771236166328253,1.3333333333333333,1.247219128924647,3.0,2.943920288775949,0.3333333333333333,0.4714045207910317,5.0,7.071067811865476,0.0,0.0,1.0,1.4142135623730951,0.0,0.0,0.0,0.0,4.333333333333333,6.128258770283413,20.0,10.198039027185567,15.333333333333334,11.115554667022044,0.0,0.0,0.6666666666666666,0.9428090415820634,26.666666666666668,2.0548046676563256,0.0,0.0,0.0,0.0,0.0,0.0,4.666666666666667,6.599663291074443,6.201851851851852,5.153105626653825,6.5087685744318025,2.720596747970035,76.65925925925926,38.81566680309638,86.30028561274645,42.671896724083126,45.40925925925927,114.22409032404964,80.50905697763984,46.227054264915786,538.9157407407407,236.1642090004872,97.22982905560823,64.18041813723153,14.0
17,87_2,87,4.211666666666667,2.5767868018565725,1.3333333333333333,0.4714045207910317,16.0,22.62741699796952,1.0,1.4142135623730951,11.0,12.19289410544792,4.0,5.656854249492381,1.0,1.4142135623730951,0.0,0.0,1.3333333333333333,1.8856180831641267,5.0,7.071067811865476,0.6666666666666666,0.9428090415820634,2.333333333333333,3.2998316455372216,0.0,0.0,1.6666666666666667,2.357022603955158,8.333333333333334,11.785113019775793,14.666666666666666,10.274023338281628,19.0,12.19289410544792,0.0,0.0,0.6666666666666666,0.9428090415820634,26.0,2.943920288775949,0.3333333333333333,0.4714045207910317,0.0,0.0,0.0,0.0,7.0,9.201449161228174,5.469444444444444,3.4230247976653776,4.288166806488956,0.399456198526351,-4.277777777777779,73.6547860999684,98.47544889310058,28.91948901574798,-3.302777777777773,114.81162396253082,83.6174593868369,46.92919853892133,548.8694444444444,263.91337871012024,75.99003825673333,55.777178436626926,14.0
18,87_2,87,2.548666666666666,1.4872956068724943,1.6666666666666667,0.4714045207910317,0.6666666666666666,0.9428090415820634,0.3333333333333333,0.4714045207910317,9.666666666666666,13.67073110293992,6.0,8.48528137423857,3.333333333333333,4.714045207910316,4.333333333333333,4.784233364802441,0.6666666666666666,0.9428090415820634,4.333333333333333,6.128258770283413,1.0,1.4142135623730951,2.333333333333333,3.2998316455372216,0.0,0.0,0.0,0.0,4.0,5.656854249492381,19.666666666666668,10.49867716534908,15.333333333333334,11.32352516764202,0.0,0.0,0.6666666666666666,0.9428090415820634,24.33333333333333,4.9216076867444665,0.0,0.0,0.0,0.0,0.0,0.0,1.6666666666666667,2.357022603955158,4.607407407407407,4.812676341343711,3.69111538296081,1.7778974344104428,50.63611111111111,55.78131587384152,98.0535525468798,58.4097358748806,43.52314814814815,99.15660760097022,90.58445387145656,52.41391797577508,496.3634259259259,196.8402140093628,97.393434875032,50.87664969122473,14.0
19,87_2,87,2.802,1.4182329380841028,1.6666666666666667,0.4714045207910317,8.666666666666666,12.256517540566824,0.0,0.0,11.0,12.027745701779144,2.0,2.8284271247461903,0.3333333333333333,0.4714045207910317,4.333333333333333,6.128258770283412,2.6666666666666665,3.771236166328253,2.6666666666666665,3.771236166328253,0.3333333333333333,0.4714045207910317,2.333333333333333,3.2998316455372216,0.0,0.0,2.333333333333333,3.2998316455372216,3.0,4.242640687119285,19.33333333333333,11.61416759345623,11.666666666666666,11.32352516764202,0.0,0.0,0.0,0.0,25.666666666666668,4.189935029992178,0.3333333333333333,0.4714045207910317,0.0,0.0,0.0,0.0,2.333333333333333,2.6246692913372702,5.538888888888889,4.916404575563049,3.494302201508481,1.0765558484831856,51.46111111111112,47.05606011142323,98.63232781085829,48.88956540056209,48.43611111111111,80.11668063163937,101.79507314945232,55.141315542158345,581.0097222222222,234.67286263554573,109.33075464579008,55.25748467753132,14.0
20,87_2,87,6.254,3.169815241724139,2.0,0.816496580927726,0.3333333333333333,0.4714045207910317,0.3333333333333333,0.4714045207910317,6.333333333333333,8.956685895029603,3.6666666666666665,5.185449728701348,0.0,0.0,1.0,1.4142135623730951,4.0,5.656854249492381,5.666666666666667,8.013876853447538,0.0,0.0,5.0,7.071067811865476,0.0,0.0,3.0,4.242640687119285,9.0,10.03327796219494,17.333333333333332,9.392668535736911,17.0,12.569805089976535,0.0,0.0,2.0,2.8284271247461903,28.33333333333333,2.3570226039551585,0.6666666666666666,0.9428090415820634,0.0,0.0,0.3333333333333333,0.4714045207910317,1.0,1.4142135623730951,6.489629629629629,5.816312917421205,3.0429910665362407,1.0478122508415104,61.46851851851852,49.225595013057735,101.485319303455,51.92123092743289,107.17111111111112,45.061816313883455,95.21506052069589,48.8565371749941,579.7393518518518,246.6268557617741,102.89844655620892,52.54709998191481,14.0
21,87_2,87,1.745,1.24407904357668,1.0,0.816496580927726,12.0,16.97056274847714,1.3333333333333333,1.8856180831641267,10.333333333333334,13.912424503139473,2.6666666666666665,3.771236166328253,1.3333333333333333,1.8856180831641267,0.3333333333333333,0.4714045207910317,1.0,1.4142135623730951,5.0,7.071067811865476,0.3333333333333333,0.4714045207910317,1.6666666666666667,2.357022603955158,0.0,0.0,1.0,1.4142135623730951,10.0,14.142135623730953,14.333333333333334,8.576453553512405,20.666666666666668,13.199326582148888,0.0,0.0,3.6666666666666665,5.185449728701348,29.33333333333333,0.9428090415820634,0.0,0.0,0.0,0.0,0.0,0.0,2.6666666666666665,3.771236166328253,7.124325396825397,5.755753411913188,3.0500507453338592,0.9396955159611774,54.344166666666666,43.164324888217074,92.072819527301,33.47171655523768,5.660158730158727,106.53502925819798,88.02919857279022,35.200101993056954,482.5193849206349,227.88237731471148,56.67338376468189,39.0260708044459,14.0
22,87_2,87,3.302,3.165578093597861,1.6666666666666667,1.247219128924647,18.0,25.45584412271571,0.0,0.0,10.666666666666666,13.02134998974974,1.6666666666666667,2.357022603955158,0.3333333333333333,0.4714045207910317,1.3333333333333333,1.8856180831641267,2.333333333333333,3.2998316455372216,3.6666666666666665,5.185449728701348,0.3333333333333333,0.4714045207910317,2.333333333333333,3.2998316455372216,0.0,0.0,2.333333333333333,3.2998316455372216,6.333333333333333,8.956685895029603,19.666666666666668,7.586537784494028,19.666666666666668,8.576453553512405,0.0,0.0,4.0,4.96655480858378,27.0,4.242640687119285,1.6666666666666667,2.357022603955158,0.0,0.0,0.0,0.0,2.6666666666666665,3.771236166328253,6.866666666666667,5.207331014665411,2.6067666795096223,0.8365763988966998,-0.6027777777777791,96.97192041392924,96.27246387774623,41.34434709692497,66.95833333333333,61.32491676852621,99.89721604621909,49.88503216946306,527.4027777777778,242.68295783736315,99.71824950376488,28.302596860589432,14.0
23,87_2,87,3.2880000000000003,0.821379733537824,2.0,0.816496580927726,15.0,10.614455552060438,0.6666666666666666,0.9428090415820634,10.0,10.801234497346432,1.3333333333333333,1.8856180831641267,1.0,1.4142135623730951,1.6666666666666667,2.357022603955158,2.333333333333333,3.2998316455372216,6.0,8.48528137423857,0.3333333333333333,0.4714045207910317,4.666666666666667,6.599663291074443,0.0,0.0,3.333333333333333,4.714045207910316,9.666666666666666,13.67073110293992,14.333333333333334,6.236095644623236,17.333333333333332,10.842303978193728,0.0,0.0,0.0,0.0,29.0,1.4142135623730951,0.6666666666666666,0.9428090415820634,0.0,0.0,0.0,0.0,2.333333333333333,3.2998316455372216,5.647222222222222,4.555609755775135,3.168454687202994,0.686335874174163,30.125000000000004,97.32353475222048,70.51156268157979,33.52189604292627,-1.813888888888897,127.0127239786201,72.5033862397554,45.81105445872971,473.7,213.2450482469684,81.25122369174943,33.681836385461494,14.0
24,87_2,87,3.811666666666667,2.703379900955264,1.6666666666666667,1.247219128924647,5.333333333333333,7.542472332656507,0.0,0.0,7.333333333333333,9.67241208569794,0.0,0.0,0.6666666666666666,0.9428090415820634,4.666666666666667,5.2493385826745405,0.6666666666666666,0.9428090415820634,3.0,4.242640687119285,0.6666666666666666,0.9428090415820634,3.0,4.242640687119285,0.0,0.0,0.6666666666666666,0.9428090415820634,7.0,9.899494936611664,9.0,7.3484692283495345,15.0,10.801234497346432,0.0,0.0,1.3333333333333333,1.8856180831641267,28.666666666666668,1.8856180831641267,1.0,1.4142135623730951,0.0,0.0,0.0,0.0,0.3333333333333333,0.4714045207910317,3.5583333333333336,4.216106682183879,3.305260899334752,1.7558751691253716,61.925,60.91971530599074,86.61201907538839,54.347299916058766,6.938888888888893,117.0659956189111,79.5275126889705,50.32244688695911,477.9291666666666,195.4807799352,88.45493044360973,39.175952461694905,14.0
25,87_2,87,5.1946666666666665,3.714422102502024,1.3333333333333333,0.9428090415820634,4.666666666666667,6.599663291074443,2.333333333333333,3.2998316455372216,9.666666666666666,12.256517540566824,1.3333333333333333,1.8856180831641267,0.3333333333333333,0.4714045207910317,6.333333333333333,8.956685895029603,0.6666666666666666,0.9428090415820634,0.6666666666666666,0.9428090415820634,0.0,0.0,0.6666666666666666,0.9428090415820634,0.0,0.0,0.6666666666666666,0.9428090415820634,3.333333333333333,4.714045207910316,18.33333333333333,12.364824660660938,10.333333333333334,13.91242450313947,0.0,0.0,0.0,0.0,29.33333333333333,0.4714045207910317,0.3333333333333333,0.4714045207910317,0.0,0.0,0.0,0.0,3.0,4.242640687119285,5.569444444444444,6.4727360311073285,3.410838498356956,1.383099109078403,7.438888888888887,97.01181827902448,79.76930224159736,40.04201778641044,-4.38611111111111,130.0964311744215,69.73598221946878,41.307238980828366,495.1,213.2146155133801,78.25468007440192,41.64371284601253,14.0
26,87_2,87,2.411666666666666,1.915514610286808,0.6666666666666666,0.4714045207910317,0.0,0.0,0.0,0.0,9.666666666666666,11.614167593456232,0.6666666666666666,0.9428090415820634,0.0,0.0,6.333333333333333,8.956685895029603,0.6666666666666666,0.9428090415820634,0.6666666666666666,0.9428090415820634,0.3333333333333333,0.4714045207910317,2.333333333333333,3.2998316455372216,0.0,0.0,1.3333333333333333,1.8856180831641267,1.6666666666666667,1.699673171197595,20.0,12.727922061357855,10.0,12.727922061357855,0.0,0.0,1.0,1.4142135623730951,23.0,6.164414002968976,1.6666666666666667,2.357022603955158,0.0,0.0,0.0,0.0,4.333333333333333,4.784233364802441,5.697222222222223,6.006479269079063,4.603050270665051,2.146402559277068,-17.729629629629628,91.4138548115597,88.73205550904686,28.494317443654523,-14.233333333333334,128.66192834539498,74.90263002606432,37.2832221524296,656.5203703703704,299.9318102550941,135.23965565645514,82.72853139330715,13.666666666666666
27,87_2,87,5.361000000000001,2.630343070146301,2.0,0.816496580927726,5.0,7.071067811865476,1.6666666666666667,2.357022603955158,9.333333333333334,12.498888839501785,0.0,0.0,0.0,0.0,5.0,7.071067811865476,1.6666666666666667,2.357022603955158,0.6666666666666666,0.9428090415820634,0.0,0.0,3.6666666666666665,5.185449728701348,0.0,0.0,2.0,2.8284271247461903,3.6666666666666665,5.185449728701348,19.0,13.490737563232042,12.333333333333334,12.81492185782739,0.0,0.0,3.0,4.242640687119285,25.33333333333333,6.599663291074443,1.3333333333333333,1.8856180831641267,0.0,0.0,0.0,0.0,3.6666666666666665,4.496912521077348,3.858333333333334,5.401187283743647,3.3288182986409063,1.495954802683055,-14.383333333333336,106.4873507963722,73.52710802264885,49.7666265413601,6.127777777777776,128.63848952648007,69.45216287454672,57.259924239377824,602.8666666666667,290.5499327385086,125.80343256729836,79.1346616600113,13.666666666666666
28,87_2,87,4.185666666666667,3.006130883526013,1.6666666666666667,1.247219128924647,0.0,0.0,0.0,0.0,8.666666666666666,12.256517540566824,1.0,1.4142135623730951,0.3333333333333333,0.4714045207910317,7.0,9.899494936611664,0.6666666666666666,0.9428090415820634,2.6666666666666665,3.771236166328253,0.3333333333333333,0.4714045207910317,1.3333333333333333,1.8856180831641267,0.0,0.0,0.6666666666666666,0.9428090415820634,2.333333333333333,3.2998316455372216,18.666666666666668,11.8133634311129,11.333333333333334,11.440668201153676,0.0,0.0,2.0,2.8284271247461903,30.0,0.0,0.0,0.0,0.0,0.0,0.0,0.0,1.6666666666666667,1.247219128924647,0.7888888888888889,1.3472250859076094,4.333591750600154,3.159528671814703,73.40555555555555,58.36959996965273,71.69248241060153,51.92366952119553,20.383333333333336,109.054057908435,70.53160797303758,41.4450708421172,505.3500000000001,174.5642167669622,93.27503576171196,47.26660772645072,13.666666666666666
29,87_2,87,4.653333333333333,3.4782461416958723,1.6666666666666667,1.247219128924647,0.0,0.0,0.0,0.0,13.333333333333334,10.338708279513884,2.0,2.8284271247461903,0.0,0.0,5.666666666666667,7.318166133366716,0.0,0.0,0.0,0.0,0.0,0.0,0.0,0.0,0.0,0.0,0.0,0.0,2.0,1.632993161855452,17.666666666666668,10.656244908763853,7.333333333333333,10.370899457402697,0.0,0.0,0.0,0.0,27.666666666666668,2.6246692913372702,0.0,0.0,0.0,0.0,0.0,0.0,3.6666666666666665,3.299831645537222,-0.9777777777777776,2.459828484435349,5.548863348866738,4.500830661857266,54.43648148148148,53.066683313038936,76.32922120228035,43.73340095475075,27.656666666666663,102.66048315613877,70.73942516859478,53.64024756000165,464.0362962962963,173.1439411748275,77.98551986589582,41.44514058397918,13.666666666666666
30,87_2,87,4.754,0.2840504649999127,2.0,0.816496580927726,0.0,0.0,0.0,0.0,9.333333333333334,10.370899457402697,1.0,1.4142135623730951,0.0,0.0,2.0,2.8284271247461903,2.0,2.8284271247461903,3.0,4.242640687119285,0.3333333333333333,0.4714045207910317,2.0,2.8284271247461903,0.0,0.0,1.6666666666666667,2.357022603955158,6.0,4.898979485566356,19.666666666666668,11.14550233153366,13.333333333333334,12.47219128924647,0.0,0.0,0.0,0.0,28.33333333333333,1.699673171197595,0.3333333333333333,0.4714045207910317,0.0,0.0,0.0,0.0,3.0,4.242640687119285,1.4222222222222225,4.021909518231297,6.224590681235562,2.858787382006545,81.925,29.945081677408503,74.66446969725905,28.04505216501117,28.49444444444445,92.95845779993992,80.56493838086175,43.80646155601158,534.5319444444444,221.2848042915272,118.2093170223648,61.94104697871211,13.666666666666666
31,87_2,87,4.959666666666666,3.5087329463623886,2.333333333333333,1.699673171197595,0.0,0.0,0.0,0.0,6.666666666666667,8.055363982396381,1.3333333333333333,1.8856180831641267,1.0,0.816496580927726,3.0,4.242640687119285,2.0,2.8284271247461903,3.333333333333333,4.714045207910316,0.0,0.0,3.6666666666666665,5.185449728701348,0.0,0.0,1.6666666666666667,2.357022603955158,8.0,11.31370849898476,21.0,10.677078252031311,17.0,12.355835328567093,0.0,0.0,1.0,1.4142135623730951,24.33333333333333,5.436502143433363,1.0,1.4142135623730951,0.0,0.0,0.0,0.0,0.0,0.0,2.4611111111111112,8.157450392958589,3.967291448100951,3.475882042479645,55.30277777777778,50.82906827887725,90.49542982673296,54.1797837101834,32.227777777777774,99.20049524157044,86.46812654379427,51.39254602032111,611.4208333333332,268.3746949445385,99.86664561173431,58.55473439007087,13.666666666666666
32,87_2,87,5.0200000000000005,3.573262188346479,2.0,1.4142135623730951,0.0,0.0,0.0,0.0,0.3333333333333333,0.4714045207910317,0.0,0.0,7.333333333333333,10.370899457402697,0.0,0.0,0.0,0.0,2.6666666666666665,3.771236166328253,0.0,0.0,0.0,0.0,0.0,0.0,0.0,0.0,9.666666666666666,13.67073110293992,17.666666666666668,11.14550233153366,19.33333333333333,13.670731102939918,0.0,0.0,1.0,1.4142135623730951,27.33333333333333,3.771236166328253,0.0,0.0,0.0,0.0,0.0,0.0,0.0,0.0,2.4861111111111107,6.234329738147527,3.228872302524804,2.564114775105455,78.89166666666667,68.57684693236621,76.07471165995916,39.93317601669068,38.24166666666667,109.54218893836024,62.96318271908313,48.005452589938514,628.0347222222222,319.82333233258794,50.501094610504936,48.090292605778025,13.666666666666666
33,87_2,87,3.448,1.3883532211460694,1.6666666666666667,0.4714045207910317,1.0,0.816496580927726,0.3333333333333333,0.4714045207910317,7.333333333333333,9.67241208569794,1.6666666666666667,2.357022603955158,2.6666666666666665,3.771236166328253,1.3333333333333333,1.8856180831641267,1.3333333333333333,1.8856180831641267,4.0,5.656854249492381,0.3333333333333333,0.4714045207910317,2.333333333333333,3.2998316455372216,0.0,0.0,1.3333333333333333,1.8856180831641267,5.0,7.071067811865476,19.666666666666668,7.71722460186015,15.666666666666666,12.283683848458852,0.0,0.0,2.0,1.632993161855452,25.0,7.071067811865476,1.3333333333333333,1.8856180831641267,0.0,0.0,0.0,0.0,1.0,1.4142135623730951,1.972222222222222,5.729651326301423,4.677674879088893,2.581066450488444,73.13055555555555,40.26417758893853,85.63630450579628,50.36671302701906,50.43981481481481,80.32874021029018,83.95664710881896,50.4093435082474,558.1481481481482,239.3664984692312,105.21975147393896,53.66578009791407,12.666666666666666
34,87_2,87,7.729999999999999,3.6397640949197054,2.333333333333333,0.9428090415820634,4.666666666666667,6.599663291074443,0.0,0.0,11.666666666666666,8.259674462242577,0.3333333333333333,0.4714045207910317,0.3333333333333333,0.4714045207910317,0.0,0.0,1.0,1.4142135623730951,2.333333333333333,3.2998316455372216,0.0,0.0,1.0,1.4142135623730951,0.0,0.0,0.6666666666666666,0.9428090415820634,8.666666666666666,10.208928554075705,24.0,4.320493798938574,22.666666666666668,4.988876515698588,0.0,0.0,4.0,3.265986323710904,25.666666666666668,2.867441755680876,0.0,0.0,0.0,0.0,2.0,2.8284271247461903,0.6666666666666666,0.9428090415820634,5.586111111111111,4.353400827563676,5.081229244632802,0.2887923651259269,49.10277777777778,51.55875483967086,102.41554135371366,34.088021483656256,52.508333333333326,66.9243948768282,106.58270002804548,46.20436060580142,517.0986111111112,248.8902407887392,108.16887563863706,51.474014338313,12.666666666666666
35,87_2,87,5.933333333333334,0.4664635272153892,2.333333333333333,0.4714045207910317,0.0,0.0,0.0,0.0,6.333333333333333,8.259674462242579,0.3333333333333333,0.4714045207910317,1.3333333333333333,1.8856180831641267,1.6666666666666667,2.357022603955158,1.0,1.4142135623730951,3.333333333333333,4.714045207910316,0.0,0.0,1.6666666666666667,2.357022603955158,0.0,0.0,0.6666666666666666,0.9428090415820634,4.333333333333333,6.128258770283413,20.0,11.31370849898476,17.0,9.092121131323903,0.0,0.0,1.6666666666666667,1.247219128924647,24.33333333333333,6.599663291074443,0.0,0.0,0.0,0.0,0.3333333333333333,0.4714045207910317,2.0,2.8284271247461903,5.255,4.443514624958741,3.79303115762418,0.4161806145879901,9.861851851851853,70.29755365196789,111.06712238975788,37.56709057985026,34.76074074074074,82.10518069389047,107.1345608276149,45.82674116833395,596.9099074074074,290.77864049252963,103.38855595779334,38.29431091734183,12.666666666666666
36,87_2,87,3.915000000000001,2.8045759037686966,1.6666666666666667,1.247219128924647,5.333333333333333,6.847546194724712,1.6666666666666667,1.699673171197595,2.0,1.4142135623730951,0.0,0.0,4.333333333333333,6.128258770283413,0.0,0.0,0.0,0.0,3.333333333333333,4.714045207910316,0.0,0.0,0.0,0.0,0.0,0.0,0.0,0.0,12.333333333333334,12.81492185782739,17.0,9.626352718795768,18.33333333333333,11.115554667022044,0.0,0.0,1.6666666666666667,1.699673171197595,28.666666666666668,1.8856180831641267,0.0,0.0,0.0,0.0,0.0,0.0,0.6666666666666666,0.9428090415820634,5.977777777777778,2.8554798952363094,5.530162972058786,1.0484032403239654,38.88055555555555,36.24702435637108,112.56505461138144,33.21369479602327,41.12222222222223,66.72234006373164,104.52221827834616,41.003008099538185,602.7541666666666,322.4437987384893,80.83496893232866,37.27330681223114,12.666666666666666
37,87_2,87,4.273333333333333,1.114941652683623,1.6666666666666667,0.4714045207910317,37.333333333333336,52.797306328595546,29.33333333333333,40.07770230717103,4.333333333333333,5.436502143433364,0.6666666666666666,0.9428090415820634,3.6666666666666665,4.496912521077348,0.0,0.0,0.6666666666666666,0.9428090415820634,4.0,5.656854249492381,0.3333333333333333,0.4714045207910317,1.0,1.4142135623730951,0.0,0.0,0.6666666666666666,0.9428090415820634,9.0,10.677078252031311,18.0,11.224972160321824,19.0,12.754084313139328,0.0,0.0,0.3333333333333333,0.4714045207910317,25.33333333333333,5.90668171555645,0.0,0.0,0.0,0.0,0.0,0.0,1.6666666666666667,2.357022603955158,5.200555555555556,5.149701597491827,5.663015164791727,1.965062665763096,37.92611111111111,19.202674212556445,117.18950228070656,31.167685078671354,11.636666666666663,82.45492446493732,104.42657764203462,34.05377890775177,585.3466666666667,296.2006465711489,96.78597641650416,51.69752968999918,14.0
38,87_2,87,2.940333333333333,2.103311727305828,1.6666666666666667,1.247219128924647,17.666666666666668,14.704496666741854,3.0,2.449489742783178,5.666666666666667,6.018490028422596,1.6666666666666667,2.357022603955158,6.333333333333333,8.956685895029603,0.3333333333333333,0.4714045207910317,0.0,0.0,6.666666666666667,9.428090415820632,0.3333333333333333,0.4714045207910317,0.0,0.0,0.0,0.0,0.0,0.0,9.0,12.727922061357855,17.333333333333332,8.73053390247253,18.666666666666668,13.299958228840003,0.0,0.0,1.3333333333333333,1.247219128924647,24.33333333333333,7.3181661333667165,0.0,0.0,0.0,0.0,0.0,0.0,0.3333333333333333,0.4714045207910317,4.063888888888889,5.073416252303353,3.717744225253021,1.724623712486839,90.79166666666669,45.43249010793276,91.3794485105243,35.31797263205188,65.55555555555556,64.16730314739647,103.8528511842789,52.84725609548662,611.8763888888889,305.5656451175103,117.5725643841986,113.26455011880029,14.0
39,87_2,87,4.0986666666666665,1.804135681027221,1.6666666666666667,0.4714045207910317,14.0,19.09624744987001,7.0,9.899494936611664,6.0,6.48074069840786,2.333333333333333,3.2998316455372216,2.6666666666666665,1.8856180831641267,2.6666666666666665,3.771236166328253,0.3333333333333333,0.4714045207910317,2.0,2.8284271247461903,0.0,0.0,0.6666666666666666,0.9428090415820634,0.0,0.0,0.0,0.0,10.0,12.754084313139328,17.0,8.04155872120988,20.0,14.142135623730953,0.0,0.0,2.6666666666666665,3.771236166328253,26.666666666666668,4.027681991198191,0.0,0.0,0.0,0.0,0.3333333333333333,0.4714045207910317,0.6666666666666666,0.9428090415820634,5.641111111111111,4.513901435879998,4.736701296813252,2.2207351324440654,39.06666666666666,95.49093131267998,90.58563750026248,23.621621078468426,75.5111111111111,59.73438480804052,99.53013545948724,46.4827447698826,597.3561111111111,285.0251104730148,124.66949966258164,81.00843779606747,12.666666666666666
40,87_2,87,3.309333333333333,2.7435112943493087,1.3333333333333333,0.9428090415820634,0.6666666666666666,0.9428090415820634,0.6666666666666666,0.9428090415820634,6.0,8.48528137423857,0.6666666666666666,0.9428090415820634,2.6666666666666665,3.771236166328253,3.0,4.242640687119285,0.0,0.0,2.0,2.8284271247461903,0.0,0.0,0.0,0.0,0.0,0.0,0.0,0.0,6.0,6.48074069840786,17.0,10.03327796219494,16.0,11.775681155103795,0.0,0.0,1.6666666666666667,2.357022603955158,25.0,7.071067811865476,0.0,0.0,0.0,0.0,0.0,0.0,0.3333333333333333,0.4714045207910317,4.862962962962963,4.232352208006799,2.948914609880045,0.8710556897136512,18.49907407407407,73.0781483982703,101.85489805233294,46.25527666987279,3.069444444444445,112.52235196332336,92.80415104720326,41.33877862071312,608.7375000000001,282.0562950072924,108.32469310186508,65.41291418669564,12.666666666666666
41,87_2,87,3.8866666666666654,2.791897482995312,1.6666666666666667,1.247219128924647,18.33333333333333,25.927248643506744,0.3333333333333333,0.4714045207910317,10.333333333333334,6.342099196813483,2.333333333333333,3.2998316455372216,3.333333333333333,2.494438257849294,0.0,0.0,0.0,0.0,5.0,7.071067811865476,1.3333333333333333,1.8856180831641267,0.6666666666666666,0.9428090415820634,0.0,0.0,0.0,0.0,6.666666666666667,8.055363982396381,20.666666666666668,11.785113019775793,19.0,8.640987597877148,0.0,0.0,1.3333333333333333,0.9428090415820634,25.33333333333333,4.109609335312651,0.0,0.0,0.0,0.0,0.0,0.0,0.6666666666666666,0.9428090415820634,5.961111111111111,3.95279046613096,4.494253870679066,1.4493506584230815,64.02499999999999,19.002961513835054,101.6276543541024,26.23770408883858,57.94722222222222,53.58223877114874,111.25653140710672,48.63150253389176,512.6180555555555,271.253725147943,105.1998330486486,51.25043060261176,12.666666666666666
42,87_2,87,4.375333333333334,1.5575293112990056,2.333333333333333,0.4714045207910317,5.666666666666667,8.013876853447538,0.0,0.0,1.3333333333333333,0.9428090415820634,0.0,0.0,2.0,2.8284271247461903,1.0,1.4142135623730951,0.0,0.0,1.3333333333333333,1.8856180831641267,0.0,0.0,0.3333333333333333,0.4714045207910317,0.0,0.0,0.0,0.0,13.666666666666666,10.077477638553985,12.666666666666666,8.178562764256865,19.33333333333333,6.649979114420001,0.0,0.0,0.6666666666666666,0.9428090415820634,26.33333333333333,5.185449728701348,0.0,0.0,0.0,0.0,0.0,0.0,0.0,0.0,6.904629629629629,2.909533016329915,3.9253579525100255,1.2627268268776517,3.5037037037037067,90.1142434016654,98.40281248848407,38.89971935845987,94.19907407407406,83.9521639688222,85.05924528716214,48.4919376176598,607.8824074074074,319.9334114230182,84.8821898159914,38.92491103402846,14.0
43,87_2,87,4.15,3.0751423815275074,1.3333333333333333,0.9428090415820634,4.333333333333333,6.128258770283413,3.6666666666666665,5.185449728701348,3.6666666666666665,4.496912521077348,0.3333333333333333,0.4714045207910317,6.0,7.788880963698615,1.0,1.4142135623730951,0.0,0.0,8.0,11.31370849898476,0.0,0.0,0.3333333333333333,0.4714045207910317,0.0,0.0,0.0,0.0,9.333333333333334,12.498888839501785,15.666666666666666,10.624918300339486,17.666666666666668,12.657891697365017,0.0,0.0,3.6666666666666665,2.867441755680876,28.0,2.8284271247461903,0.0,0.0,0.0,0.0,0.0,0.0,1.0,1.4142135623730951,6.1944444444444455,3.857210259715475,4.091567004245346,1.1371894389859325,70.66388888888889,55.563128233890886,93.80592233013374,22.18712455407637,78.89351851851852,42.21940696835929,106.80169025758472,40.91826339942829,550.5601851851852,272.3649784045923,83.81779757245077,53.44651963487457,14.0
44,87_2,87,3.595,3.390356421774364,1.3333333333333333,0.9428090415820634,18.666666666666668,13.424687043734847,1.6666666666666667,1.699673171197595,10.333333333333334,11.897712198383164,1.6666666666666667,2.357022603955158,6.0,8.48528137423857,0.0,0.0,0.0,0.0,4.333333333333333,6.128258770283413,0.0,0.0,0.0,0.0,0.0,0.0,0.0,0.0,7.666666666666667,10.842303978193728,19.0,8.981462390204987,21.33333333333333,11.55662388223981,0.0,0.0,0.3333333333333333,0.4714045207910317,25.0,5.715476066494082,0.0,0.0,0.0,0.0,0.0,0.0,6.0,8.48528137423857,4.183333333333333,4.9131390358084905,4.23473376304418,1.5393127232103874,35.7,78.57607277640544,93.85157689855596,57.04527267026432,70.89999999999999,68.50322072720377,103.61582397290331,68.39503348745176,584.2847222222223,281.2489479884303,81.75482084304703,59.500096807305184,14.0
45,87_2,87,1.1753333333333331,0.348233957116317,1.0,0.0,20.666666666666668,29.227080289043965,0.3333333333333333,0.4714045207910317,8.666666666666666,7.363574011458175,0.0,0.0,3.0,4.242640687119285,0.3333333333333333,0.4714045207910317,2.0,2.8284271247461903,6.0,8.48528137423857,1.6666666666666667,2.357022603955158,3.333333333333333,4.714045207910316,0.0,0.0,1.6666666666666667,2.357022603955158,10.666666666666666,12.36482466066094,17.666666666666668,10.208928554075705,20.666666666666668,9.877021593352705,0.0,0.0,1.3333333333333333,1.247219128924647,26.33333333333333,5.185449728701348,1.3333333333333333,1.8856180831641267,0.0,0.0,0.0,0.0,1.0,1.4142135623730951,7.044444444444444,3.9325937000758855,2.8546099639032883,0.3678618278028294,46.21666666666667,69.8670056050939,98.26155996440389,53.05930513246132,87.70555555555556,59.54056208964286,96.45712149065984,56.37294104669907,607.4541666666667,330.88257202504246,85.26317682775118,39.55897657259496,14.0
46,87_2,87,3.892333333333333,1.7918616638072875,2.0,0.816496580927726,97.66666666666669,136.7097493069004,97.33333333333331,135.52941460148872,6.333333333333333,7.586537784494029,0.0,0.0,0.3333333333333333,0.4714045207910317,2.333333333333333,3.2998316455372216,8.0,11.31370849898476,7.666666666666667,10.842303978193728,3.333333333333333,4.714045207910316,8.333333333333334,11.785113019775793,0.0,0.0,8.0,11.31370849898476,9.0,12.727922061357855,14.0,9.41629792788369,12.666666666666666,10.624918300339486,0.0,0.0,1.3333333333333333,1.247219128924647,24.0,7.788880963698615,5.666666666666667,8.013876853447538,0.6666666666666666,0.9428090415820634,0.0,0.0,3.6666666666666665,3.299831645537222,3.985,5.115572268048769,4.716064484747871,1.9597230619155104,27.57,64.81556564591564,93.58632022251524,46.27868534443083,7.6022222222222195,111.08684615878774,85.63057230121501,50.95876517810749,574.4161111111111,315.47340987933524,127.6356717367678,63.66000765662141,14.0
47,87_2,87,3.709666666666667,1.5152518675857891,1.6666666666666667,0.4714045207910317,2.6666666666666665,3.771236166328253,2.333333333333333,3.2998316455372216,8.0,9.93310961716756,1.3333333333333333,1.8856180831641267,1.3333333333333333,1.8856180831641267,1.3333333333333333,1.8856180831641267,4.0,5.656854249492381,5.666666666666667,8.013876853447538,0.3333333333333333,0.4714045207910317,4.666666666666667,6.599663291074443,0.0,0.0,3.6666666666666665,5.185449728701348,5.333333333333333,7.542472332656507,18.33333333333333,12.498888839501785,17.333333333333332,12.684198393626966,0.0,0.0,2.333333333333333,2.0548046676563256,23.666666666666668,8.259674462242579,1.0,1.4142135623730951,0.0,0.0,0.0,0.0,1.6666666666666667,2.357022603955158,4.919444444444444,5.328215136723542,4.380452423346397,0.8329123893184438,50.2388888888889,45.65925341964656,92.3959128139456,38.69578607668512,62.45000000000001,67.08312663874298,100.552496299673,45.25800908184538,565.0611111111111,269.76953474930787,100.76957111808458,35.06020723818814,14.0
48,87_2,87,5.871,0.5061620293937508,2.0,0.0,0.0,0.0,0.0,0.0,12.0,8.831760866327848,2.0,2.8284271247461903,1.3333333333333333,1.8856180831641267,2.333333333333333,3.2998316455372216,0.0,0.0,3.6666666666666665,5.185449728701348,0.0,0.0,2.0,2.8284271247461903,0.0,0.0,0.0,0.0,5.666666666666667,8.013876853447538,19.0,6.377042156569663,20.33333333333333,7.133644853010899,0.0,0.0,3.6666666666666665,2.867441755680876,26.666666666666668,4.714045207910316,1.0,1.4142135623730951,0.0,0.0,1.6666666666666667,2.357022603955158,0.3333333333333333,0.4714045207910317,5.636111111111112,3.6620699300859214,4.0090772506412575,1.334412260087647,34.919444444444444,55.06417650297349,103.0011020517956,41.74096086673792,28.694444444444446,89.75802407474481,100.2535760467078,47.76271576894217,617.5402777777778,298.78446872931335,134.47361688489104,65.45826209131984,14.0
49,87_2,87,1.816,0.823073913246354,1.6666666666666667,0.4714045207910317,0.0,0.0,0.0,0.0,9.0,10.03327796219494,2.333333333333333,3.2998316455372216,3.333333333333333,4.714045207910316,0.3333333333333333,0.4714045207910317,2.0,2.8284271247461903,7.333333333333333,10.370899457402697,1.3333333333333333,1.8856180831641267,3.0,4.242640687119285,0.0,0.0,1.6666666666666667,2.357022603955158,10.333333333333334,10.656244908763853,17.666666666666668,3.299831645537222,19.0,10.198039027185567,0.0,0.0,3.0,2.943920288775949,26.0,3.559026084010437,1.6666666666666667,2.357022603955158,0.0,0.0,0.0,0.0,2.0,2.8284271247461903,7.097222222222221,5.156267910556248,3.842143529811096,0.9031543201249512,38.775,77.8516014726213,97.7980145549488,39.42662185816917,74.38055555555555,70.47470465999542,101.39135951829284,53.11775630122881,630.5319444444444,304.57483743914275,140.55773993162762,75.05066847845481,14.0
50,87_2,87,7.525000000000001,2.431911730854281,2.6666666666666665,0.4714045207910317,20.33333333333333,28.75567576825293,0.0,0.0,4.0,5.656854249492381,0.6666666666666666,0.9428090415820634,0.0,0.0,0.0,0.0,6.666666666666667,9.428090415820632,9.0,12.727922061357855,0.6666666666666666,0.9428090415820634,8.666666666666666,12.256517540566826,0.0,0.0,7.0,9.899494936611664,10.666666666666666,13.02134998974974,13.333333333333334,11.2644968324772,17.333333333333332,12.684198393626966,0.0,0.0,2.333333333333333,3.2998316455372216,26.33333333333333,5.185449728701348,2.6666666666666665,3.771236166328253,0.6666666666666666,0.9428090415820634,0.0,0.0,1.3333333333333333,1.8856180831641267,5.469444444444444,5.052705240454224,3.594754549656924,1.24293704808354,69.86944444444444,39.53810710669198,92.3317293853358,36.5880389736228,81.84722222222223,72.2290025663403,89.16891435948192,45.79820384949903,603.9277777777778,327.54289230596095,87.54143022788692,45.96017620611071,14.0
51,87_2,87,6.397666666666667,1.7618417131576325,2.333333333333333,0.4714045207910317,24.0,33.94112549695428,19.666666666666668,27.812866726670865,6.0,8.48528137423857,2.333333333333333,3.2998316455372216,0.0,0.0,0.3333333333333333,0.4714045207910317,0.3333333333333333,0.4714045207910317,1.0,1.4142135623730951,0.0,0.0,0.3333333333333333,0.4714045207910317,0.0,0.0,0.0,0.0,3.0,4.242640687119285,20.33333333333333,12.283683848458852,13.666666666666666,12.391753530294071,0.0,0.0,2.0,2.8284271247461903,21.0,10.677078252031311,0.3333333333333333,0.4714045207910317,0.0,0.0,0.0,0.0,1.3333333333333333,1.8856180831641267,6.048333333333333,4.052777511232951,4.180025859085073,1.6958979711324649,25.34055555555556,56.49421036107141,99.89700859892385,31.373049767120825,44.52222222222221,83.88121941762444,97.23037601169626,37.28863565676115,553.8775,315.6243634515033,135.12292107080214,85.44260603234973,14.0
52,87_2,87,8.766333333333334,4.639096200291125,2.6666666666666665,0.9428090415820634,28.666666666666668,35.03648891592243,3.333333333333333,3.39934634239519,10.0,14.142135623730953,3.0,4.242640687119285,3.333333333333333,4.714045207910316,3.0,3.559026084010437,0.0,0.0,4.0,5.656854249492381,1.0,1.4142135623730951,1.3333333333333333,1.8856180831641267,0.0,0.0,0.0,0.0,9.333333333333334,13.199326582148888,14.333333333333334,10.274023338281628,18.666666666666668,13.224556283251582,0.0,0.0,3.333333333333333,4.714045207910316,29.0,1.4142135623730951,0.0,0.0,0.0,0.0,0.0,0.0,2.0,2.8284271247461903,4.486111111111111,3.380563544225017,4.109273738859181,1.0388534840604398,42.21851851851852,41.72951841893211,107.1806038970646,32.58400736742827,49.66296296296296,83.22934296581502,108.09022529576498,45.4512120406425,538.1384259259258,270.6150977392057,83.53823875802766,48.34232410212224,14.0
53,87_2,87,1.893,1.5260172563462926,0.6666666666666666,0.4714045207910317,10.666666666666666,15.084944665313014,0.0,0.0,5.0,3.559026084010437,0.0,0.0,3.0,4.242640687119285,1.0,1.4142135623730951,1.0,1.4142135623730951,4.666666666666667,6.599663291074443,0.3333333333333333,0.4714045207910317,2.0,2.8284271247461903,0.0,0.0,1.0,1.4142135623730951,9.0,12.727922061357855,15.666666666666666,7.1336448530109,22.666666666666668,9.67241208569794,0.0,0.0,2.6666666666666665,1.8856180831641267,28.0,2.8284271247461903,0.0,0.0,0.0,0.0,0.0,0.0,2.0,2.8284271247461903,7.277777777777779,3.4261949343834863,3.668433910822104,1.1181375276858108,27.16944444444445,75.05380611087219,97.29354652792864,36.34995915911927,75.14444444444445,55.01124309887889,109.30336486787216,42.58912259892181,578.4041666666667,284.20642335525935,68.05300800749787,20.37722790527836,14.0
54,87_2,87,3.7736666666666654,2.1152317971219032,2.333333333333333,0.9428090415820634,10.333333333333334,9.030811456096044,4.666666666666667,3.6817870057290873,10.333333333333334,13.199326582148888,1.3333333333333333,1.8856180831641267,0.0,0.0,2.0,2.8284271247461903,0.0,0.0,2.0,2.8284271247461903,0.0,0.0,1.6666666666666667,2.357022603955158,0.0,0.0,0.0,0.0,8.666666666666666,12.256517540566826,17.0,12.19289410544792,20.0,12.083045973594572,0.0,0.0,0.3333333333333333,0.4714045207910317,29.33333333333333,0.9428090415820634,0.0,0.0,0.0,0.0,0.0,0.0,1.0,1.4142135623730951,4.827222222222222,5.810549208015145,4.106212005437908,2.069365129809542,20.017962962962965,75.15619174546936,90.10992215650543,48.76913193263673,26.52333333333333,101.20722331855494,98.19837377843125,61.17314871991257,512.7591666666667,218.6497148673514,124.08819055722653,76.18034117232334,14.0
55,87_2,87,6.456,4.871318165206073,2.333333333333333,0.4714045207910317,16.333333333333332,22.395436042987765,1.0,1.4142135623730951,9.333333333333334,11.8133634311129,2.333333333333333,3.2998316455372216,0.3333333333333333,0.4714045207910317,4.0,5.656854249492381,2.6666666666666665,3.771236166328253,4.666666666666667,6.599663291074443,1.3333333333333333,1.8856180831641267,6.0,8.48528137423857,0.0,0.0,2.333333333333333,3.2998316455372216,10.0,14.142135623730953,14.666666666666666,11.585431464655176,19.0,13.4412301024373,0.0,0.0,1.6666666666666667,1.699673171197595,26.666666666666668,3.39934634239519,0.6666666666666666,0.9428090415820634,0.0,0.0,0.0,0.0,2.333333333333333,3.2998316455372216,3.9933333333333336,4.955838868333886,5.498742077527377,3.309952501899371,37.47462962962963,61.233977700013135,90.18899645318032,49.923457834189904,28.840000000000003,97.30088459729252,92.61564191085311,44.34995163776278,559.2275925925926,267.17792581059024,92.54246036562115,42.63137602170711,14.0
56,87_2,87,3.061,2.60553807622661,1.0,0.816496580927726,2.0,2.160246899469287,1.6666666666666667,2.357022603955158,4.333333333333333,6.128258770283412,0.0,0.0,1.0,1.4142135623730951,0.6666666666666666,0.9428090415820634,1.6666666666666667,2.357022603955158,7.666666666666667,10.842303978193728,0.3333333333333333,0.4714045207910317,6.0,8.48528137423857,0.0,0.0,1.6666666666666667,2.357022603955158,9.333333333333334,13.199326582148888,12.666666666666666,11.585431464655176,19.33333333333333,13.695092389449425,0.0,0.0,3.0,2.160246899469287,29.0,1.4142135623730951,0.3333333333333333,0.4714045207910317,0.0,0.0,0.0,0.0,1.0,1.4142135623730951,6.87,5.263594744053689,3.882048224933061,1.4248917131167842,59.97777777777778,29.49765710512206,103.851563499055,34.37037146624506,22.24000000000001,109.37824562803458,100.32461294662984,35.72164047492815,616.1916666666667,299.1511579855142,112.21336852403148,68.42340265560742,14.0
57,87_2,87,2.862,2.479220173092069,1.6666666666666667,1.247219128924647,21.666666666666668,30.641293851417057,2.6666666666666665,3.771236166328253,5.333333333333333,7.542472332656507,0.0,0.0,1.6666666666666667,1.247219128924647,1.3333333333333333,1.8856180831641267,0.0,0.0,5.333333333333333,7.542472332656507,0.3333333333333333,0.4714045207910317,0.3333333333333333,0.4714045207910317,0.0,0.0,0.0,0.0,8.0,11.31370849898476,16.0,11.430952132988164,19.33333333333333,13.02134998974974,0.0,0.0,7.333333333333333,10.370899457402697,27.666666666666668,1.699673171197595,0.3333333333333333,0.4714045207910317,0.0,0.0,0.0,0.0,2.333333333333333,3.2998316455372216,6.626851851851851,5.339836088430351,5.335453827386567,2.589386148211639,71.75740740740741,86.43932951440486,73.45420831700527,51.50031998449654,45.00277777777779,84.2474753257653,104.7424209699683,38.93256211538693,499.1430555555556,233.2596600291477,56.285746237267865,8.544194525946821,14.0
58,87_2,87,2.382333333333333,2.7046264478153392,1.0,0.816496580927726,24.0,33.94112549695428,2.6666666666666665,3.771236166328253,5.333333333333333,7.542472332656507,0.0,0.0,0.0,0.0,0.6666666666666666,0.9428090415820634,0.3333333333333333,0.4714045207910317,3.6666666666666665,5.185449728701348,0.0,0.0,1.6666666666666667,2.357022603955158,0.0,0.0,0.0,0.0,8.0,11.31370849898476,20.0,11.430952132988164,20.33333333333333,10.96458946893235,0.0,0.0,3.333333333333333,4.714045207910316,28.666666666666668,1.8856180831641267,0.0,0.0,0.0,0.0,0.0,0.0,1.0,1.4142135623730951,7.663888888888889,6.450614862070548,4.031632479291129,2.832040508328537,58.1611111111111,92.97447786328578,83.124486037628,50.06437574891287,11.019444444444446,112.32524726364731,97.5504073521422,57.98651856782147,524.1680555555555,263.02633195205823,53.354108595927705,2.5464444817760183,14.0
59,87_2,87,3.311,1.1363646715146802,1.6666666666666667,0.4714045207910317,1.0,1.4142135623730951,0.6666666666666666,0.9428090415820634,7.0,9.899494936611664,0.6666666666666666,0.9428090415820634,1.6666666666666667,2.357022603955158,1.3333333333333333,1.8856180831641267,0.3333333333333333,0.4714045207910317,2.6666666666666665,3.771236166328253,0.0,0.0,2.0,2.8284271247461903,0.0,0.0,0.3333333333333333,0.4714045207910317,8.333333333333334,11.785113019775793,16.666666666666668,12.47219128924647,19.33333333333333,11.61416759345623,0.0,0.0,1.6666666666666667,2.357022603955158,25.33333333333333,4.642796092394706,0.6666666666666666,0.9428090415820634,0.0,0.0,0.0,0.0,1.0,1.4142135623730951,7.647222222222223,5.945486668759343,5.304795156414506,2.7797224109278487,7.525000000000001,70.6542504160355,98.40650641848735,28.002238321064382,37.30555555555555,79.66521103195191,124.44220132518832,30.84554955726102,541.2513888888889,251.27430913203992,66.81634225254577,20.070264348033067,14.0
60,87_2,87,5.348999999999999,0.8126922336694662,2.6666666666666665,0.4714045207910317,8.666666666666666,12.256517540566824,6.666666666666667,9.428090415820632,10.0,12.027745701779144,0.0,0.0,0.6666666666666666,0.9428090415820634,2.0,2.8284271247461903,0.0,0.0,2.0,2.8284271247461903,0.0,0.0,0.6666666666666666,0.9428090415820634,0.0,0.0,0.0,0.0,5.666666666666667,8.013876853447538,18.33333333333333,11.897712198383164,16.333333333333332,11.025223605694151,0.0,0.0,4.0,5.656854249492381,27.0,3.559026084010437,0.3333333333333333,0.4714045207910317,0.0,0.0,0.0,0.0,1.6666666666666667,2.357022603955158,5.752777777777777,4.8653648055781,5.305351622740793,0.8466867297536266,37.452777777777776,65.57918112414626,94.3650639964918,54.89713864307743,42.925,89.46628891292994,95.55440388186597,56.86777504524032,547.4777777777778,244.12357788015103,119.43010655731058,69.67505503078397,14.0
61,87_2,87,2.8030000000000004,0.6934493492678467,1.6666666666666667,0.4714045207910317,31.0,43.840620433565945,1.0,1.4142135623730951,8.0,10.614455552060438,0.0,0.0,1.0,1.4142135623730951,0.0,0.0,0.0,0.0,2.6666666666666665,3.771236166328253,0.0,0.0,2.333333333333333,3.2998316455372216,0.0,0.0,0.0,0.0,9.666666666666666,12.970050972229147,18.666666666666668,10.338708279513884,21.0,12.727922061357855,0.0,0.0,8.333333333333334,11.785113019775793,29.0,1.4142135623730951,0.0,0.0,0.0,0.0,0.0,0.0,0.3333333333333333,0.4714045207910317,7.695555555555555,5.040689314511667,3.7539608633071193,1.631542687293891,41.99,89.75562613130289,85.39757400563867,28.755313490752663,76.32388888888889,64.62080183847081,93.24699342853783,51.37111952418257,468.12750000000005,244.81995156399384,51.30149512840799,29.821174161608184,14.0
62,87_2,87,3.171666666666667,2.508200195802205,1.0,0.816496580927726,2.0,2.160246899469287,1.0,1.4142135623730951,6.333333333333333,8.259674462242579,2.6666666666666665,3.771236166328253,0.3333333333333333,0.4714045207910317,0.3333333333333333,0.4714045207910317,2.333333333333333,3.2998316455372216,7.333333333333333,10.370899457402697,0.6666666666666666,0.9428090415820634,7.0,9.899494936611664,0.0,0.0,3.0,4.242640687119285,12.0,12.96148139681572,10.333333333333334,11.8133634311129,18.0,12.96148139681572,0.0,0.0,5.333333333333333,5.557777333511022,29.33333333333333,0.9428090415820634,0.3333333333333333,0.4714045207910317,0.0,0.0,0.3333333333333333,0.4714045207910317,2.6666666666666665,3.771236166328253,5.463888888888889,3.245226789236809,4.649148900079397,1.131236894862408,79.13888888888887,29.32417496971264,103.77261377518636,37.71449827673703,78.49111111111111,47.15045471940767,96.88320827527484,47.20562931976337,558.1841666666667,276.40164840704125,93.0421206657606,56.24240631730327,14.0
63,87_2,87,4.945333333333333,3.02029273783556,1.6666666666666667,0.4714045207910317,0.0,0.0,0.0,0.0,7.0,7.25718035235908,1.0,1.4142135623730951,0.3333333333333333,0.4714045207910317,1.3333333333333333,1.8856180831641267,3.0,4.242640687119285,5.333333333333333,7.542472332656507,0.3333333333333333,0.4714045207910317,6.666666666666667,9.428090415820632,0.0,0.0,3.333333333333333,4.714045207910316,10.0,10.801234497346432,17.666666666666668,9.809292646374775,18.0,12.027745701779144,0.0,0.0,1.6666666666666667,1.699673171197595,26.0,4.242640687119285,1.0,1.4142135623730951,0.0,0.0,0.0,0.0,1.3333333333333333,1.8856180831641267,6.812222222222222,5.683217876528997,3.013248310239092,1.1301414982321638,32.44222222222223,55.11492883282091,109.8793562676101,38.23494639037522,12.85425925925926,96.25217576113133,105.70648536894434,49.44584247314744,622.170925925926,305.618932848994,96.304309799333,52.82511224672047,14.0
64,87_2,87,2.910333333333333,2.060466020642472,0.6666666666666666,0.4714045207910317,0.0,0.0,0.0,0.0,8.666666666666666,12.256517540566824,5.0,7.071067811865476,0.3333333333333333,0.4714045207910317,3.333333333333333,4.714045207910316,0.0,0.0,0.3333333333333333,0.4714045207910317,0.0,0.0,0.6666666666666666,0.9428090415820634,0.0,0.0,0.0,0.0,3.6666666666666665,3.299831645537222,18.33333333333333,11.115554667022044,14.0,11.775681155103795,0.0,0.0,0.6666666666666666,0.9428090415820634,23.0,5.354126134736337,0.3333333333333333,0.4714045207910317,0.0,0.0,0.0,0.0,2.0,2.8284271247461903,1.1029629629629631,8.29958043876518,7.294093050335898,6.0032790927311215,-2.0107407407407343,110.4197530799322,57.50083536018815,32.09200195156322,4.622962962962959,122.92421392383548,77.4691938897849,47.51314227028276,519.1497222222222,236.6799410844281,141.07945902609418,90.39054092559284,14.0
65,87_2,87,5.409,3.4778126267334573,1.3333333333333333,0.4714045207910317,0.0,0.0,0.0,0.0,9.666666666666666,12.283683848458852,5.0,7.071067811865476,1.3333333333333333,1.8856180831641267,7.666666666666667,8.178562764256865,0.3333333333333333,0.4714045207910317,2.0,2.8284271247461903,0.0,0.0,1.0,1.4142135623730951,0.0,0.0,0.0,0.0,2.0,2.8284271247461903,19.0,11.575836902790224,11.666666666666666,11.32352516764202,0.0,0.0,0.0,0.0,20.33333333333333,6.847546194724712,0.3333333333333333,0.4714045207910317,0.0,0.0,0.0,0.0,4.333333333333333,5.436502143433364,1.6594444444444445,7.440875139357344,6.501844900390668,5.443313509741833,26.5475925925926,73.55104706213842,87.23838932917361,40.4284687539687,21.306481481481484,107.0294631355354,97.27000670703896,48.12744057674102,468.4890740740741,223.2742761337316,94.50950453708738,43.41636385103212,14.0
66,87_2,87,3.691333333333334,3.8505017277694553,1.0,0.816496580927726,6.666666666666667,9.428090415820632,5.333333333333333,7.542472332656507,8.666666666666666,10.208928554075705,0.3333333333333333,0.4714045207910317,1.0,0.816496580927726,0.0,0.0,0.0,0.0,2.6666666666666665,3.771236166328253,0.0,0.0,0.0,0.0,0.0,0.0,0.0,0.0,5.333333333333333,6.847546194724712,16.0,12.027745701779144,14.333333333333334,11.841546445554409,0.0,0.0,2.0,1.4142135623730951,29.33333333333333,0.9428090415820634,0.0,0.0,0.0,0.0,0.6666666666666666,0.9428090415820634,2.6666666666666665,3.091206165165235,5.004444444444444,4.33246921583672,6.093115290759879,0.6221585318014657,62.16166666666667,49.41786296097425,93.4234364838386,44.01090085710452,65.55444444444444,61.20759297386494,105.3966814825939,37.17948609327936,429.65222222222224,174.9515746972379,108.97513730878111,51.133458649300366,14.0
67,87_2,87,4.138000000000001,3.427426537019673,2.0,1.4142135623730951,12.333333333333334,17.441967269268172,0.0,0.0,8.0,10.614455552060438,2.333333333333333,3.2998316455372216,1.3333333333333333,1.8856180831641267,1.0,1.4142135623730951,1.0,1.4142135623730951,2.6666666666666665,3.771236166328253,0.3333333333333333,0.4714045207910317,1.3333333333333333,1.8856180831641267,0.0,0.0,0.3333333333333333,0.4714045207910317,7.666666666666667,9.46337971105226,18.0,11.575836902790224,14.333333333333334,10.624918300339486,0.0,0.0,0.3333333333333333,0.4714045207910317,26.666666666666668,4.027681991198191,0.6666666666666666,0.9428090415820634,0.0,0.0,0.0,0.0,2.6666666666666665,3.771236166328253,5.883333333333333,3.9650615333135706,5.772066384820897,2.622950632320592,26.808333333333334,48.56530730958133,111.20076774152484,31.273395227666285,65.5,47.15258967398252,103.1076523058496,31.861759397465004,489.4611111111112,258.56311139314226,73.58128987187747,25.4587078669304,14.0
68,87_2,87,4.133333333333334,2.6248055589361705,1.6666666666666667,0.4714045207910317,14.333333333333334,20.27039439401436,1.3333333333333333,1.8856180831641267,6.666666666666667,6.649979114420001,1.0,1.4142135623730951,1.0,1.4142135623730951,3.333333333333333,3.39934634239519,0.0,0.0,0.0,0.0,0.0,0.0,0.0,0.0,0.0,0.0,0.0,0.0,10.333333333333334,7.408703590297622,18.33333333333333,12.364824660660938,10.333333333333334,12.498888839501785,0.0,0.0,0.0,0.0,28.0,2.8284271247461903,0.0,0.0,0.0,0.0,0.0,0.0,2.0,2.8284271247461903,3.033333333333333,4.00791462354547,4.584856341260067,1.4276598685883584,5.945000000000003,105.18921660864645,68.56411740084273,36.697551619396485,22.03222222222222,119.50456969670684,69.36752573473741,40.23262138415223,526.5355555555556,255.62913727190127,85.31490902049087,28.169810051940367,14.0
69,87_2,87,5.536333333333334,1.91564250898288,2.333333333333333,0.9428090415820634,5.666666666666667,8.013876853447538,1.3333333333333333,1.8856180831641267,6.333333333333333,5.792715732327589,0.0,0.0,0.6666666666666666,0.9428090415820634,1.0,1.4142135623730951,1.3333333333333333,1.8856180831641267,3.6666666666666665,5.185449728701348,0.0,0.0,3.6666666666666665,5.185449728701348,0.0,0.0,1.0,1.4142135623730951,10.666666666666666,10.530379332620877,14.666666666666666,10.274023338281628,15.666666666666666,10.338708279513884,0.0,0.0,1.6666666666666667,1.247219128924647,28.666666666666668,1.8856180831641267,0.3333333333333333,0.4714045207910317,0.0,0.0,0.3333333333333333,0.4714045207910317,1.6666666666666667,2.357022603955158,5.905555555555556,4.461223535320637,2.9119089044542954,0.4094931993427146,17.494444444444444,70.14183558166576,111.066201462704,48.78239193619376,50.25277777777777,63.2654908322611,115.13450549719364,44.55459011592594,546.9916666666667,271.76006384905185,76.16496131719207,26.405708355473813,14.0
70,87_2,87,3.1716666666666664,2.834267493060988,1.3333333333333333,0.9428090415820634,28.33333333333333,40.069384267237695,1.3333333333333333,1.8856180831641267,4.333333333333333,3.2998316455372216,0.0,0.0,1.0,0.816496580927726,0.3333333333333333,0.4714045207910317,5.0,7.071067811865476,6.333333333333333,8.956685895029603,1.6666666666666667,2.357022603955158,7.333333333333333,10.370899457402697,0.0,0.0,4.333333333333333,6.128258770283413,10.0,14.142135623730953,13.333333333333334,11.8133634311129,17.333333333333332,9.285592184789412,0.0,0.0,0.6666666666666666,0.4714045207910317,28.0,2.8284271247461903,1.6666666666666667,2.357022603955158,0.0,0.0,0.0,0.0,1.0,1.4142135623730951,7.55,3.251751664701487,3.2805631473055263,1.1385248218085524,85.64111111111112,52.476519975751366,95.53475680082244,51.68279924164472,72.44777777777777,73.32497187600745,105.30059136563618,55.563577271072255,501.9038888888888,277.699318808709,70.16641746671853,26.478736440723303,14.0
71,87_2,87,6.071666666666666,1.843652232812781,2.333333333333333,0.9428090415820634,16.666666666666668,23.570226039551585,2.333333333333333,3.2998316455372216,2.333333333333333,3.2998316455372216,0.3333333333333333,0.4714045207910317,0.6666666666666666,0.9428090415820634,0.6666666666666666,0.9428090415820634,1.0,1.4142135623730951,2.0,2.8284271247461903,0.0,0.0,2.6666666666666665,3.771236166328253,0.0,0.0,0.0,0.0,10.0,14.142135623730953,15.333333333333334,11.585431464655176,13.666666666666666,11.897712198383164,0.0,0.0,1.0,0.816496580927726,29.666666666666668,0.4714045207910317,0.3333333333333333,0.4714045207910317,0.0,0.0,0.0,0.0,1.0,1.4142135623730951,7.526851851851852,3.135010988138255,3.9501609701245344,0.7580883591709836,-2.066666666666663,97.82458530829938,90.54199716076388,44.004823039724975,48.04351851851853,99.47710275690628,103.98057830063708,51.110549789084125,505.6824074074074,266.3570658741129,66.84753202720754,17.450979452067525,14.0
72,87_2,87,3.839,1.932742265969953,1.6666666666666667,0.4714045207910317,0.6666666666666666,0.9428090415820634,0.0,0.0,1.6666666666666667,1.699673171197595,1.0,1.4142135623730951,3.0,3.559026084010437,1.3333333333333333,1.8856180831641267,1.3333333333333333,1.8856180831641267,5.666666666666667,8.013876853447538,1.0,1.4142135623730951,5.333333333333333,7.542472332656507,0.0,0.0,0.0,0.0,10.0,12.083045973594572,12.0,9.41629792788369,15.0,10.98483803552272,0.0,0.0,3.333333333333333,2.867441755680876,29.0,1.4142135623730951,0.3333333333333333,0.4714045207910317,0.0,0.0,0.0,0.0,0.0,0.0,7.575,5.085605138980968,2.307703597778655,0.9132205086352596,35.93611111111111,70.6803296321797,98.448032240961,61.465666181853095,59.719444444444434,94.51446399531126,103.03014458726692,67.38508445682025,620.2138888888888,289.32607520444793,64.27799031681283,38.99586555362196,14.0
73,87_2,87,4.903333333333333,3.584711362935035,2.333333333333333,1.699673171197595,4.666666666666667,6.599663291074443,4.333333333333333,6.128258770283412,6.0,7.118052168020874,1.0,1.4142135623730951,3.0,4.242640687119285,0.3333333333333333,0.4714045207910317,0.0,0.0,4.0,5.656854249492381,0.6666666666666666,0.9428090415820634,3.0,4.242640687119285,0.0,0.0,0.0,0.0,10.333333333333334,11.2644968324772,10.666666666666666,8.576453553512405,16.666666666666668,12.036980056845191,0.0,0.0,2.6666666666666665,2.494438257849294,27.33333333333333,2.0548046676563256,0.0,0.0,0.0,0.0,0.0,0.0,1.0,1.4142135623730951,7.726481481481481,5.1618392687576335,4.07477832277246,0.7090621776008013,46.34129629629629,39.36797780176517,106.49286585185962,41.39574539433351,27.790925925925933,107.32337691565095,96.54703614018416,30.8094664500527,537.8000000000001,256.0913675882901,131.72589677357902,62.01504507742986,14.0
74,87_2,87,5.266666666666667,1.2982352979675484,2.0,0.816496580927726,3.333333333333333,4.714045207910316,0.3333333333333333,0.4714045207910317,10.333333333333334,8.498365855987974,0.0,0.0,1.6666666666666667,1.247219128924647,2.6666666666666665,3.771236166328253,3.6666666666666665,5.185449728701348,5.0,7.071067811865476,0.0,0.0,6.0,8.48528137423857,0.0,0.0,4.333333333333333,6.128258770283413,6.333333333333333,8.956685895029603,16.0,10.23067283548187,14.333333333333334,12.283683848458852,0.0,0.0,0.6666666666666666,0.9428090415820634,24.666666666666668,4.189935029992178,2.6666666666666665,3.771236166328253,0.0,0.0,0.0,0.0,1.6666666666666667,1.699673171197595,5.808399470899471,3.639165597127487,4.307968497878275,0.2393087806462726,57.52757936507936,27.976031409262976,99.14642184586872,25.29349680026404,13.120052910052914,92.16003427252608,93.066130711204,25.7032997843328,522.5147552910054,270.08274900042466,142.2300663132969,41.92313987962343,14.0
75,87_2,87,2.1713333333333336,0.9758856945815372,1.3333333333333333,0.4714045207910317,18.33333333333333,25.927248643506744,0.3333333333333333,0.4714045207910317,7.666666666666667,6.128258770283412,0.3333333333333333,0.4714045207910317,3.6666666666666665,5.185449728701348,1.6666666666666667,2.357022603955158,1.3333333333333333,1.8856180831641267,6.666666666666667,9.428090415820632,0.0,0.0,2.6666666666666665,3.771236166328253,0.0,0.0,1.0,1.4142135623730951,9.333333333333334,13.199326582148888,16.333333333333332,11.440668201153676,16.0,9.899494936611664,0.0,0.0,5.666666666666667,5.436502143433363,29.33333333333333,0.9428090415820634,0.0,0.0,0.0,0.0,0.0,0.0,1.6666666666666667,2.357022603955158,6.608333333333333,2.9180076282488567,4.929691722046967,1.2377607049097346,53.1,80.92619150943791,86.03492735337265,35.164526360933415,35.94722222222222,126.38348944510508,74.00287386600363,35.804504648031035,570.1152777777778,283.2774641472082,103.79661530921987,76.11014766398208,14.0
76,87_2,87,11.036666666666669,3.351737095232195,3.333333333333333,0.4714045207910317,0.0,0.0,0.0,0.0,4.666666666666667,4.109609335312651,0.3333333333333333,0.4714045207910317,0.6666666666666666,0.9428090415820634,2.333333333333333,1.699673171197595,6.333333333333333,8.956685895029603,3.0,4.242640687119285,0.0,0.0,7.333333333333333,10.370899457402697,0.0,0.0,7.333333333333333,10.370899457402697,6.666666666666667,9.428090415820632,17.0,5.354126134736337,11.666666666666666,8.65383665716478,0.0,0.0,1.0,1.4142135623730951,20.666666666666668,8.339997335464536,4.0,5.656854249492381,0.0,0.0,0.0,0.0,0.3333333333333333,0.4714045207910317,4.992592592592592,5.937345334062371,4.329289731713503,1.1821209260903007,11.13703703703704,104.1244525408946,69.63152243962934,15.336427070567558,14.990740740740732,107.84235201217167,79.79127152158988,28.09298795975632,538.8375,300.6712151086422,107.99095518354024,60.41376979783248,14.0
77,87_2,87,5.106,2.8925315325276344,2.0,0.816496580927726,0.0,0.0,0.0,0.0,5.666666666666667,6.018490028422596,0.6666666666666666,0.9428090415820634,0.3333333333333333,0.4714045207910317,2.0,2.8284271247461903,6.0,8.48528137423857,2.6666666666666665,3.771236166328253,0.0,0.0,8.333333333333334,11.785113019775793,0.0,0.0,7.666666666666667,10.842303978193728,6.0,5.887840577551898,15.0,10.03327796219494,12.666666666666666,11.32352516764202,0.0,0.0,3.0,4.242640687119285,22.33333333333333,7.3181661333667165,5.666666666666667,8.013876853447538,0.3333333333333333,0.4714045207910317,0.0,0.0,0.6666666666666666,0.9428090415820634,6.6034656084656085,4.684248616651417,5.188833154727604,2.371344267252013,17.702222222222215,60.20015227514476,107.58437948981786,35.11028091863427,11.968214285714287,86.52484988939452,93.25063323727106,30.91469525344564,600.5793386243387,291.01748661051784,139.73467806979963,79.59699307605594,14.0
78,87_2,87,7.364333333333332,1.1361796610669557,2.333333333333333,0.4714045207910317,47.0,57.52101065407897,47.0,57.52101065407897,11.333333333333334,8.379870059984357,0.3333333333333333,0.4714045207910317,0.3333333333333333,0.4714045207910317,1.0,1.4142135623730951,7.666666666666667,10.842303978193728,7.333333333333333,10.370899457402697,0.0,0.0,8.666666666666666,12.256517540566826,0.0,0.0,8.0,11.31370849898476,8.666666666666666,12.256517540566826,13.333333333333334,11.08552609887726,21.33333333333333,4.714045207910316,0.0,0.0,3.0,3.559026084010437,24.33333333333333,7.3181661333667165,4.333333333333333,6.128258770283413,0.0,0.0,0.0,0.0,2.6666666666666665,3.771236166328253,7.8694444444444445,2.803274650374469,3.400943808778767,0.7114101191840911,59.95555555555556,60.225038756399954,102.90421945550622,53.50184747340813,8.072222222222223,111.87709160745648,101.64768446369705,61.26361264167684,573.5180555555556,317.7415384165872,89.5918088893173,40.73004576869111,14.0
79,87_2,87,4.817666666666667,1.233106195300668,3.0,0.816496580927726,2.6666666666666665,3.771236166328253,0.3333333333333333,0.4714045207910317,7.666666666666667,6.548960901462833,1.6666666666666667,2.357022603955158,0.3333333333333333,0.4714045207910317,0.0,0.0,2.333333333333333,3.2998316455372216,3.6666666666666665,5.185449728701348,0.3333333333333333,0.4714045207910317,5.666666666666667,8.013876853447538,0.0,0.0,2.0,2.8284271247461903,12.666666666666666,11.585431464655178,13.333333333333334,12.036980056845191,17.666666666666668,9.741092797468305,0.0,0.0,1.3333333333333333,1.8856180831641267,27.0,2.943920288775949,1.6666666666666667,2.357022603955158,0.0,0.0,0.0,0.0,1.0,1.4142135623730951,6.863518518518518,4.04721990475882,4.051921044743319,1.931660020718857,47.18888888888889,61.04969224197208,104.08806494731272,48.41462733353415,21.345185185185176,123.28535848734244,83.48128299021754,44.34189456901646,604.5312962962963,323.4581688180406,128.3615142457393,69.74438922147256,14.0
80,87_2,87,2.777,0.8306419204446643,1.6666666666666667,0.4714045207910317,20.33333333333333,28.75567576825293,3.0,4.242640687119285,8.0,10.614455552060438,2.0,2.8284271247461903,0.0,0.0,0.3333333333333333,0.4714045207910317,9.333333333333334,13.199326582148888,9.333333333333334,13.199326582148888,1.6666666666666667,2.357022603955158,9.333333333333334,13.199326582148888,0.0,0.0,9.666666666666666,13.67073110293992,12.666666666666666,12.684198393626966,11.0,12.083045973594572,16.666666666666668,11.953614051360738,0.0,0.0,1.6666666666666667,2.357022603955158,25.33333333333333,6.599663291074443,3.6666666666666665,5.185449728701348,0.0,0.0,0.0,0.0,1.6666666666666667,1.247219128924647,4.902777777777778,2.7219982901093127,8.052360760865342,2.6372983635450904,56.64166666666667,59.90187616860192,96.4349151289634,32.83906803549692,-0.9305555555555524,100.0233848429061,97.47492104284918,34.159772666343144,591.7388888888889,326.4790012661564,143.12672125370753,76.059800174043,14.0
81,87_2,87,4.832666666666667,2.571445421461548,2.333333333333333,0.9428090415820634,8.666666666666666,12.256517540566826,1.3333333333333333,1.8856180831641267,0.3333333333333333,0.4714045207910317,0.0,0.0,0.3333333333333333,0.4714045207910317,0.3333333333333333,0.4714045207910317,1.3333333333333333,1.8856180831641267,6.0,8.48528137423857,0.0,0.0,5.666666666666667,8.013876853447538,0.0,0.0,1.6666666666666667,2.357022603955158,14.666666666666666,12.256517540566824,8.0,6.97614984548545,17.0,12.355835328567093,0.0,0.0,2.0,2.8284271247461903,28.33333333333333,1.247219128924647,0.6666666666666666,0.9428090415820634,0.0,0.0,0.0,0.0,0.0,0.0,5.758333333333333,3.9189886733980512,2.74771293488998,1.3035224776199743,49.60407407407407,83.8322483133444,89.67678526507592,35.75372045959039,43.13203703703704,78.68714373886324,118.19601096268856,47.77930504468726,635.0506481481481,344.2822503352473,115.82212187445282,62.72066297440568,14.0
82,87_2,87,4.769666666666667,0.956284941264312,2.0,0.816496580927726,10.333333333333334,14.613540144521982,11.333333333333334,16.027753706895076,7.666666666666667,10.842303978193728,2.0,2.8284271247461903,0.0,0.0,1.0,1.4142135623730951,0.3333333333333333,0.4714045207910317,0.3333333333333333,0.4714045207910317,0.0,0.0,2.0,2.8284271247461903,0.0,0.0,0.3333333333333333,0.4714045207910317,8.666666666666666,8.9566858950296,16.333333333333332,11.728408057172787,14.333333333333334,11.841546445554409,0.0,0.0,0.0,0.0,21.666666666666668,5.436502143433363,1.6666666666666667,2.357022603955158,0.0,0.0,0.0,0.0,2.333333333333333,3.2998316455372216,4.252777777777777,4.726919232660821,5.989655856801039,3.879741567510556,4.1851851851851904,97.09269255828028,86.2525272228874,24.42441560202542,-4.403703703703703,109.64133944125216,87.89160480569025,23.94382007326612,572.9101851851852,313.97112992659595,135.24440466260847,51.20095309902723,14.0
83,87_2,87,5.137,1.973883650742025,1.6666666666666667,0.4714045207910317,13.666666666666666,19.3275853524323,1.0,1.4142135623730951,5.666666666666667,6.018490028422596,2.0,2.8284271247461903,0.3333333333333333,0.4714045207910317,3.0,3.559026084010437,2.333333333333333,3.2998316455372216,6.333333333333333,8.956685895029603,0.3333333333333333,0.4714045207910317,6.0,8.48528137423857,0.0,0.0,2.333333333333333,3.2998316455372216,11.0,11.575836902790224,10.333333333333334,7.71722460186015,14.0,10.424330514074594,0.0,0.0,0.3333333333333333,0.4714045207910317,27.33333333333333,3.771236166328253,2.0,2.8284271247461903,0.0,0.0,0.0,0.0,3.0,4.242640687119285,5.297222222222222,2.945557965546606,3.598131207450803,0.2398938019017011,33.383518518518514,52.87612550307309,103.00297934725772,43.98919138207112,48.90462962962963,66.87341676651072,105.89580215179306,41.05129275096489,582.8848148148148,297.34381386544777,117.23113374801817,66.98475058831346,14.0
84,87_2,87,5.272666666666667,1.358245518633833,2.6666666666666665,0.4714045207910317,6.333333333333333,8.956685895029603,8.333333333333334,11.785113019775793,5.666666666666667,5.436502143433363,1.0,1.4142135623730951,3.0,4.242640687119285,3.333333333333333,4.714045207910316,0.3333333333333333,0.4714045207910317,8.333333333333334,11.785113019775793,1.3333333333333333,1.8856180831641267,6.0,8.48528137423857,0.0,0.0,0.0,0.0,9.333333333333334,11.8133634311129,14.666666666666666,10.96458946893235,15.333333333333334,9.030811456096044,0.0,0.0,6.333333333333333,5.792715732327589,29.33333333333333,0.9428090415820634,0.3333333333333333,0.4714045207910317,0.0,0.0,0.0,0.0,1.0,1.4142135623730951,3.191666666666667,4.162203164813701,4.011300324241475,1.8979648665521087,96.28055555555557,41.85875131592432,72.94121802741635,38.49260131759648,133.17777777777778,37.04040607362135,53.01061999211296,31.2222907002403,554.6194444444444,269.8113434766464,73.28152786068128,25.98469057563704,14.0
85,87_2,87,2.7556666666666665,1.4054262303261915,1.6666666666666667,0.4714045207910317,13.333333333333334,18.856180831641264,3.0,4.242640687119285,7.666666666666667,10.842303978193728,2.0,2.8284271247461903,4.0,5.656854249492381,1.6666666666666667,1.699673171197595,1.6666666666666667,2.357022603955158,8.333333333333334,11.785113019775793,0.3333333333333333,0.4714045207910317,6.0,8.48528137423857,0.0,0.0,1.3333333333333333,1.8856180831641267,9.333333333333334,13.199326582148888,11.666666666666666,12.283683848458852,14.333333333333334,11.841546445554409,0.0,0.0,4.666666666666667,3.6817870057290873,27.666666666666668,3.299831645537222,1.3333333333333333,1.8856180831641267,0.0,0.0,0.0,0.0,3.0,4.242640687119285,4.672222222222222,3.630945528660374,4.296778355896772,1.636168576934809,102.66944444444444,38.937077881507975,75.65086176216268,39.06244299330388,92.95,54.99172202014355,98.1753951995436,58.00986322270667,551.6958333333333,271.5181941758572,75.97120142906122,20.53387944460026,14.0
86,87_2,87,5.691,4.519343388885897,1.6666666666666667,0.4714045207910317,4.0,4.320493798938574,0.6666666666666666,0.9428090415820634,1.0,1.4142135623730951,0.0,0.0,4.333333333333333,6.128258770283413,0.0,0.0,0.3333333333333333,0.4714045207910317,7.333333333333333,10.370899457402697,0.0,0.0,2.333333333333333,3.2998316455372216,0.0,0.0,0.3333333333333333,0.4714045207910317,11.666666666666666,13.123346456686352,9.333333333333334,13.199326582148888,19.33333333333333,13.695092389449425,0.0,0.0,3.333333333333333,4.027681991198191,29.666666666666668,0.4714045207910317,0.3333333333333333,0.4714045207910317,0.0,0.0,0.0,0.0,0.3333333333333333,0.4714045207910317,6.413888888888889,4.577937901730294,2.561073932778172,0.5930128158252868,90.74444444444444,33.18281107165702,82.53853760765696,36.59222360157847,37.27777777777778,96.31153163844508,97.72187834246824,53.99806154508924,584.7152777777778,282.7766163409351,60.7377333525536,38.72003080304227,14.0
87,87_2,87,3.9663333333333335,0.8662110340763132,2.0,0.816496580927726,19.666666666666668,19.36204764194348,0.3333333333333333,0.4714045207910317,4.0,5.656854249492381,1.3333333333333333,1.8856180831641267,0.3333333333333333,0.4714045207910317,0.6666666666666666,0.4714045207910317,1.6666666666666667,2.357022603955158,4.666666666666667,6.599663291074443,0.0,0.0,6.666666666666667,9.428090415820632,0.0,0.0,1.3333333333333333,1.8856180831641267,11.333333333333334,13.29995822884,12.0,12.027745701779144,20.0,12.083045973594572,0.0,0.0,2.333333333333333,2.6246692913372702,27.0,3.559026084010437,1.0,1.4142135623730951,0.0,0.0,0.6666666666666666,0.9428090415820634,2.333333333333333,3.2998316455372216,7.32925925925926,3.626812767497119,2.9932966955460265,1.056078133530132,35.08925925925926,66.905962178013,103.90446117383912,42.03890007568392,-7.984259259259256,114.1710595337015,89.62993759314587,40.25867359847889,534.0754166666667,296.970460927584,107.72935359674686,51.75182159148418,14.0
88,87_2,87,3.7113333333333336,0.8810903598509194,3.0,0.816496580927726,4.0,5.656854249492381,0.0,0.0,10.333333333333334,10.49867716534908,2.333333333333333,3.2998316455372216,0.3333333333333333,0.4714045207910317,4.333333333333333,4.189935029992179,0.6666666666666666,0.9428090415820634,1.6666666666666667,2.357022603955158,0.6666666666666666,0.9428090415820634,2.0,2.8284271247461903,0.0,0.0,0.6666666666666666,0.9428090415820634,3.0,4.242640687119285,17.0,9.41629792788369,12.0,10.23067283548187,0.0,0.0,0.0,0.0,23.33333333333333,6.018490028422596,0.0,0.0,0.0,0.0,0.0,0.0,0.6666666666666666,0.4714045207910317,3.7066666666666666,5.391600635006956,5.308174955685615,0.92817370012827,27.551111111111112,45.005313191134434,94.9535306544114,19.72246017609252,3.492777777777777,72.61159229628882,97.47207300090749,25.099986990889107,454.2533333333333,274.8911705136942,95.67835181217282,38.261888944305,14.0
89,87_2,87,3.4036666666666666,1.495958184204655,1.3333333333333333,0.4714045207910317,30.0,42.42640687119285,3.333333333333333,4.714045207910316,7.333333333333333,10.370899457402697,0.6666666666666666,0.9428090415820634,3.0,4.242640687119285,0.0,0.0,1.0,1.4142135623730951,0.6666666666666666,0.9428090415820634,0.0,0.0,1.6666666666666667,2.357022603955158,0.0,0.0,1.0,1.4142135623730951,3.333333333333333,2.867441755680876,18.666666666666668,12.036980056845191,10.0,12.754084313139328,0.0,0.0,0.0,0.0,26.33333333333333,5.185449728701348,1.6666666666666667,2.357022603955158,0.0,0.0,0.0,0.0,4.0,5.656854249492381,2.4194444444444447,3.160596033021401,2.8791326931305954,1.5051355082880504,21.208333333333336,78.04184863833562,80.55963669850674,49.12770918742909,50.75833333333333,92.3066818736245,76.03814659591205,52.74858746782875,522.1361111111111,255.82654843819955,81.33489673593083,45.277804929697815,14.0
90,87_2,87,3.277333333333333,2.597027831109161,1.3333333333333333,0.4714045207910317,10.333333333333334,14.613540144521982,31.666666666666668,44.78342947514801,2.6666666666666665,2.494438257849294,0.0,0.0,4.0,4.320493798938574,0.0,0.0,3.6666666666666665,5.185449728701348,6.333333333333333,8.956685895029603,1.3333333333333333,1.8856180831641267,8.0,11.31370849898476,0.0,0.0,3.333333333333333,4.714045207910316,11.333333333333334,9.392668535736911,10.333333333333334,5.734883511361751,13.0,9.41629792788369,0.0,0.0,2.0,1.632993161855452,25.0,7.071067811865476,2.333333333333333,3.2998316455372216,0.3333333333333333,0.4714045207910317,0.0,0.0,1.0,1.4142135623730951,4.586111111111111,4.030010875211255,3.814365757790592,0.6842392200386096,32.169444444444444,69.40306267035116,102.5873435457076,50.33925392674816,64.98611111111111,84.55572054298403,90.28625390863417,50.3358242444471,617.0763888888888,325.80875769307704,95.89382928719998,59.9637396509289,14.0
91,87_2,87,6.399,0.9785359812836038,3.0,0.816496580927726,21.33333333333333,30.169889330626027,2.333333333333333,2.6246692913372702,1.0,1.4142135623730951,1.0,1.4142135623730951,2.333333333333333,2.6246692913372702,0.0,0.0,0.0,0.0,7.0,9.899494936611664,0.3333333333333333,0.4714045207910317,7.0,9.899494936611664,0.0,0.0,0.0,0.0,15.666666666666666,11.953614051360738,7.333333333333333,6.944222218666553,16.666666666666668,12.229290885229428,0.0,0.0,6.666666666666667,6.79869268479038,29.666666666666668,0.4714045207910317,0.0,0.0,0.0,0.0,0.0,0.0,0.3333333333333333,0.4714045207910317,5.72962962962963,3.815175953779726,3.667745199754644,1.3729627951694705,79.36574074074075,42.18285721798255,97.10461351949296,38.24863533162933,54.72870370370371,111.6461206760125,74.18836978281331,25.03507692258988,590.7393518518519,305.5901843305402,80.63460505437159,40.73941107157846,14.0
92,87_2,87,3.6376666666666666,0.6618934120301313,2.0,0.816496580927726,3.6666666666666665,5.185449728701348,0.3333333333333333,0.4714045207910317,4.333333333333333,3.0912061651652345,0.0,0.0,0.3333333333333333,0.4714045207910317,1.0,1.4142135623730951,0.0,0.0,1.6666666666666667,2.357022603955158,0.0,0.0,2.6666666666666665,3.771236166328253,0.0,0.0,0.3333333333333333,0.4714045207910317,13.0,10.614455552060438,11.333333333333334,7.542472332656507,18.0,12.083045973594572,0.0,0.0,0.6666666666666666,0.9428090415820634,28.33333333333333,2.3570226039551585,0.0,0.0,0.0,0.0,0.0,0.0,1.0,1.4142135623730951,5.75,4.347908181592104,2.687811882316113,0.6426728533176319,-3.230555555555559,103.54539895650473,75.75981348203725,41.7776681336506,50.93611111111111,109.12336574087736,84.57498715456266,47.56439540078898,608.1180555555555,306.08085647146,52.33182236493116,21.951925138147804,14.0
93,87_2,87,5.529333333333334,3.221782356950196,2.6666666666666665,1.247219128924647,0.0,0.0,0.0,0.0,9.0,5.715476066494082,0.3333333333333333,0.4714045207910317,0.6666666666666666,0.9428090415820634,6.0,8.48528137423857,0.0,0.0,0.3333333333333333,0.4714045207910317,0.0,0.0,0.0,0.0,0.0,0.0,0.0,0.0,1.6666666666666667,2.357022603955158,20.33333333333333,12.283683848458852,11.333333333333334,12.036980056845191,0.0,0.0,0.6666666666666666,0.9428090415820634,26.666666666666668,3.39934634239519,0.0,0.0,0.0,0.0,0.0,0.0,1.3333333333333333,1.8856180831641267,4.711111111111111,3.9842882010637486,4.106564526043974,1.9261523767922453,44.48611111111112,53.758939968559744,92.43508368723896,45.964632670248825,54.61944444444444,104.47745843476312,73.46275894983162,37.08446647803383,460.0555555555556,186.27075034587045,121.0459079242292,73.03364389154358,14.0
94,87_2,87,2.8753333333333333,1.2604254131927928,1.6666666666666667,0.4714045207910317,0.0,0.0,0.0,0.0,7.666666666666667,8.806563209081936,1.6666666666666667,2.357022603955158,0.0,0.0,8.0,11.31370849898476,0.0,0.0,0.0,0.0,0.0,0.0,0.0,0.0,0.0,0.0,0.0,0.0,0.6666666666666666,0.9428090415820634,19.666666666666668,13.199326582148888,9.333333333333334,13.199326582148888,0.0,0.0,0.3333333333333333,0.4714045207910317,26.666666666666668,2.6246692913372702,0.0,0.0,0.0,0.0,0.0,0.0,4.0,5.656854249492381,2.43,1.9932988559717049,3.167443543083501,1.804716204374907,32.77490740740741,56.12040030384726,86.53687654204948,34.90524995470753,31.6774074074074,89.76363864794928,84.46508600002453,49.31006564341031,453.7218055555555,216.82116849722144,95.3872146993512,35.75535580824513,14.0
95,87_2,87,5.264333333333333,2.1415144693002244,2.333333333333333,0.9428090415820634,3.0,4.242640687119285,2.6666666666666665,3.771236166328253,8.0,9.93310961716756,2.333333333333333,3.2998316455372216,0.0,0.0,0.3333333333333333,0.4714045207910317,1.0,1.4142135623730951,0.6666666666666666,0.9428090415820634,0.0,0.0,1.3333333333333333,1.8856180831641267,0.0,0.0,1.3333333333333333,1.8856180831641267,1.3333333333333333,1.8856180831641267,19.666666666666668,12.552113589175152,12.0,8.524474568362947,0.0,0.0,0.3333333333333333,0.4714045207910317,23.0,7.25718035235908,1.0,1.4142135623730951,0.0,0.0,0.0,0.0,1.6666666666666667,2.357022603955158,2.8416666666666663,3.4195194052619384,4.4668515707340175,1.042872195142538,39.16944444444445,81.03904411447395,79.80721744971662,43.6334061557021,23.93166666666667,113.48032882235418,52.52458573200755,19.987503044158583,492.9041666666667,248.9180624509837,80.27676783997832,30.60995296301033,14.0
96,87_2,87,4.993,1.4392667114425552,3.0,0.816496580927726,25.33333333333333,35.82674358011841,15.0,21.213203435596427,6.0,7.118052168020874,1.6666666666666667,2.357022603955158,0.3333333333333333,0.4714045207910317,0.0,0.0,0.0,0.0,0.0,0.0,0.0,0.0,0.3333333333333333,0.4714045207910317,0.0,0.0,0.0,0.0,1.3333333333333333,1.247219128924647,22.33333333333333,10.143416036468626,9.0,12.727922061357855,0.0,0.0,1.3333333333333333,1.8856180831641267,24.0,6.48074069840786,0.3333333333333333,0.4714045207910317,0.0,0.0,0.0,0.0,1.3333333333333333,1.8856180831641267,2.386111111111111,2.430099957299933,3.358852364594056,1.84290045557464,77.47666666666667,35.87394876508579,70.59572634555968,38.87603174148657,56.23333333333333,86.82115424292672,54.03379577309215,33.12626905325752,502.7086111111112,243.740760224052,78.113867979986,41.36962090793714,14.0
97,87_2,87,2.133,1.772570073838173,1.0,0.816496580927726,32.333333333333336,45.72623851673007,3.6666666666666665,5.185449728701348,7.666666666666667,8.178562764256865,1.0,1.4142135623730951,2.0,0.816496580927726,0.0,0.0,0.0,0.0,1.6666666666666667,2.357022603955158,0.0,0.0,0.0,0.0,0.0,0.0,0.0,0.0,4.0,5.656854249492381,16.333333333333332,10.873004286866728,11.0,10.424330514074594,0.0,0.0,0.6666666666666666,0.9428090415820634,29.0,0.816496580927726,0.0,0.0,0.0,0.0,0.0,0.0,3.333333333333333,4.714045207910316,3.3938888888888887,3.5366259117280374,3.332511059018532,1.971779757449993,71.53055555555555,50.524343845196576,84.94883997455109,52.68422992080723,26.72333333333333,102.97844446326656,84.09204264892655,54.910540529840624,456.57333333333327,232.8265038139789,82.94946838961762,54.59937137484253,14.0
98,87_2,87,5.829000000000001,1.2306960090398718,2.333333333333333,0.4714045207910317,0.6666666666666666,0.9428090415820634,0.0,0.0,2.0,2.160246899469287,0.3333333333333333,0.4714045207910317,0.6666666666666666,0.9428090415820634,0.0,0.0,0.6666666666666666,0.9428090415820634,7.333333333333333,10.370899457402697,0.0,0.0,5.666666666666667,8.013876853447538,0.0,0.0,1.3333333333333333,1.8856180831641267,11.0,13.490737563232042,11.0,12.027745701779144,16.0,10.801234497346432,0.0,0.0,3.333333333333333,2.867441755680876,29.666666666666668,0.4714045207910317,0.3333333333333333,0.4714045207910317,0.0,0.0,1.0,1.4142135623730951,0.3333333333333333,0.4714045207910317,5.618862433862435,3.4124307119892623,2.995086516474631,0.7949552323773201,99.28198412698411,29.947908075275645,83.02494285831936,30.328153406165065,30.032671957671948,121.65294310327904,79.45999591745856,38.19350794801209,512.3273677248677,265.99174235172694,75.63385478816606,41.35148824488232,14.0
99,87_2,87,4.388,0.7998962432715884,2.0,0.0,5.333333333333333,7.542472332656507,0.6666666666666666,0.9428090415820634,0.3333333333333333,0.4714045207910317,0.0,0.0,2.333333333333333,2.0548046676563256,0.0,0.0,7.333333333333333,10.370899457402697,8.0,11.31370849898476,0.6666666666666666,0.9428090415820634,8.333333333333334,11.785113019775793,0.0,0.0,7.333333333333333,10.370899457402697,10.666666666666666,13.695092389449425,11.666666666666666,11.614167593456232,12.0,8.640987597877148,0.0,0.0,7.333333333333333,7.717224601860151,25.666666666666668,6.128258770283411,4.333333333333333,6.128258770283413,0.6666666666666666,0.9428090415820634,0.0,0.0,0.0,0.0,4.935,4.1687157183886665,2.7193395487049727,0.9738092502569856,115.89,23.243576093829223,65.65767480662409,47.00282531014225,106.4477777777778,67.36793212200492,73.57462296523236,62.56024309923206,599.1991666666667,297.5192331419128,67.03010828178314,34.670337154523786,14.0
100,87_2,87,4.891666666666667,1.4244508493529089,1.6666666666666667,0.4714045207910317,11.0,15.556349186104043,0.0,0.0,6.0,6.377042156569663,1.6666666666666667,2.357022603955158,0.0,0.0,1.0,1.4142135623730951,1.3333333333333333,1.8856180831641267,5.666666666666667,8.013876853447538,0.0,0.0,7.0,9.899494936611664,0.0,0.0,2.0,2.8284271247461903,9.0,10.03327796219494,12.333333333333334,9.285592184789412,14.333333333333334,11.08552609887726,0.0,0.0,6.666666666666667,5.734883511361751,28.0,2.8284271247461903,1.6666666666666667,2.357022603955158,0.0,0.0,0.3333333333333333,0.4714045207910317,0.6666666666666666,0.9428090415820634,5.009444444444444,3.0543855335655192,4.131436996507435,1.13461023304334,87.19055555555555,30.38747415963474,88.11317019632547,49.00416798212217,65.44944444444444,87.0995247077789,82.7937237618235,47.89608387980414,569.6552777777778,281.25055658408576,142.8253129197916,84.4206705245659,14.0
101,87_2,87,3.336,1.0333966647259254,2.0,0.0,16.0,22.62741699796952,10.0,14.142135623730953,9.333333333333334,8.219218670625303,0.0,0.0,0.6666666666666666,0.9428090415820634,0.3333333333333333,0.4714045207910317,8.333333333333334,11.785113019775793,8.333333333333334,11.785113019775793,0.3333333333333333,0.4714045207910317,8.666666666666666,12.256517540566826,0.0,0.0,9.666666666666666,13.67073110293992,9.666666666666666,13.67073110293992,15.0,9.899494936611664,17.0,9.41629792788369,0.0,0.0,2.0,2.160246899469287,26.33333333333333,3.858612300930076,2.6666666666666665,3.771236166328253,0.0,0.0,0.0,0.0,0.3333333333333333,0.4714045207910317,5.497222222222223,3.2134867221727004,5.625159551567205,1.8019566065820856,98.84722222222224,20.320917581596177,91.21618066764336,25.32823834292457,48.13333333333335,101.06812494367168,78.92633064466581,32.46890574423701,533.7319444444445,293.8011511086145,88.73580089319972,37.80238892705612,14.0
102,87_2,87,2.8843333333333327,2.048047254229149,1.0,0.816496580927726,3.6666666666666665,5.185449728701348,0.3333333333333333,0.4714045207910317,3.6666666666666665,2.6246692913372702,0.0,0.0,0.3333333333333333,0.4714045207910317,1.3333333333333333,1.8856180831641267,2.6666666666666665,3.771236166328253,6.333333333333333,8.956685895029603,0.0,0.0,8.333333333333334,11.785113019775793,0.0,0.0,2.6666666666666665,3.771236166328253,10.0,14.142135623730953,14.333333333333334,11.2644968324772,18.0,11.775681155103795,0.0,0.0,0.3333333333333333,0.4714045207910317,29.0,1.4142135623730951,0.0,0.0,0.0,0.0,0.3333333333333333,0.4714045207910317,1.0,1.4142135623730951,7.295502645502645,4.396805535613716,4.2027931271606365,1.255338834063381,88.78531746031746,46.82259700063744,87.94907390160222,51.83038527337718,60.59021164021164,115.94482305290892,72.7332423990291,36.78040890650328,517.4012566137566,260.215058399811,79.38120078934251,19.040844212199307,14.0
103,87_2,87,1.7439999999999998,0.5201256258507809,1.0,0.0,0.0,0.0,0.0,0.0,2.0,1.4142135623730951,1.0,1.4142135623730951,0.0,0.0,2.333333333333333,3.2998316455372216,1.6666666666666667,2.357022603955158,3.0,4.242640687119285,0.0,0.0,4.333333333333333,6.128258770283413,0.0,0.0,1.3333333333333333,1.8856180831641267,5.666666666666667,6.64997911442,16.666666666666668,10.49867716534908,12.0,8.640987597877148,0.0,0.0,1.6666666666666667,1.699673171197595,22.33333333333333,10.842303978193728,0.3333333333333333,0.4714045207910317,0.0,0.0,0.0,0.0,0.3333333333333333,0.4714045207910317,5.939814814814814,5.005428294788181,3.997787369578628,1.9745477045008373,52.33962962962963,51.80170523341064,100.4491218776766,47.40372197854629,88.11944444444445,64.59796628970165,86.76470993160426,34.953490689922546,538.670462962963,239.8509475189484,89.88850860286804,30.918027952208742,14.0
104,87_2,87,4.5680000000000005,1.199867492684088,2.333333333333333,0.4714045207910317,0.0,0.0,0.0,0.0,4.333333333333333,6.128258770283412,0.0,0.0,0.6666666666666666,0.9428090415820634,0.6666666666666666,0.9428090415820634,1.0,1.4142135623730951,2.6666666666666665,3.771236166328253,0.0,0.0,3.333333333333333,4.714045207910316,0.0,0.0,1.0,1.4142135623730951,6.666666666666667,9.428090415820632,18.0,11.575836902790224,14.333333333333334,10.530379332620877,0.0,0.0,1.6666666666666667,2.357022603955158,27.0,4.242640687119285,0.0,0.0,0.0,0.0,0.0,0.0,1.6666666666666667,2.357022603955158,6.532989417989417,4.930504539709601,3.683490463029519,0.5073594287497949,46.843121693121695,82.26964920674602,93.32632238804597,40.53087127980103,75.30914021164023,75.8350492711064,83.78714162856473,47.02054270975325,496.0198148148149,233.5768801527445,106.3468681694759,55.20352874727401,14.0
105,87_2,87,9.098333333333334,4.294044739196626,2.0,0.0,13.333333333333334,18.856180831641264,0.0,0.0,7.0,9.201449161228174,1.0,1.4142135623730951,1.0,0.816496580927726,1.0,0.816496580927726,0.6666666666666666,0.9428090415820634,3.333333333333333,4.714045207910316,0.0,0.0,2.6666666666666665,3.771236166328253,0.0,0.0,0.3333333333333333,0.4714045207910317,8.666666666666666,12.256517540566826,18.33333333333333,12.283683848458852,19.0,12.754084313139328,0.0,0.0,3.0,4.242640687119285,25.0,6.377042156569663,0.3333333333333333,0.4714045207910317,0.0,0.0,0.0,0.0,0.3333333333333333,0.4714045207910317,7.061111111111111,4.861157142639199,3.9883941411070047,1.4911091910479812,88.11944444444445,27.00716497295751,85.2716636218517,43.0840562889559,27.2,112.7624204787314,82.40997792137006,41.542519852146256,529.3541666666666,253.8107103984443,90.56300579957563,46.56770094234077,14.0
106,87_2,87,2.09,2.9557063453597685,0.3333333333333333,0.4714045207910317,0.0,0.0,0.0,0.0,4.0,2.449489742783178,0.3333333333333333,0.4714045207910317,0.0,0.0,3.0,4.242640687119285,0.0,0.0,0.0,0.0,0.0,0.0,0.3333333333333333,0.4714045207910317,0.0,0.0,0.0,0.0,6.0,6.48074069840786,11.333333333333334,7.586537784494028,11.666666666666666,8.576453553512405,0.0,0.0,2.6666666666666665,2.494438257849294,28.666666666666668,0.9428090415820634,0.0,0.0,0.0,0.0,1.0,1.4142135623730951,0.3333333333333333,0.4714045207910317,6.082962962962964,4.133231214721532,6.140958560266057,0.9591420517829108,51.44166666666666,18.68767884839476,109.22988858027088,10.721572360888189,59.1212962962963,84.70511014233419,85.90896723533518,23.662506109218587,499.2114814814815,206.5793906730296,111.52180682099343,55.46268360688029,14.0
107,87_2,87,6.957000000000001,3.310619378102331,2.333333333333333,0.9428090415820634,10.0,14.142135623730953,3.0,4.242640687119285,4.0,2.160246899469287,0.0,0.0,0.0,0.0,0.3333333333333333,0.4714045207910317,0.3333333333333333,0.4714045207910317,3.0,4.242640687119285,0.0,0.0,3.333333333333333,4.714045207910316,0.0,0.0,0.6666666666666666,0.9428090415820634,7.333333333333333,10.370899457402697,16.0,11.51810169544733,14.666666666666666,10.873004286866726,0.0,0.0,1.6666666666666667,1.699673171197595,28.33333333333333,2.3570226039551585,0.3333333333333333,0.4714045207910317,0.0,0.0,0.0,0.0,1.0,1.4142135623730951,6.140000000000001,4.130452176842771,3.7982988655744143,1.2281519487659491,12.961111111111114,29.285237032072857,123.70456021090854,19.461834342853468,-8.730079365079362,89.52994079610683,107.1131550195106,28.91084683371157,519.2490873015873,246.5415240744161,81.09604468557076,35.64664229411213,14.0
108,87_2,87,5.320666666666667,2.0126338188773656,3.0,1.4142135623730951,0.0,0.0,0.0,0.0,6.666666666666667,6.79869268479038,1.6666666666666667,2.357022603955158,0.6666666666666666,0.9428090415820634,4.0,5.656854249492381,5.333333333333333,6.18241233033047,2.333333333333333,3.2998316455372216,0.0,0.0,6.0,5.715476066494082,0.0,0.0,6.333333333333333,8.259674462242579,12.666666666666666,11.585431464655178,13.0,8.831760866327848,11.0,10.424330514074594,0.0,0.0,0.0,0.0,26.0,0.816496580927726,1.3333333333333333,1.247219128924647,0.0,0.0,0.0,0.0,4.0,5.656854249492381,3.955,3.1960586259861907,4.358453589475531,1.842668629666827,-28.016666666666666,102.76947072434967,73.02358113609857,24.82013713336183,-5.554999999999997,118.800465588625,86.85416699047452,33.52181875841831,549.0853703703705,264.35857060843017,113.3592605790072,23.888610411453577,14.0
109,87_2,87,5.044666666666666,3.7268131456007048,1.6666666666666667,0.4714045207910317,8.666666666666666,12.256517540566826,6.666666666666667,9.428090415820632,7.666666666666667,10.143416036468626,0.6666666666666666,0.9428090415820634,1.3333333333333333,1.8856180831641267,1.0,1.4142135623730951,5.666666666666667,8.013876853447538,8.0,11.31370849898476,0.6666666666666666,0.9428090415820634,8.0,11.31370849898476,0.0,0.0,6.666666666666667,9.428090415820632,8.666666666666666,12.256517540566826,14.333333333333334,10.624918300339486,14.666666666666666,9.533566430716728,0.0,0.0,3.0,2.449489742783178,27.0,2.943920288775949,1.6666666666666667,2.357022603955158,0.0,0.0,0.0,0.0,1.6666666666666667,2.357022603955158,4.303148148148148,4.890003794029627,6.620254203264604,2.705388584132272,62.15185185185186,18.98630169149429,101.11660426432408,25.43321273766007,18.4424074074074,100.06015529182092,94.24789938645274,28.042911364636623,489.1636111111111,266.4187839560093,77.45665281411466,32.659253082656896,14.0
110,87_2,87,4.547666666666666,3.4818730910563382,2.0,0.816496580927726,11.666666666666666,16.49915822768611,3.0,4.242640687119285,4.666666666666667,6.599663291074443,1.0,1.4142135623730951,0.6666666666666666,0.9428090415820634,0.3333333333333333,0.4714045207910317,3.0,4.242640687119285,7.0,9.899494936611664,0.3333333333333333,0.4714045207910317,8.0,11.31370849898476,0.0,0.0,4.0,5.656854249492381,10.0,14.142135623730953,13.666666666666666,11.32352516764202,18.666666666666668,12.552113589175152,0.0,0.0,3.0,3.559026084010437,29.33333333333333,0.9428090415820634,0.3333333333333333,0.4714045207910317,0.0,0.0,0.3333333333333333,0.4714045207910317,2.333333333333333,3.2998316455372216,6.980555555555555,3.861612677254906,4.516181526895448,1.5034706051575308,61.4,53.44290090748636,89.76536874150788,45.76318784501526,16.227777777777778,130.58220525878292,62.44129912481741,41.38723576146933,505.41388888888895,270.83689964176176,95.04099494505338,45.57716248849292,14.0
1,88_2,88,1.209,1.7097841969090717,0.3333333333333333,0.4714045207910317,10.0,14.142135623730953,14.0,19.79898987322333,5.0,1.8708286933869709,0.0,0.0,0.0,0.0,2.5,4.330127018922194,1.25,2.165063509461097,2.0,1.4142135623730951,0.0,0.0,6.0,7.516648189186454,0.0,0.0,4.25,5.11737237261468,4.0,4.743416490252569,5.5,0.8660254037844386,0.75,0.82915619758885,0.0,0.0,0.75,0.82915619758885,11.5,5.545268253204709,6.25,6.832825184358224,3.25,2.947456530637899,0.0,0.0,0.0,0.0,4.161111111111111,1.8396240977405287,5.7394566193624135,1.4273790185529314,49.90277777777778,16.573316000147372,85.37200323144589,15.67690832664691,40.603240740740745,36.03856065792954,97.35488966781794,19.088824190276075,297.3589699074074,152.53352554919766,247.516263972967,89.34571475068557,0.0
2,88_2,88,0.0,0.0,0.0,0.0,0.0,0.0,0.0,0.0,3.25,1.7853571071357126,0.5,0.5,1.0,1.7320508075688772,4.0,6.363961030678928,5.0,2.9154759474226504,8.0,4.69041575982343,0.5,0.8660254037844386,10.75,6.2599920127744575,0.0,0.0,6.5,3.774917217635375,9.5,5.545268253204709,1.25,1.0897247358851685,0.25,0.4330127018922193,0.0,0.0,2.25,2.277608394786075,13.75,9.443913383762052,11.5,6.800735254367722,9.75,5.673402858955108,0.0,0.0,0.5,0.8660254037844386,1.8778030303030304,2.43361612539783,6.019743309498919,3.322199140656298,64.36821338383838,33.296506666434915,75.14368742517186,20.66061862369717,9.02700126262626,50.6794079192943,102.56679152084382,8.858893021593266,399.4343339646465,144.53410009121734,269.3784960561102,161.0462299453487,0.0
3,88_2,88,2.119666666666667,1.511010772812542,1.0,0.816496580927726,0.0,0.0,0.0,0.0,8.5,4.769696007084728,0.0,0.0,0.0,0.0,2.75,4.205650960315181,3.5,2.8722813232690143,6.5,4.031128874149275,0.0,0.0,9.5,6.103277807866851,0.0,0.0,8.25,4.9180788932265,6.0,4.636809247747852,5.75,3.6996621467371855,3.75,3.344772040064913,0.0,0.0,4.0,3.1622776601683795,18.0,7.3484692283495345,10.5,6.576473218982953,8.25,5.356071321407137,0.25,0.4330127018922193,0.0,0.0,5.057896825396825,4.603015045897102,6.302656781848102,0.6696784593615667,48.31434523809524,21.35712991742919,110.21739959245738,16.910184425076668,14.925714285714289,57.39131207922898,124.7576544787312,17.003225798767616,435.9727876984127,186.2901522949181,276.8135578522075,148.0425898383222,0.0
4,88_2,88,1.019,0.7209442881850626,0.6666666666666666,0.4714045207910317,0.0,0.0,0.0,0.0,13.5,8.616843969807043,2.5,2.5,0.0,0.0,4.25,2.947456530637899,0.5,0.8660254037844386,1.0,1.7320508075688772,0.0,0.0,4.5,4.55521678957215,0.0,0.0,1.25,2.165063509461097,5.75,3.897114317029974,2.75,1.6393596310755,4.0,4.0,0.0,0.0,2.0,1.5811388300841898,13.75,9.390819985496474,8.5,5.172040216394301,3.75,2.48746859276655,0.0,0.0,0.25,0.4330127018922193,9.87594246031746,3.4174739605380124,4.886596127561901,0.7312789996069972,-5.507638888888893,37.99598303192721,110.97339634635748,8.742514187506911,-0.700644841269841,39.23433929672285,113.94021154776104,21.974873366408264,385.62628968253966,241.23257194025533,143.11202734932,168.71461916271983,0.0
5,88_2,88,5.054333333333333,1.765819230712916,2.0,0.816496580927726,0.0,0.0,0.0,0.0,14.75,9.41740410091868,4.75,3.832427429188973,0.0,0.0,0.75,0.82915619758885,3.25,3.418698582794336,4.25,4.085033659592048,0.0,0.0,7.75,7.917543811056558,0.0,0.0,4.75,3.960744879438715,17.5,7.5,1.0,0.7071067811865476,3.5,2.0615528128088303,0.0,0.0,3.5,2.5,20.25,4.602988159880492,11.25,6.417748826496718,5.5,4.5,0.0,0.0,0.25,0.4330127018922193,9.647291666666668,4.102768093980711,5.88006927782908,1.7905269756221476,10.385069444444444,37.522407546291895,104.79480440460463,18.828248514381933,-41.780625,50.78460134539567,117.1628028957612,28.925922265223235,413.49114583333335,108.2861264572035,230.897593933186,232.8436829602575,0.0
6,88_2,88,4.53,3.3105136560157344,1.3333333333333333,0.9428090415820634,0.0,0.0,0.0,0.0,22.0,8.455767262643882,3.0,2.1213203435596424,0.5,0.8660254037844386,4.5,2.598076211353316,0.0,0.0,0.25,0.4330127018922193,0.0,0.0,2.0,3.4641016151377544,0.0,0.0,0.25,0.4330127018922193,10.0,1.7320508075688772,6.0,5.522680508593631,6.75,4.815340071064556,0.0,0.0,4.0,0.7071067811865476,16.0,1.8708286933869709,4.75,3.561951712193752,2.5,2.692582403567252,0.25,0.4330127018922193,2.75,2.277608394786075,9.971180555555556,5.292754460863087,7.121474263438964,4.200755720651946,45.503125,44.84695902910236,110.48670223578252,16.31666468970452,22.80763888888889,62.553167952480266,125.22633380123604,9.07396383147866,454.5892361111111,259.07748688458275,147.49534151504096,144.7489241287642,3.0
7,88_2,88,3.710666666666667,2.669030577236279,1.6666666666666667,1.247219128924647,0.0,0.0,0.0,0.0,9.5,8.170067319184096,0.5,0.5,1.25,1.299038105676658,0.25,0.4330127018922193,0.5,0.5,2.0,1.5811388300841898,0.0,0.0,5.0,3.082207001484488,0.0,0.0,1.0,1.0,9.5,6.383572667401852,4.75,7.660776723022281,0.75,1.299038105676658,0.0,0.0,4.0,3.24037034920393,19.75,4.02336923485777,9.0,3.5355339059327378,5.75,2.277608394786075,0.0,0.0,0.0,0.0,3.5311111111111115,3.5461414215286853,5.0423935028362,1.5438436581954584,18.664541666666665,61.703093731569695,106.55065078379104,15.385461646204035,3.614319444444445,48.83942368497205,123.99105195451192,18.70419406831404,839.8685833333333,154.2746121332608,254.7913047186436,107.80106752421,3.333333333333333
8,88_2,88,5.528666666666666,2.559224665575277,2.333333333333333,0.4714045207910317,0.0,0.0,0.0,0.0,11.0,9.82344135219425,7.75,11.143944544011337,0.25,0.4330127018922193,0.75,1.299038105676658,4.5,7.794228634059948,4.0,6.928203230275509,0.0,0.0,4.0,5.787918451395113,0.0,0.0,5.0,8.660254037844387,9.0,8.573214099741124,8.25,12.616952880945542,7.0,11.554220008291344,0.0,0.0,11.25,9.807522622966516,19.0,10.464224768228174,5.0,5.049752469181039,1.5,1.5,0.0,0.0,1.5,2.598076211353316,7.24167157687991,11.127807808276913,3.769805130644688,1.4849185570620802,103.02724046015712,68.30839739737797,59.62226665643235,20.562506143748752,122.00025042087542,55.94325886814849,64.91802560965816,25.15648677123355,753.1137573653198,340.5811729363531,169.41665439745094,85.8886006976213,5.666666666666667
9,88_2,88,4.407,2.0686025879000214,1.3333333333333333,0.4714045207910317,9.333333333333334,13.199326582148888,1.3333333333333333,1.8856180831641267,2.25,3.897114317029974,1.0,1.7320508075688772,0.25,0.4330127018922193,1.0,1.7320508075688772,0.0,0.0,0.0,0.0,0.0,0.0,2.0,1.8708286933869709,0.0,0.0,0.0,0.0,5.5,3.278719262151,2.25,3.897114317029974,0.5,0.8660254037844386,0.0,0.0,18.75,9.12071817347735,24.75,3.6996621467371855,13.75,10.96300597464035,2.75,1.6393596310755,0.25,0.4330127018922193,1.75,3.031088913245535,2.1253670634920634,1.657034107493124,2.182204601073954,1.5235863240608805,126.72880952380952,48.45175209733871,34.19714106523072,34.43045660919279,144.34751984126984,24.193024071739128,60.79100452931738,4.790075470580398,835.2839831349206,284.4432469749055,182.9613405551132,169.33343850713777,5.666666666666667
10,88_2,88,4.373666666666667,2.228608285206014,2.333333333333333,0.9428090415820634,11.666666666666666,15.79732748143038,0.6666666666666666,0.9428090415820634,3.5,3.0413812651491097,1.25,0.82915619758885,0.75,0.82915619758885,0.0,0.0,0.0,0.0,0.0,0.0,0.0,0.0,1.25,0.82915619758885,0.0,0.0,0.25,0.4330127018922193,9.25,5.80409338312195,0.75,1.299038105676658,0.0,0.0,0.0,0.0,15.25,5.448623679425842,25.25,1.299038105676658,5.75,3.112474899497183,3.75,2.165063509461097,0.0,0.0,0.0,0.0,2.1845833333333333,1.734610701646174,3.4964347736962527,1.6070982495732689,120.2574503968254,26.779232682140044,72.01681919013896,5.402689396915381,105.1692361111111,58.81296751476288,82.23197801031591,21.39254247509463,846.6650248015873,189.5703414661801,138.70875788120094,88.33125382774232,6.666666666666667
11,88_2,88,6.107666666666667,0.969420903884834,2.0,0.816496580927726,2.0,2.8284271247461903,0.6666666666666666,0.9428090415820634,9.25,6.2599920127744575,2.75,1.920286436967152,3.0,5.196152422706632,3.25,1.6393596310755,0.0,0.0,0.0,0.0,0.0,0.0,0.25,0.4330127018922193,0.0,0.0,0.0,0.0,6.75,4.085033659592048,2.0,1.8708286933869709,0.25,0.4330127018922193,0.0,0.0,4.5,2.179449471770337,22.0,7.0,7.0,4.527692569068709,1.75,1.299038105676658,0.5,0.8660254037844386,0.0,0.0,2.3273158212560388,1.0021445834897902,4.153650721062047,1.5869766843740332,53.06318840579711,16.976133273169797,109.05996879187596,18.044751725231823,64.89962258454108,21.628126152679062,114.71719966464572,12.753155071341396,868.7084541062802,174.2291539605622,295.071621419843,154.3531684697337,4.0
12,88_2,88,3.699,2.27622904529985,1.3333333333333333,0.4714045207910317,0.0,0.0,1.3333333333333333,1.8856180831641267,8.75,5.80409338312195,2.75,2.7726341266023544,0.5,0.8660254037844386,1.5,1.5,0.0,0.0,0.0,0.0,0.0,0.0,0.0,0.0,0.0,0.0,0.0,0.0,10.0,6.745368781616021,3.0,3.0,3.0,3.0,0.0,0.0,8.0,5.049752469181039,25.5,2.0615528128088303,1.0,1.224744871391589,0.5,0.8660254037844386,0.5,0.5,0.5,0.8660254037844386,2.203388888888889,1.644872704181987,5.770859943161208,0.9696126538552372,53.22266666666667,11.358029756275712,104.325618275921,9.276078922200725,32.69920833333333,39.58873044528072,110.8302720777438,17.75582510663103,970.1680902777777,257.05578030868674,342.78413556118204,277.9613184431475,6.0
13,88_2,88,0.2096666666666666,0.2965134435775589,0.3333333333333333,0.4714045207910317,2.6666666666666665,3.771236166328253,0.3333333333333333,0.4714045207910317,0.0,0.0,0.0,0.0,2.75,1.0897247358851685,0.0,0.0,0.0,0.0,0.0,0.0,0.0,0.0,0.25,0.4330127018922193,0.0,0.0,0.0,0.0,11.5,8.52936105461599,0.0,0.0,0.0,0.0,0.0,0.0,4.75,4.763139720814412,30.0,0.0,0.0,0.0,0.0,0.0,0.0,0.0,0.25,0.4330127018922193,5.264573717948718,3.137346754567787,8.135927196150812,4.126297263944037,32.40683547008547,82.30694922863319,97.57243735750632,37.12850176533861,19.85907905982906,85.29934631997843,67.69690084424629,9.743814938229413,828.9280763888888,71.35040077557125,188.00824934288167,86.38260796536588,1.6666666666666663
14,88_2,88,0.0,0.0,0.0,0.0,42.0,40.09987531152685,0.3333333333333333,0.4714045207910317,0.0,0.0,0.0,0.0,9.5,5.678908345800274,0.0,0.0,0.0,0.0,0.0,0.0,0.0,0.0,0.0,0.0,0.0,0.0,0.0,0.0,5.75,9.959292143521044,0.0,0.0,0.0,0.0,0.0,0.0,3.25,2.0463381929681126,29.5,0.5,0.0,0.0,0.0,0.0,0.0,0.0,0.0,0.0,8.301190476190477,2.0301935374046804,7.264285247890832,2.6830298735769142,-40.85115740740741,52.3949815313158,96.3387023462226,17.36573150712279,-13.44563492063492,65.62270360773577,48.35389719548097,23.561228558599808,875.7508928571428,307.6530213120835,208.5637646286023,99.35754205109002,-0.3333333333333333
15,88_2,88,1.3103333333333331,1.318277242801714,0.6666666666666666,0.4714045207910317,5.0,4.546060565661952,1.0,1.4142135623730951,0.0,0.0,0.0,0.0,2.5,2.5,0.25,0.4330127018922193,0.0,0.0,0.0,0.0,0.0,0.0,0.0,0.0,0.0,0.0,0.0,0.0,5.5,7.22841614740048,0.0,0.0,0.0,0.0,0.0,0.0,8.75,8.287792227125388,29.75,0.4330127018922193,0.0,0.0,0.0,0.0,0.0,0.0,0.75,1.299038105676658,7.818191425120773,3.105021350746912,5.19542044233998,3.6826463331315535,-35.737032004830915,99.80770186208508,58.09521794989272,41.05951762114832,13.341213768115942,21.03685803725585,61.49836812728044,51.75156526855859,777.9030646135266,169.91876714968873,181.2154928967548,177.83324292585365,0.6666666666666666
16,88_2,88,0.6326666666666666,0.8947257804613782,0.3333333333333333,0.4714045207910317,0.0,0.0,0.0,0.0,2.25,2.277608394786075,0.0,0.0,0.5,0.8660254037844386,1.25,1.299038105676658,0.0,0.0,0.0,0.0,0.0,0.0,0.25,0.4330127018922193,0.0,0.0,0.0,0.0,3.5,2.5,1.0,1.0,1.0,1.0,0.0,0.0,7.0,6.2048368229954285,26.5,2.8722813232690143,0.0,0.0,0.0,0.0,0.0,0.0,0.5,0.8660254037844386,6.835998817540485,1.526610252140095,6.902496955863356,0.987493524347754,-5.087959475709475,37.45809533801626,102.66069926176256,23.30523972130494,26.63678852012185,44.484437886963946,68.81049375014689,24.91227081115729,631.0498543570627,227.80767936786853,264.4992547481663,120.88762593613546,-2.333333333333333
17,88_2,88,0.4963333333333333,0.7019213314578463,0.3333333333333333,0.4714045207910317,0.0,0.0,0.0,0.0,7.75,7.292976072907411,0.25,0.4330127018922193,2.0,2.1213203435596424,0.25,0.4330127018922193,2.25,1.479019945774904,4.0,3.1622776601683795,0.25,0.4330127018922193,6.25,3.6996621467371855,0.0,0.0,3.25,2.384848003542364,11.75,1.0897247358851685,2.0,1.5811388300841898,2.0,1.5811388300841898,0.0,0.0,2.5,1.118033988749895,22.75,2.165063509461097,4.0,2.7386127875258306,3.0,2.1213203435596424,0.0,0.0,0.75,0.82915619758885,5.308,0.9800092245723576,7.932537771927604,1.2800067129563966,18.92895833333333,54.07633806640271,93.51711436055793,14.341258721222925,-28.73938888888888,35.56933252153852,108.12979487784936,29.47516850287696,444.5306388888889,200.37184749312047,227.27791004068465,179.80952263004403,-0.3333333333333333
18,88_2,88,0.7293333333333333,0.5308240972508899,0.6666666666666666,0.4714045207910317,36.66666666666666,51.85449728701349,0.0,0.0,10.75,10.755812382149475,2.5,2.5,0.25,0.4330127018922193,0.25,0.4330127018922193,1.0,1.0,1.25,0.82915619758885,0.0,0.0,7.0,7.713624310270756,0.0,0.0,1.25,0.82915619758885,19.0,7.905694150420948,0.0,0.0,0.0,0.0,0.0,0.0,3.0,1.224744871391589,26.75,2.8613807855648994,6.0,4.242640687119285,1.25,0.82915619758885,0.0,0.0,0.25,0.4330127018922193,8.856541666666667,1.3952749797431403,9.814328922503858,2.035635032066078,47.34222222222223,35.50276102330322,107.1830167828932,12.488197856159209,25.88905555555556,18.209073709585315,99.29803405232003,23.095750819875807,859.1201249999999,274.26809137528943,409.1683484136618,154.23133893793025,4.333333333333333
19,88_2,88,5.317,1.1316981340740415,2.6666666666666665,0.4714045207910317,0.0,0.0,0.0,0.0,4.75,4.763139720814412,0.25,0.4330127018922193,1.0,1.224744871391589,0.0,0.0,0.0,0.0,0.0,0.0,0.0,0.0,2.0,1.4142135623730951,0.0,0.0,0.0,0.0,12.0,7.582875444051551,0.0,0.0,0.25,0.4330127018922193,0.0,0.0,11.75,11.255554184490428,27.0,1.7320508075688772,3.25,3.2691742076555053,2.25,2.277608394786075,0.0,0.0,0.75,0.4330127018922193,2.0135416666666663,2.994490242479861,4.407834221541794,2.3039273623513985,115.59340277777778,43.83940280397204,57.13023743252338,18.64657884741644,95.18333333333334,60.043302693160285,73.89845561883124,30.50386124324768,1068.9607638888888,325.7134611917052,208.5299087555082,140.86805644462953,5.333333333333333
20,88_2,88,3.5066666666666664,1.761390612240479,1.3333333333333333,0.4714045207910317,18.666666666666668,26.398653164297773,0.6666666666666666,0.9428090415820634,8.0,8.0,1.75,1.7853571071357126,1.0,1.7320508075688772,0.5,0.8660254037844386,0.5,0.5,1.25,1.299038105676658,0.0,0.0,4.0,2.449489742783178,0.0,0.0,1.0,1.0,10.5,6.5383484153110105,0.5,0.5,0.0,0.0,0.0,0.0,12.75,10.848386976873568,28.25,1.299038105676658,1.75,1.7853571071357126,1.0,1.0,0.0,0.0,1.0,0.7071067811865476,1.2065972222222228,5.538461146051261,8.526028376259573,1.5615578467838909,54.39270833333333,124.12943443994962,51.664321334069726,19.40846428914409,17.978819444444458,105.7012740866116,83.15331632536721,34.70268732156082,1102.1651041666669,278.65658032683547,221.8304906092095,123.69856426789566,2.6666666666666665
21,88_2,88,5.634666666666667,2.9856425699597,1.6666666666666667,0.9428090415820634,34.333333333333336,47.14045207910317,0.3333333333333333,0.4714045207910317,5.5,5.024937810560445,1.25,1.299038105676658,0.0,0.0,0.0,0.0,0.0,0.0,0.0,0.0,0.0,0.0,0.75,0.4330127018922193,0.0,0.0,0.0,0.0,15.5,9.17877987534291,0.0,0.0,0.0,0.0,0.0,0.0,12.5,8.760707733967616,29.75,0.4330127018922193,1.0,1.224744871391589,0.0,0.0,0.25,0.4330127018922193,0.25,0.4330127018922193,-1.0830833333333334,3.3479625925080665,5.578970497778647,2.48791746351961,125.4015138888889,29.98059634728005,64.34496007815504,32.32370823473833,116.0305972222222,22.781675971084848,89.11902412422103,18.18477324124644,1114.4499652777777,37.39632189951852,228.32759434599188,92.5061277462902,5.666666666666667
22,88_2,88,2.987,2.198315870539688,0.6666666666666666,0.4714045207910317,0.3333333333333333,0.4714045207910317,0.3333333333333333,0.4714045207910317,3.5,3.5,1.0,1.0,0.0,0.0,0.75,0.82915619758885,0.0,0.0,0.0,0.0,0.0,0.0,0.25,0.4330127018922193,0.0,0.0,0.0,0.0,18.5,11.01135777277262,0.0,0.0,0.0,0.0,0.0,0.0,9.75,6.49519052838329,30.0,0.0,0.5,0.5,0.0,0.0,0.0,0.0,0.75,1.299038105676658,0.6316583876677643,3.443665684909365,4.464797087718671,3.1435713657896547,113.50411317245862,42.17991686128889,64.1717381629606,39.195896571708055,122.56603928883511,60.70968607110781,56.05315611295749,13.484164107090132,1043.056503128431,47.49627960810653,134.02079048062586,92.36758539064869,0.6666666666666666
23,88_2,88,1.6273333333333333,1.4693130670108698,1.0,0.816496580927726,34.666666666666664,25.837096500101467,1.0,0.816496580927726,2.25,2.7726341266023544,0.75,1.299038105676658,1.0,1.7320508075688772,0.0,0.0,0.0,0.0,0.75,1.299038105676658,0.0,0.0,0.5,0.5,0.0,0.0,0.0,0.0,14.75,6.299801584177076,0.0,0.0,0.0,0.0,0.0,0.0,17.5,12.99038105676658,28.5,2.598076211353316,0.5,0.8660254037844386,0.25,0.4330127018922193,0.25,0.4330127018922193,0.5,0.8660254037844386,-0.0201388888888889,0.7595612895767245,5.788959475699967,4.980644411316187,100.8871527777778,69.60839909044182,57.32641469342418,56.18037009877533,98.29652777777778,81.90122179586268,59.39977336439984,59.4810962266525,1111.1114583333333,184.0484369702999,142.46204922520403,95.49626402982231,3.0
24,88_2,88,6.179666666666666,1.1181449915919768,2.333333333333333,0.4714045207910317,2.333333333333333,0.9428090415820634,0.3333333333333333,0.4714045207910317,10.25,5.931905258852336,3.25,2.0463381929681126,1.0,1.224744871391589,0.0,0.0,0.0,0.0,0.5,0.8660254037844386,0.0,0.0,0.5,0.5,0.0,0.0,0.0,0.0,8.75,3.191786333700926,3.0,1.7320508075688772,1.5,1.5,0.0,0.0,5.5,4.55521678957215,23.5,2.0615528128088303,2.25,1.299038105676658,1.5,1.118033988749895,0.0,0.0,4.25,2.5860201081971503,3.9185493827160496,3.765234430275109,7.825281814197276,1.1264272768547996,49.378875,18.159270108685767,106.87929683630824,15.759794009684914,16.639475308641973,44.54221420978842,106.39732700325324,5.428373914795096,1044.8175686728396,45.30520816492605,310.98713894139456,35.295235311190275,8.0
25,88_2,88,5.274,2.42602390754914,2.0,0.816496580927726,0.0,0.0,0.0,0.0,11.5,10.062305898749054,1.5,1.5,0.25,0.4330127018922193,0.25,0.4330127018922193,0.0,0.0,0.0,0.0,0.0,0.0,0.75,1.299038105676658,0.0,0.0,0.0,0.0,6.0,9.82344135219425,3.5,3.5,2.0,2.0,0.0,0.0,2.5,2.5,22.75,6.299801584177076,2.25,0.82915619758885,0.25,0.4330127018922193,0.0,0.0,2.0,3.4641016151377544,4.674999999999999,1.3378439329342149,8.822870912743324,4.371173434033602,47.78402777777778,69.56295253130567,80.37738462835483,24.27407351183514,29.08611111111112,86.1719358882126,56.48522149418785,20.11046446296355,776.8421875000001,176.3915667443377,286.4088778804169,142.6853234467752,5.333333333333333
26,88_2,88,0.0,0.0,0.0,0.0,0.0,0.0,0.0,0.0,3.75,3.766629793329841,1.5,1.5,0.75,0.82915619758885,0.0,0.0,0.0,0.0,0.0,0.0,0.0,0.0,3.0,3.0,0.0,0.0,0.0,0.0,14.75,10.615436872781071,0.0,0.0,0.0,0.0,0.0,0.0,1.5,1.6583123951777,30.0,0.0,1.75,1.7853571071357126,2.0,2.0,0.0,0.0,2.75,4.763139720814412,7.448350649350648,5.400248511762617,9.754034324666335,3.767944326719416,58.76078715728716,43.06054816578076,94.96370112888604,13.682919848870828,41.69506493506493,63.46798905892486,82.26422427109758,20.594158528927046,939.2419259559884,130.21832134338018,282.20088215852115,122.21031788677766,0.3333333333333333
27,88_2,88,0.0,0.0,0.0,0.0,0.0,0.0,0.0,0.0,1.25,0.82915619758885,0.75,0.82915619758885,0.0,0.0,0.0,0.0,0.0,0.0,0.0,0.0,0.0,0.0,0.25,0.4330127018922193,0.0,0.0,0.0,0.0,12.75,6.977642868476432,0.0,0.0,0.0,0.0,0.0,0.0,2.0,1.8708286933869709,30.0,0.0,0.25,0.4330127018922193,0.25,0.4330127018922193,0.0,0.0,4.0,6.928203230275509,2.638896893111304,4.30470355356518,7.85833392733562,3.347134986040066,94.5994508596956,43.08134318871517,64.11344234419745,2.596527249042208,86.58002891500998,73.400781222567,60.80618912660948,15.09702982796636,837.0000371246948,64.52044405906982,205.98442028971527,78.54318108253548,0.3333333333333333
28,88_2,88,0.0,0.0,0.0,0.0,11.333333333333334,16.027753706895076,0.3333333333333333,0.4714045207910317,1.5,1.5,1.5,1.5,0.25,0.4330127018922193,0.0,0.0,0.0,0.0,0.25,0.4330127018922193,0.0,0.0,0.5,0.5,0.0,0.0,0.0,0.0,15.25,8.257572282456872,0.0,0.0,0.0,0.0,0.0,0.0,4.25,2.7726341266023544,30.0,0.0,0.25,0.4330127018922193,0.25,0.4330127018922193,0.0,0.0,2.25,3.897114317029974,5.1474621385558885,7.230667968560496,8.188995005286731,3.210763570180697,79.9430848622429,23.78868387782942,81.79078535001003,30.95622491044991,60.88144760829315,58.747728933274594,76.79767417580395,35.189543835780064,794.9739836799004,15.89409443021905,257.72817258799864,58.233603872213465,0.6666666666666666
29,88_2,88,0.2736666666666666,0.387023111569437,0.3333333333333333,0.4714045207910317,0.0,0.0,0.0,0.0,0.0,0.0,0.0,0.0,0.75,0.82915619758885,0.5,0.8660254037844386,0.0,0.0,0.0,0.0,0.0,0.0,0.5,0.5,0.0,0.0,0.0,0.0,8.75,2.7726341266023544,0.0,0.0,0.0,0.0,0.0,0.0,7.0,7.0,30.0,0.0,0.25,0.4330127018922193,0.75,0.82915619758885,0.25,0.4330127018922193,2.0,3.4641016151377544,1.9962848363983272,3.773016908576672,8.624213274530899,1.604770528974261,102.23783500678854,49.79055490720128,64.48297143916078,10.526353261080914,79.61984150383181,76.41947532112502,69.27858462441644,24.25310619500001,814.2763550561126,138.42854755127334,210.3590629786904,63.97281569118694,0.0
30,88_2,88,0.0,0.0,0.0,0.0,10.0,14.142135623730953,2.0,2.8284271247461903,1.25,1.299038105676658,1.0,1.0,0.0,0.0,0.75,0.4330127018922193,0.0,0.0,0.25,0.4330127018922193,0.0,0.0,0.5,0.8660254037844386,0.0,0.0,0.0,0.0,13.75,6.417748826496718,0.0,0.0,0.0,0.0,0.0,0.0,4.0,2.549509756796392,30.0,0.0,0.0,0.0,0.0,0.0,0.25,0.4330127018922193,2.75,4.205650960315181,5.797280461621041,5.729325127608947,8.051684077287561,2.599877268046556,62.46743659420291,39.33321264464409,86.80387204944333,30.92642502333616,37.29579066022544,58.94337124014359,84.08370260310956,38.88971065608061,751.4119965110037,61.3236006661394,238.32187545693512,11.251059120596782,-0.3333333333333333
31,88_2,88,0.4913333333333333,0.3601039973242297,0.6666666666666666,0.4714045207910317,0.0,0.0,0.0,0.0,0.0,0.0,0.0,0.0,0.0,0.0,0.25,0.4330127018922193,0.0,0.0,0.0,0.0,0.0,0.0,1.5,1.6583123951777,0.0,0.0,0.0,0.0,13.0,8.336666000266533,0.0,0.0,0.0,0.0,0.0,0.0,0.75,0.4330127018922193,22.5,12.41974234837422,1.0,1.224744871391589,0.25,0.4330127018922193,0.0,0.0,3.75,6.49519052838329,5.677195623302031,5.675628396000151,8.563556003642923,4.697640227017257,51.289163949566415,29.61382083095772,59.65434607248656,21.737171290378296,24.576664186711668,39.86676584896804,52.63485501405268,16.835730931297803,656.6894753937636,390.13460750265807,246.9491672825864,162.1485010396855,-0.3333333333333333
32,88_2,88,0.8293333333333334,1.172854447728087,0.3333333333333333,0.4714045207910317,0.0,0.0,0.0,0.0,0.0,0.0,0.0,0.0,0.5,0.8660254037844386,0.25,0.4330127018922193,0.0,0.0,0.0,0.0,0.0,0.0,6.75,6.299801584177076,0.0,0.0,0.0,0.0,11.75,6.796138609534093,0.25,0.4330127018922193,0.0,0.0,0.0,0.0,0.75,0.4330127018922193,20.0,11.74734012447073,5.0,5.049752469181039,1.75,2.0463381929681126,0.0,0.0,1.5,2.598076211353316,9.051799541641932,5.325088267747637,8.598532356747372,5.016271487457948,39.132663584603804,27.94581944500708,59.37616313490979,34.378565849447824,-8.467535179326845,9.302076555445751,32.121879561155964,20.205258122988056,700.4271425244108,471.8290849014322,349.7830300463324,247.33146363362212,-0.6666666666666666
33,88_2,88,2.502,1.9793217693610767,1.0,0.816496580927726,0.0,0.0,0.0,0.0,1.75,3.031088913245535,0.0,0.0,2.0,2.1213203435596424,0.75,0.82915619758885,0.0,0.0,0.0,0.0,0.0,0.0,0.0,0.0,0.0,0.0,0.0,0.0,9.0,6.745368781616021,0.25,0.4330127018922193,0.0,0.0,0.0,0.0,3.0,2.549509756796392,21.0,12.36931687685298,0.5,0.8660254037844386,0.25,0.4330127018922193,0.0,0.0,0.25,0.4330127018922193,1.9534326674540248,1.3416962751669477,6.163233823066561,3.640802878449465,64.85566173918463,38.546487091401055,66.12873257043064,42.375631378488855,4.677660989178914,8.611670479276345,81.34269644148443,48.37744992762693,682.3425084966944,446.3103071353767,224.0124122813638,139.33426453546886,3.0
34,88_2,88,0.0,0.0,0.0,0.0,0.0,0.0,0.0,0.0,1.0,1.7320508075688772,0.25,0.4330127018922193,2.25,3.897114317029974,0.25,0.4330127018922193,0.0,0.0,0.25,0.4330127018922193,0.0,0.0,0.75,0.82915619758885,0.0,0.0,0.25,0.4330127018922193,10.0,7.874007874011811,0.25,0.4330127018922193,0.0,0.0,0.0,0.0,3.0,2.1213203435596424,21.0,12.36931687685298,1.25,1.6393596310755,0.25,0.4330127018922193,0.0,0.0,0.5,0.8660254037844386,5.5634901647600925,7.634096470275383,8.453322824520463,6.768614663996849,43.10959837636196,54.52046520423082,67.08282470861104,42.12295591869899,-6.939491107590745,7.776049052968806,77.50029778074922,44.75197414354535,465.1664619146956,317.9825656643092,215.13341101659296,134.1398294510735,-0.3333333333333333
35,88_2,88,4.216,2.3780648995909823,1.6666666666666667,0.4714045207910317,0.0,0.0,0.0,0.0,1.25,1.6393596310755,0.25,0.4330127018922193,3.5,6.06217782649107,0.0,0.0,0.0,0.0,0.0,0.0,0.0,0.0,4.75,4.322904116447646,0.0,0.0,0.0,0.0,14.25,9.229707470987366,0.5,0.8660254037844386,0.5,0.8660254037844386,0.0,0.0,2.75,0.82915619758885,24.0,7.54983443527075,5.25,2.5860201081971503,1.5,1.6583123951777,0.5,0.8660254037844386,0.25,0.4330127018922193,9.135247402293585,6.862161575272892,13.870205264974054,8.397964533424734,55.543744601023306,54.49639122843703,79.36538782775658,36.863367723250505,-27.09902578283878,37.49643037434174,86.53821610183672,9.434014965722564,656.2647833500668,408.3477833483034,326.53575789292364,129.71205601910464,4.333333333333334
36,88_2,88,2.844333333333333,0.4661504287482981,2.0,0.0,0.0,0.0,0.0,0.0,8.0,5.049752469181039,3.0,3.0,0.75,1.299038105676658,0.25,0.4330127018922193,0.0,0.0,1.5,0.8660254037844386,0.0,0.0,4.5,2.598076211353316,0.0,0.0,0.25,0.4330127018922193,9.0,6.96419413859206,1.25,1.299038105676658,0.25,0.4330127018922193,0.0,0.0,6.25,5.261891294962297,23.25,3.2691742076555053,8.75,2.8613807855648994,2.75,1.6393596310755,0.0,0.0,0.5,0.8660254037844386,3.769279970760234,6.683214301142448,7.229111888129831,6.455937346458723,34.16147107035265,62.19513420544167,96.97447793021364,11.41477160599767,7.407330985291509,52.37513406581402,114.03850584007228,14.117310668227342,732.0442328991671,291.6940489943144,244.59197460286444,152.8617860861596,3.333333333333333
37,88_2,88,3.1813333333333333,1.197813934725349,1.0,0.0,0.0,0.0,0.0,0.0,9.5,8.5,8.25,7.75806032459145,2.25,3.344772040064913,0.0,0.0,0.0,0.0,1.25,2.165063509461097,0.0,0.0,4.75,2.277608394786075,0.0,0.0,0.0,0.0,16.0,7.035623639735144,0.0,0.0,0.5,0.8660254037844386,0.0,0.0,9.0,8.0,27.75,2.277608394786075,3.75,1.479019945774904,2.0,1.7320508075688772,0.0,0.0,1.5,1.5,7.795833333333333,11.190711829459286,7.484340965827605,10.019170815279736,28.031944444444445,101.72760522841996,94.63689705921726,9.561308573564553,36.81875,65.79706975254166,113.05859846498224,26.74559743425824,822.2310763888889,424.52370209208175,238.8703856200339,230.21338203344945,5.0
38,88_2,88,2.541,2.006365370514553,0.6666666666666666,0.4714045207910317,74.0,104.65180361560904,0.0,0.0,12.0,11.510864433221338,7.25,7.258615570478987,0.25,0.4330127018922193,0.25,0.4330127018922193,0.0,0.0,0.25,0.4330127018922193,0.25,0.4330127018922193,4.25,3.191786333700926,0.0,0.0,0.0,0.0,15.25,1.299038105676658,0.5,0.8660254037844386,0.0,0.0,0.0,0.0,14.25,13.75454470347892,28.0,2.449489742783178,0.25,0.4330127018922193,0.0,0.0,0.0,0.0,0.25,0.4330127018922193,4.650694444444444,4.336249185911115,7.005146271507874,6.915078143463848,53.06354166666667,114.86601227440887,56.80050115072763,47.02711221048139,37.785763888888894,94.1325467642058,91.08659365495248,23.29601329346304,859.5032986111112,182.4963147243433,240.7233477982573,217.24094844038808,2.333333333333333
39,88_2,88,9.519,3.0279511224588807,3.333333333333333,0.9428090415820634,0.0,0.0,0.0,0.0,7.25,5.7608593109014565,0.75,0.82915619758885,0.75,0.82915619758885,0.0,0.0,2.0,2.345207879911715,3.75,3.031088913245535,0.0,0.0,13.0,3.082207001484488,0.0,0.0,2.5,2.598076211353316,18.0,6.59545297913646,0.75,0.82915619758885,0.0,0.0,0.0,0.0,6.5,4.387482193696061,22.5,7.365459931328117,7.75,5.11737237261468,6.5,3.570714214271425,0.0,0.0,0.75,0.4330127018922193,9.258680555555555,5.169907172909841,12.185076072059871,2.9977470184768475,31.003125,35.19594498213912,110.53782632140648,1.8209122782683764,42.25243055555556,30.98331232652185,91.50293354630138,11.000134457049231,1055.6506944444443,175.09282978949233,428.2182341406907,159.41929675579746,4.666666666666667
40,88_2,88,2.828333333333333,2.4070510773327785,1.3333333333333333,0.9428090415820634,0.0,0.0,30.666666666666668,43.36921591277491,2.0,1.224744871391589,1.5,1.5,0.0,0.0,0.75,0.4330127018922193,0.0,0.0,0.25,0.4330127018922193,0.0,0.0,8.0,3.391164991562634,0.0,0.0,0.5,0.5,23.0,3.9370039370059056,0.25,0.4330127018922193,0.0,0.0,0.0,0.0,3.75,1.920286436967152,28.0,2.9154759474226504,3.75,0.4330127018922193,3.75,1.0897247358851685,0.0,0.0,0.5,0.8660254037844386,1.6991499042145597,6.040207114362865,9.35103192460819,0.476677415176774,86.5261733716475,40.659041481499045,97.64039744169764,8.113618940906392,43.2245929118774,86.5444243193365,87.73302389458277,27.24189659141384,954.7089200191572,127.25643705136436,247.55123638589308,172.14931613244013,3.333333333333333
41,88_2,88,3.4320000000000004,1.5101207457242178,1.0,0.0,0.0,0.0,0.0,0.0,0.0,0.0,0.0,0.0,0.0,0.0,0.0,0.0,0.25,0.4330127018922193,2.5,1.6583123951777,0.0,0.0,7.75,6.609652033201143,0.0,0.0,2.25,1.299038105676658,23.5,4.330127018922194,0.0,0.0,0.0,0.0,0.0,0.0,4.5,3.570714214271425,27.25,4.205650960315181,3.5,3.278719262151,1.0,1.224744871391589,0.0,0.0,1.75,3.031088913245535,-1.4054444444444445,3.171389636798837,8.00208264189935,4.11497053942811,55.964069444444455,59.26271758422973,102.79015567271348,15.536147153816488,46.02002777777777,98.5467181796725,89.34275182478426,33.9121427181037,888.8007708333333,126.75951058798827,305.550096902464,56.27657982237242,-1.0
42,88_2,88,0.0,0.0,0.0,0.0,0.3333333333333333,0.4714045207910317,11.333333333333334,8.013876853447538,0.0,0.0,0.0,0.0,0.75,1.299038105676658,0.0,0.0,0.0,0.0,0.25,0.4330127018922193,0.0,0.0,0.75,1.299038105676658,0.0,0.0,0.0,0.0,22.25,4.656984002549289,0.0,0.0,0.75,1.299038105676658,0.0,0.0,7.5,3.905124837953327,29.75,0.4330127018922193,0.0,0.0,0.25,0.4330127018922193,1.75,2.48746859276655,1.0,1.7320508075688772,-0.6475694444444444,3.745032251582557,7.462581052423292,4.311460810171963,115.47152777777777,33.75187719830887,71.11453676291627,10.377523534782542,86.33263888888888,76.8862528493772,80.7744562837272,37.394341704909735,826.210763888889,303.0119101353262,193.5701362885571,76.21961506887548,0.3333333333333333
43,88_2,88,6.898666666666667,6.226747108688096,2.0,0.816496580927726,2.0,2.8284271247461903,2.0,2.8284271247461903,0.0,0.0,0.0,0.0,0.0,0.0,0.0,0.0,0.0,0.0,0.75,1.299038105676658,0.0,0.0,0.5,0.5,0.0,0.0,0.0,0.0,21.5,6.422616289332565,0.0,0.0,0.25,0.4330127018922193,0.0,0.0,15.0,15.0,30.0,0.0,0.0,0.0,0.0,0.0,1.5,2.598076211353316,2.25,3.897114317029974,-2.3557341269841268,3.631916068933088,7.50658664144796,6.882154739156042,82.44247023809523,84.14568680915265,44.01771980776605,43.0618895047222,57.11585317460317,106.3984034682062,82.44161110492215,31.64367257853426,801.0130307539682,182.69596061259423,143.84896549717703,86.66308790020418,0.6666666666666666
44,88_2,88,5.760333333333333,3.3413339984037647,2.0,0.0,2.0,2.8284271247461903,2.0,2.8284271247461903,6.75,6.759252917297888,1.75,1.7853571071357126,0.0,0.0,1.0,1.0,0.0,0.0,0.0,0.0,0.0,0.0,0.5,0.8660254037844386,0.0,0.0,0.0,0.0,13.75,8.842369591913696,1.25,1.299038105676658,0.0,0.0,0.0,0.0,6.75,5.261891294962297,29.5,0.5,0.0,0.0,0.0,0.0,2.25,2.277608394786075,2.75,2.165063509461097,1.6089084408692254,2.046436855906671,8.339862954239408,3.509121315958396,63.97231546322232,37.52628812878282,87.31059690720929,4.021603997605975,-0.3108934257463644,39.717920069430434,109.5951403952202,18.8142946570793,667.4264783890765,133.92100352059023,273.1040259332553,64.37294343199669,0.0
45,88_2,88,0.3483333333333333,0.4926177242266281,0.3333333333333333,0.4714045207910317,33.666666666666664,36.261396675926434,1.3333333333333333,1.8856180831641267,9.25,9.256754290786809,1.75,1.7853571071357126,0.0,0.0,0.25,0.4330127018922193,0.0,0.0,0.0,0.0,0.0,0.0,0.25,0.4330127018922193,0.0,0.0,0.0,0.0,10.75,11.431863365173676,0.75,0.82915619758885,0.0,0.0,0.0,0.0,9.0,4.898979485566356,30.0,0.0,0.0,0.0,0.0,0.0,0.0,0.0,1.75,1.920286436967152,5.773141025641027,6.657792571655118,7.946978371565999,4.0779764642842204,50.30605769230769,42.82869995070187,104.13447610221002,27.824961997671625,-12.749551282051282,28.38442703573173,114.58852723210804,24.566025529539083,626.2949492521368,396.90240834397935,99.35242329071448,114.4126120522256,0.3333333333333333
46,88_2,88,1.7326666666666668,2.450360699071783,0.3333333333333333,0.4714045207910317,3.333333333333333,4.714045207910316,1.6666666666666667,2.357022603955158,9.25,9.256754290786809,2.5,2.5,0.5,0.5,0.75,0.82915619758885,0.0,0.0,0.0,0.0,0.0,0.0,0.5,0.8660254037844386,0.0,0.0,0.0,0.0,9.5,8.381527307120106,0.0,0.0,0.0,0.0,0.0,0.0,2.75,1.6393596310755,28.75,1.299038105676658,0.0,0.0,0.0,0.0,0.0,0.0,3.5,2.5,7.947133547008545,6.345063521788194,8.72069013018335,3.0353726620023336,27.30975213675213,38.8978710585006,91.96363593810716,11.203471389860225,-4.002799145299143,65.59865967379608,84.80304180678237,13.19369726974683,536.1183028846153,326.0694216227478,118.98815412732442,118.299337347224,0.3333333333333333
47,88_2,88,0.0,0.0,0.0,0.0,0.3333333333333333,0.4714045207910317,0.0,0.0,5.5,5.5,2.0,2.0,1.25,1.299038105676658,0.5,0.8660254037844386,0.0,0.0,0.0,0.0,0.0,0.0,0.5,0.8660254037844386,0.0,0.0,0.0,0.0,10.0,11.20267825120404,1.0,1.0,1.25,1.299038105676658,0.0,0.0,2.25,1.299038105676658,29.75,0.4330127018922193,0.0,0.0,0.0,0.0,0.0,0.0,3.25,5.629165124598851,7.296216865006339,3.009709134155272,9.194761403662772,5.462248199679811,43.54579658596764,46.53946307799926,93.32393389696652,6.174412535153919,12.733402235921972,67.99845370590371,94.02391587315572,19.020550655694706,508.69464157686855,303.53282573852744,123.52106887492153,71.34342718825818,-1.0
48,88_2,88,1.2963333333333331,0.2472277402630124,1.0,0.0,34.0,48.08326112068523,0.0,0.0,3.0,2.549509756796392,0.75,1.299038105676658,0.0,0.0,0.5,0.5,0.0,0.0,0.0,0.0,0.0,0.0,1.0,1.224744871391589,0.0,0.0,0.0,0.0,6.75,9.41740410091868,0.0,0.0,0.0,0.0,0.0,0.0,2.25,1.0897247358851685,29.25,0.82915619758885,1.0,0.7071067811865476,0.25,0.4330127018922193,0.0,0.0,1.0,0.7071067811865476,13.12215511204482,9.593184331267556,11.112680594079873,2.6545813955850983,87.89742647058824,18.46425716865876,80.76593791155858,29.62327344540874,-2.901158380018675,29.9457489100512,82.75876477412334,31.61022547995418,539.4518090569561,380.0414700296376,165.40253663605878,115.31881936029512,-1.0
49,88_2,88,1.0953333333333333,0.965001324121141,0.6666666666666666,0.4714045207910317,14.666666666666666,20.7417989148054,0.3333333333333333,0.4714045207910317,0.0,0.0,0.0,0.0,0.0,0.0,0.75,1.299038105676658,0.0,0.0,0.0,0.0,0.0,0.0,0.0,0.0,0.0,0.0,0.0,0.0,3.75,6.49519052838329,0.0,0.0,0.0,0.0,0.0,0.0,0.0,0.0,30.0,0.0,0.0,0.0,0.0,0.0,0.0,0.0,2.75,4.763139720814412,13.118402777777778,10.277563594568194,5.717262907873739,5.414995668220785,66.365625,77.09374075997557,58.032871547305184,55.92958584825071,-8.081597222222221,27.7973382063294,60.9648047645227,62.71945246772777,542.8819444444445,291.33396654143144,99.90559226213192,111.93276638025436,-0.6666666666666667
50,88_2,88,0.0,0.0,0.0,0.0,29.0,37.532208390483326,1.0,1.4142135623730951,0.0,0.0,0.0,0.0,0.0,0.0,0.0,0.0,0.0,0.0,0.0,0.0,0.0,0.0,0.0,0.0,0.0,0.0,0.0,0.0,7.25,12.55736835487436,0.0,0.0,0.0,0.0,0.0,0.0,0.5,0.8660254037844386,30.0,0.0,0.0,0.0,0.0,0.0,0.0,0.0,1.75,3.031088913245535,13.340972222222224,9.607552202154803,5.1859343268214175,4.808660795434589,99.225,45.07493644846694,52.7984491846958,55.313767058401424,9.866319444444445,26.854199141846724,59.58091426070527,59.95156661181684,612.5619791666667,365.7307972273478,98.96726515759916,108.6867655621628,-1.0
51,88_2,88,1.731,1.5474088018361534,0.6666666666666666,0.4714045207910317,8.333333333333334,11.785113019775793,1.6666666666666667,2.357022603955158,0.0,0.0,0.0,0.0,0.0,0.0,0.0,0.0,0.0,0.0,0.0,0.0,0.0,0.0,0.0,0.0,0.0,0.0,0.0,0.0,4.5,7.794228634059948,0.0,0.0,0.0,0.0,0.0,0.0,0.25,0.4330127018922193,30.0,0.0,0.0,0.0,0.0,0.0,0.0,0.0,2.0,3.4641016151377544,14.036458333333332,10.772581005455342,4.20283656094266,5.667507104086773,94.90659722222222,50.28065644934869,60.097301254409146,62.870909161859565,-2.571527777777778,42.91462685618994,58.930908518796926,66.27801437399181,557.6067708333333,325.89504846114323,81.04777271568415,114.73108644899186,-0.6666666666666667
52,88_2,88,2.959,4.184657931061988,0.3333333333333333,0.4714045207910317,21.33333333333333,28.76726534718856,0.3333333333333333,0.4714045207910317,0.25,0.4330127018922193,0.0,0.0,0.25,0.4330127018922193,0.0,0.0,0.0,0.0,0.0,0.0,0.0,0.0,0.0,0.0,0.0,0.0,0.0,0.0,5.5,9.526279441628825,0.0,0.0,0.0,0.0,0.0,0.0,0.75,1.299038105676658,29.75,0.4330127018922193,0.25,0.4330127018922193,0.25,0.4330127018922193,0.0,0.0,1.0,1.7320508075688772,10.71388888888889,11.715579015425003,5.188048839624149,3.1601245057743386,131.6767361111111,25.121003524342395,46.81407980449973,31.03601134877705,42.51041666666667,67.6340673154583,45.78630457707102,53.64393747010055,637.8434027777778,429.0343125001135,116.60695024339248,126.01976859567088,-2.0
53,88_2,88,2.04,1.4429054023046692,1.3333333333333333,0.9428090415820634,0.0,0.0,0.0,0.0,7.0,6.041522986797286,3.5,3.5,0.5,0.8660254037844386,0.0,0.0,0.0,0.0,0.0,0.0,0.0,0.0,0.0,0.0,0.0,0.0,0.0,0.0,4.0,5.787918451395113,1.25,1.299038105676658,1.25,1.299038105676658,0.0,0.0,3.0,1.224744871391589,28.75,1.0897247358851685,0.0,0.0,0.0,0.0,0.0,0.0,2.0,2.345207879911715,9.891319444444443,6.516927327880447,8.977520226523591,4.631167797602585,93.640625,33.00717414323552,91.8571433190827,27.00224152467792,34.29097222222222,58.22222693937507,86.56984111772455,8.971308586613675,686.8088541666667,258.4431717954429,281.45520232163904,131.74861994395076,-1.6666666666666667
54,88_2,88,5.049,2.846926764073849,2.0,0.816496580927726,19.33333333333333,26.6374840320094,0.3333333333333333,0.4714045207910317,10.25,6.057020719792859,3.75,2.277608394786075,0.25,0.4330127018922193,0.0,0.0,0.0,0.0,0.0,0.0,0.0,0.0,2.25,2.277608394786075,0.0,0.0,0.0,0.0,12.25,3.631459761583488,3.0,0.7071067811865476,2.0,2.1213203435596424,0.0,0.0,9.0,3.9370039370059056,25.5,2.692582403567252,4.0,2.549509756796392,2.75,2.277608394786075,1.75,1.0897247358851685,1.0,1.7320508075688772,5.087678062678062,0.5260752323770197,7.93871703831908,2.8674252100223567,75.26711182336183,16.67937082589373,98.3550748435296,15.06628312542367,-3.2905344202898563,44.86568542981921,108.57408693727716,20.859315454392693,756.0821904419051,105.42123574371476,328.36150518662134,53.96590607590929,5.333333333333333
55,88_2,88,1.12,0.795361553005927,0.6666666666666666,0.4714045207910317,22.33333333333333,29.48822740612863,0.6666666666666666,0.9428090415820634,3.0,3.0,1.0,1.0,0.25,0.4330127018922193,0.0,0.0,0.0,0.0,0.0,0.0,0.0,0.0,0.0,0.0,0.0,0.0,0.0,0.0,14.75,9.60143218483576,0.0,0.0,0.0,0.0,0.0,0.0,15.0,14.017845768876189,30.0,0.0,0.5,0.5,0.0,0.0,0.5,0.8660254037844386,3.5,6.06217782649107,7.430097402597402,7.60061455468893,6.52330925624009,6.261469951425761,98.08380862193364,70.78342667127845,46.97484216342869,45.299769467684335,54.18082521645022,96.1162780244186,66.08574784373279,9.941984764122251,816.2983748196248,177.7428060732367,124.71938839853344,77.0162511903466,3.6666666666666665
56,88_2,88,1.2433333333333334,0.8818406255604745,0.6666666666666666,0.4714045207910317,37.333333333333336,52.09179931194117,0.3333333333333333,0.4714045207910317,0.25,0.4330127018922193,0.0,0.0,0.5,0.8660254037844386,0.0,0.0,0.0,0.0,0.0,0.0,0.0,0.0,0.0,0.0,0.0,0.0,0.0,0.0,15.75,7.292976072907411,0.0,0.0,0.0,0.0,0.0,0.0,9.0,9.0,30.0,0.0,0.0,0.0,0.0,0.0,3.25,3.2691742076555053,4.25,5.673402858955108,3.175734126984127,5.029744886911194,5.063322463488682,4.7587905751356345,77.62135912698413,65.40126938337681,93.28699368744232,22.19031164586853,-5.287202380952381,26.97270655361155,132.9863809421797,33.95581911346699,814.9857390873016,96.8904792751427,126.10603754058924,91.2851650394231,1.6666666666666663
57,88_2,88,0.0,0.0,0.0,0.0,24.33333333333333,18.00617178142601,0.0,0.0,1.0,1.0,0.0,0.0,1.25,2.165063509461097,0.0,0.0,0.0,0.0,0.0,0.0,0.0,0.0,0.0,0.0,0.0,0.0,0.0,0.0,13.5,8.52936105461599,0.0,0.0,0.0,0.0,0.0,0.0,13.25,12.754901018824098,30.0,0.0,0.25,0.4330127018922193,0.25,0.4330127018922193,1.75,1.7853571071357126,2.5,4.330127018922194,4.536914381914382,5.063325075634368,5.832370904110235,5.510313643745174,97.6377293771044,51.63780939192048,70.00045611953163,13.59033462599768,83.04717051467053,81.84716682064585,63.0487816271028,29.428313218890327,774.8855181277056,159.85399951307025,206.63675704268783,95.2949554604236,2.0
58,88_2,88,1.0433333333333332,1.4754961500759294,0.3333333333333333,0.4714045207910317,2.0,1.632993161855452,1.6666666666666667,1.247219128924647,0.0,0.0,0.0,0.0,0.25,0.4330127018922193,0.0,0.0,1.0,1.0,3.0,3.0,0.0,0.0,5.25,5.261891294962297,0.0,0.0,2.25,2.277608394786075,15.5,9.096702699330129,0.0,0.0,0.0,0.0,0.0,0.0,14.5,8.0156097709407,27.5,2.5,3.75,3.766629793329841,3.0,3.0,0.0,0.0,4.75,8.227241335952167,2.4516369047619047,5.579309637796,4.961063514773166,4.553939464450169,119.87326388888889,58.919347529364856,43.11086871937368,23.68155612697428,96.1841765873016,76.26137883253087,73.8059957099042,22.414204950376348,847.5153273809523,172.27425594069794,165.7307513950845,44.00907970182221,4.0
59,88_2,88,5.003333333333333,2.8144697941570134,1.0,0.0,2.6666666666666665,1.8856180831641267,1.0,1.4142135623730951,3.5,3.570714214271425,0.5,0.5,0.25,0.4330127018922193,0.0,0.0,0.0,0.0,0.0,0.0,0.0,0.0,0.25,0.4330127018922193,0.0,0.0,0.0,0.0,14.75,8.46684711093805,1.25,1.299038105676658,1.0,1.0,0.0,0.0,11.75,10.779030568655047,28.5,1.5,1.0,1.0,1.0,1.0,0.0,0.0,4.75,6.609652033201143,3.3220601851851854,7.076142488463585,8.24210649093561,2.862874635558724,88.70854166666666,52.33036374100615,76.73667526120484,20.12885889425779,56.30861111111111,67.90449545593428,83.81177692642194,22.37073837135963,765.7613310185186,164.4811232922496,141.68362479225837,43.317417724133776,0.0
60,88_2,88,0.334,0.4723473298326137,0.3333333333333333,0.4714045207910317,22.0,18.384776310850235,1.3333333333333333,1.8856180831641267,0.5,0.5,0.0,0.0,0.0,0.0,0.5,0.5,0.0,0.0,0.0,0.0,0.0,0.0,1.5,1.5,0.0,0.0,0.0,0.0,8.75,5.261891294962297,0.0,0.0,0.5,0.5,0.0,0.0,12.75,11.299889379989525,30.0,0.0,0.75,0.82915619758885,0.0,0.0,0.0,0.0,5.25,8.525696452489967,5.634604700854701,7.30663322821411,5.39069520462318,4.637399517264591,96.95935668498169,47.13608191091607,66.88250925695678,15.31993343074709,29.456775793650795,39.47212048210904,104.57578873824828,24.17050286516237,749.8005105311355,157.03622626011017,206.4104052632612,14.281091690898345,0.6666666666666666
61,88_2,88,0.0,0.0,0.0,0.0,27.666666666666668,37.72119946248911,1.6666666666666667,2.357022603955158,0.75,0.82915619758885,0.0,0.0,0.0,0.0,0.0,0.0,0.0,0.0,0.0,0.0,0.0,0.0,0.0,0.0,0.0,0.0,0.0,0.0,8.0,12.14495780149112,0.0,0.0,0.0,0.0,0.0,0.0,6.5,3.0413812651491097,20.0,10.0,0.0,0.0,0.0,0.0,0.0,0.0,1.5,2.598076211353316,4.048730158730159,3.8499593457351344,4.77014642288773,5.74308957968039,54.35246031746032,25.787616010828145,74.26372234697074,15.10009340155411,38.34314153439153,57.71108729727006,73.72573448628104,9.113614094442529,466.3123065476191,181.68613020269183,341.51508698065885,139.01574297802674,0.6666666666666666
62,88_2,88,0.8093333333333333,0.5854151423467698,0.6666666666666666,0.4714045207910317,6.333333333333333,7.586537784494029,6.333333333333333,7.586537784494029,0.25,0.4330127018922193,0.0,0.0,0.25,0.4330127018922193,0.0,0.0,0.0,0.0,0.0,0.0,0.0,0.0,0.5,0.8660254037844386,0.0,0.0,0.0,0.0,5.75,9.390819985496474,0.0,0.0,0.0,0.0,0.0,0.0,0.75,0.82915619758885,14.5,14.517231140957977,0.0,0.0,0.0,0.0,0.0,0.0,2.25,3.897114317029974,2.905023749398749,2.946107851683979,4.7846847904998615,6.799907501839484,33.417123617123615,48.137811878029,34.33106928861552,43.093866070704685,18.451703944203945,77.74856532344926,30.103789404675776,37.37616137485096,341.39074585137087,387.226245034415,129.07219736654963,157.3907365023742,1.6666666666666663
63,88_2,88,0.313,0.4426488450227787,0.3333333333333333,0.4714045207910317,11.0,14.854853303438128,3.6666666666666665,5.185449728701348,0.25,0.4330127018922193,0.25,0.4330127018922193,0.0,0.0,0.0,0.0,0.0,0.0,0.0,0.0,0.0,0.0,0.25,0.4330127018922193,0.0,0.0,0.0,0.0,6.5,11.258330249197702,0.25,0.4330127018922193,0.0,0.0,0.0,0.0,1.5,2.0615528128088303,14.75,14.7542366796795,0.25,0.4330127018922193,0.0,0.0,0.0,0.0,0.0,0.0,4.596440596440596,4.808829154972663,4.183743525317095,5.827248816191776,38.22399831649832,45.54855746238963,38.10949420056107,52.52458443384484,21.17174723424724,73.7174929845083,28.52427396006683,35.64563473810262,456.07524500962,599.4318418429041,56.232287150319806,67.00205237108916,4.0
64,88_2,88,3.527333333333333,1.6621773538210525,2.333333333333333,0.4714045207910317,47.0,41.52910625894406,0.6666666666666666,0.9428090415820634,0.0,0.0,0.0,0.0,0.0,0.0,0.0,0.0,0.0,0.0,0.0,0.0,0.0,0.0,0.75,1.299038105676658,0.0,0.0,0.0,0.0,6.5,11.258330249197702,0.0,0.0,0.0,0.0,0.0,0.0,6.75,6.832825184358224,15.0,15.0,0.0,0.0,0.0,0.0,0.0,0.0,0.0,0.0,3.491470658970659,3.515096776497263,3.804287696701064,5.956416364040631,22.087483465608464,60.84299127306604,38.48640597494337,46.72664538256773,35.71532166907167,67.49715783596304,31.89110397524915,40.70974936343183,480.0435873617124,561.0305415399939,77.11475207496365,79.52902534683602,1.6666666666666663
65,88_2,88,1.437,0.5432071428101806,1.0,0.0,39.333333333333336,42.897811391983886,1.0,0.816496580927726,0.75,1.299038105676658,0.25,0.4330127018922193,1.25,2.165063509461097,0.0,0.0,0.0,0.0,0.0,0.0,0.0,0.0,1.0,1.7320508075688772,0.0,0.0,0.0,0.0,7.75,12.295832627357935,0.0,0.0,0.0,0.0,0.0,0.0,2.75,2.947456530637899,14.75,14.7542366796795,0.5,0.8660254037844386,0.25,0.4330127018922193,0.0,0.0,0.0,0.0,2.596812169312169,3.691417493952621,3.803634682728712,4.539849349197899,30.85680254930256,40.113121748512825,39.76584489236549,47.909393445596486,32.532267015392016,56.51124031270151,37.29322059367062,48.44304492892299,460.3254602573353,583.4727613055172,73.4186600648053,73.98561527933661,0.6666666666666665
66,88_2,88,0.0,0.0,0.0,0.0,29.666666666666668,32.5610537640019,1.0,1.4142135623730951,0.25,0.4330127018922193,0.25,0.4330127018922193,0.25,0.4330127018922193,0.0,0.0,0.0,0.0,0.0,0.0,0.0,0.0,1.25,2.165063509461097,0.0,0.0,0.0,0.0,7.5,11.863810517704673,0.0,0.0,0.0,0.0,0.0,0.0,5.25,6.977642868476432,14.75,14.7542366796795,0.0,0.0,0.0,0.0,0.0,0.0,0.25,0.4330127018922193,3.897775673400673,3.913530427306859,4.3841358468788,5.991700857433757,22.093451178451176,33.35810887885824,44.76570982521647,59.21130588984245,39.05970328282828,47.48419226431848,31.97331169311626,41.53279626463672,417.8188825757576,538.1566194037772,39.590413054225216,43.85288582400322,0.6666666666666666
67,88_2,88,0.0,0.0,0.0,0.0,24.0,29.13188402192118,1.0,0.816496580927726,0.0,0.0,0.0,0.0,0.0,0.0,0.0,0.0,0.0,0.0,1.25,2.165063509461097,0.0,0.0,3.25,5.629165124598851,0.0,0.0,0.0,0.0,7.5,12.99038105676658,0.0,0.0,0.0,0.0,0.0,0.0,6.5,9.096702699330129,15.0,15.0,0.0,0.0,0.0,0.0,0.0,0.0,0.0,0.0,2.610406144781145,2.8977404670614457,4.809006235212805,7.649913495904875,4.326898448773447,25.91707672386931,55.488455223725,57.22202772252484,-0.1736156204906206,0.4439039908892254,48.63410698617771,48.99527685645356,436.086311026936,542.1439575127239,70.43190219045141,71.95561529838217,-0.3333333333333333
68,88_2,88,3.661333333333333,3.43343028989312,1.0,0.816496580927726,7.0,6.683312551921141,1.6666666666666667,2.357022603955158,0.0,0.0,0.0,0.0,0.0,0.0,0.0,0.0,0.0,0.0,0.0,0.0,0.0,0.0,0.5,0.8660254037844386,0.0,0.0,0.0,0.0,7.0,12.12435565298214,0.0,0.0,0.0,0.0,0.0,0.0,8.0,10.222524150130436,15.0,15.0,0.25,0.4330127018922193,0.0,0.0,0.0,0.0,0.0,0.0,5.195347222222222,5.40683178870209,3.4068162365801324,4.780996669372456,19.016597222222224,55.96231935431615,36.76457928680526,42.86626782913984,49.61354166666667,56.4064165798556,26.713668199849508,26.92808352215963,414.0305208333333,487.456354977659,103.23262164226074,111.33368245447792,4.333333333333333
69,88_2,88,1.8853333333333333,0.8368354411445272,1.0,0.0,2.6666666666666665,3.771236166328253,0.3333333333333333,0.4714045207910317,3.5,4.092676385936225,0.25,0.4330127018922193,1.75,3.031088913245535,0.0,0.0,0.0,0.0,0.25,0.4330127018922193,0.25,0.4330127018922193,0.75,1.299038105676658,0.0,0.0,0.0,0.0,4.25,6.796138609534093,0.75,0.82915619758885,0.25,0.4330127018922193,0.0,0.0,1.5,1.5,13.5,13.573871960498227,1.0,1.7320508075688772,0.0,0.0,0.0,0.0,1.0,1.7320508075688772,6.541994047619047,6.929847869338099,6.427729286529406,7.152787267591871,29.191964285714285,51.03939057381743,42.18052049999135,42.923291533631286,25.481577380952384,51.825688197714975,47.827354874706174,47.90203440383679,233.1515029761905,244.77532424619,109.6416462195048,111.66743747001736,0.3333333333333332
70,88_2,88,1.0516666666666667,0.7487074788519805,0.6666666666666666,0.4714045207910317,0.0,0.0,0.0,0.0,0.75,1.299038105676658,0.0,0.0,4.75,8.227241335952167,0.0,0.0,0.0,0.0,1.75,3.031088913245535,3.25,5.629165124598851,0.25,0.4330127018922193,0.0,0.0,0.0,0.0,7.0,12.12435565298214,0.0,0.0,0.5,0.8660254037844386,0.0,0.0,3.0,4.123105625617661,14.75,14.7542366796795,0.0,0.0,0.0,0.0,0.25,0.4330127018922193,2.0,3.4641016151377544,6.155130772005772,7.702224152772256,4.6698987128617375,6.04616325830179,45.42346651034151,51.10869382169879,40.38350860061107,52.51325088118926,62.07121963684463,66.2691631215408,27.3144688086559,36.16204624703926,168.65875390812892,175.16665721044052,131.04444189453642,155.6282748919873,-1.0
71,88_2,88,1.3153333333333337,0.935058049297238,0.6666666666666666,0.4714045207910317,15.333333333333334,21.684607956387456,2.6666666666666665,3.771236166328253,0.0,0.0,0.0,0.0,7.25,12.55736835487436,0.0,0.0,0.0,0.0,0.0,0.0,0.5,0.8660254037844386,0.0,0.0,0.0,0.0,0.0,0.0,4.25,7.361215932167728,1.5,2.598076211353316,5.75,9.959292143521044,0.0,0.0,2.25,3.897114317029974,13.25,13.47915056670857,0.0,0.0,0.0,0.0,0.0,0.0,3.5,6.06217782649107,7.591894841269841,9.730603288996583,4.346937814778139,6.208549813525291,54.37259920634921,54.37262186397543,32.00578997351155,35.35948569755174,61.6611507936508,62.181771761688445,27.17129267604546,29.102821817867408,115.76079861111111,186.1302709514796,39.35193312716356,49.00745186116495,0.3333333333333333
72,88_2,88,0.645,0.9121677477306463,0.3333333333333333,0.4714045207910317,10.666666666666666,15.084944665313014,1.0,1.4142135623730951,1.5,2.598076211353316,0.0,0.0,1.5,2.598076211353316,0.75,1.299038105676658,0.0,0.0,0.0,0.0,0.0,0.0,0.75,0.82915619758885,0.0,0.0,0.0,0.0,4.0,6.363961030678928,0.75,1.299038105676658,1.25,2.165063509461097,0.0,0.0,3.0,3.3166247903554,12.5,12.99038105676658,0.25,0.4330127018922193,0.0,0.0,0.0,0.0,1.25,2.165063509461097,4.2832638888888885,5.847966270867875,4.643527645490961,6.109906748441397,49.37379960317461,50.866723986815785,35.72484119317905,36.20617000187197,56.46394841269841,59.22079043868451,35.595502313669805,37.5196068862856,186.54775297619048,214.71656348415,88.03576866724515,90.17630832079334,-0.6666666666666667
73,88_2,88,3.756,0.517689739773415,1.0,0.0,4.666666666666667,6.599663291074443,0.0,0.0,2.0,3.4641016151377544,0.5,0.8660254037844386,0.5,0.8660254037844386,0.5,0.8660254037844386,0.0,0.0,0.0,0.0,0.0,0.0,0.5,0.8660254037844386,0.0,0.0,0.5,0.8660254037844386,2.5,4.330127018922194,4.0,6.928203230275509,0.25,0.4330127018922193,0.0,0.0,2.0,3.4641016151377544,12.25,12.852528934026951,0.0,0.0,0.0,0.0,0.0,0.0,0.0,0.0,4.161349206349207,4.771731876785457,2.165570405376558,2.214913793450669,33.368066077441085,43.984986897900086,36.67734128710087,45.09426463195388,51.351636904761904,53.48570939259241,30.410276748652407,33.652755792687785,187.68030107623852,187.69263985181612,71.86819992792287,72.36558755681995,0.3333333333333333
74,88_2,88,1.5956666666666666,1.1283688325287182,0.6666666666666666,0.4714045207910317,2.6666666666666665,3.771236166328253,0.3333333333333333,0.4714045207910317,0.25,0.4330127018922193,0.0,0.0,4.0,6.928203230275509,0.0,0.0,0.0,0.0,1.5,2.598076211353316,1.0,1.7320508075688772,0.75,1.299038105676658,0.0,0.0,0.5,0.8660254037844386,9.0,11.895377253370318,0.0,0.0,0.25,0.4330127018922193,0.0,0.0,1.5,2.0615528128088303,14.5,14.517231140957977,0.5,0.8660254037844386,0.5,0.8660254037844386,0.0,0.0,1.75,3.031088913245535,6.823344017094017,7.198817037419007,4.201393905315243,4.909265061388612,37.58742521367522,39.491613376542446,39.845714559875326,45.84512149675916,43.57115384615385,50.49527487560904,41.61026017515248,44.81083397104069,140.167094017094,140.1705112834146,56.462344707962245,61.87316440987786,0.3333333333333333
75,88_2,88,3.5696666666666665,0.9720525820253872,1.0,0.0,7.0,9.899494936611664,0.3333333333333333,0.4714045207910317,0.75,1.299038105676658,0.0,0.0,3.0,5.196152422706632,0.25,0.4330127018922193,1.0,1.7320508075688772,3.0,5.196152422706632,2.0,3.4641016151377544,2.5,4.330127018922194,0.0,0.0,1.25,2.165063509461097,7.25,9.41740410091868,1.25,2.165063509461097,0.25,0.4330127018922193,0.0,0.0,1.25,1.299038105676658,12.75,13.141061600951424,1.75,3.031088913245535,1.25,2.165063509461097,0.0,0.0,1.75,3.031088913245535,6.721483585858586,6.766912326638667,3.8561957184452966,3.926080440397646,43.026414141414136,44.60708374160279,37.08471082715288,42.32116847300354,50.73469907407407,54.89898972760041,31.904872402549795,42.36903663869519,158.28586174242423,158.580549726071,67.16198075530025,95.46372988634666,-2.0
76,88_2,88,1.2123333333333337,1.7144982421169823,0.3333333333333333,0.4714045207910317,9.0,12.727922061357855,0.6666666666666666,0.9428090415820634,2.5,4.330127018922194,0.0,0.0,3.25,3.6996621467371855,0.25,0.4330127018922193,0.0,0.0,0.5,0.8660254037844386,0.0,0.0,2.25,3.897114317029974,0.0,0.0,0.25,0.4330127018922193,5.0,5.196152422706632,1.25,2.165063509461097,0.0,0.0,0.0,0.0,3.5,4.9749371855331,11.0,12.36931687685298,2.75,4.763139720814412,2.0,3.4641016151377544,0.0,0.0,2.25,3.897114317029974,6.828510101010101,9.542339326621128,5.262795564912702,6.327996955854147,16.042142857142856,49.60074469892773,40.391018437196585,44.5216161586796,31.74123466810967,51.75750667698681,37.10732690343491,39.00197141153699,206.19085978835977,208.771707801984,83.82381563962299,103.46401788016443,-2.0
77,88_2,88,2.927666666666666,1.387015340778737,1.3333333333333333,0.4714045207910317,0.0,0.0,0.0,0.0,5.0,5.196152422706632,3.0,3.3166247903554,0.0,0.0,0.5,0.8660254037844386,0.25,0.4330127018922193,0.25,0.4330127018922193,0.0,0.0,1.5,2.598076211353316,0.0,0.0,0.5,0.8660254037844386,4.5,7.22841614740048,2.5,2.5,0.25,0.4330127018922193,0.0,0.0,3.5,3.5,10.25,10.73254396683284,4.0,4.898979485566356,2.5,3.278719262151,0.0,0.0,1.5,2.598076211353316,7.489388227513228,7.511866617414289,3.8828340043030014,4.029073143503422,46.30242724867725,46.502126668034414,37.23356209372716,39.09789603415653,19.93289351851852,55.02659601591608,51.75716810789393,52.79091330009442,248.4201917989418,248.4545164284768,82.49889943020423,88.58047804100235,0.0
1,90_1,90,5.05825,3.298474069550949,1.5,0.8660254037844386,5.5,7.297259759663212,0.25,0.4330127018922193,12.0,4.320493798938574,0.6666666666666666,0.9428090415820634,0.0,0.0,0.3333333333333333,0.4714045207910317,2.0,1.632993161855452,6.0,5.354126134736337,0.0,0.0,7.333333333333333,6.599663291074444,0.0,0.0,4.0,2.943920288775949,7.666666666666667,2.0548046676563256,6.333333333333333,2.0548046676563256,15.0,5.715476066494082,0.0,0.0,5.666666666666667,6.64997911442,17.0,8.602325267042627,8.666666666666666,9.568466729604882,3.6666666666666665,4.496912521077348,0.3333333333333333,0.4714045207910317,1.6666666666666667,1.699673171197595,8.205436507936508,1.4101168326090778,7.3051647444972865,0.4200188681400633,64.20433862433862,23.32612041183506,107.9932523567328,14.581829596104892,4.458756613756613,23.870004678973267,134.27012030516002,5.437739855271648,926.1640806878308,376.38999760355273,336.4305425882751,181.8419247079684,0.0
2,90_1,90,1.17075,1.1708081343670278,0.5,0.5,23.5,15.386682553429118,9.25,10.825317547305485,9.666666666666666,9.428090415820634,0.0,0.0,6.0,8.48528137423857,0.3333333333333333,0.4714045207910317,0.0,0.0,0.6666666666666666,0.9428090415820634,0.0,0.0,2.333333333333333,1.699673171197595,0.0,0.0,0.0,0.0,3.333333333333333,4.714045207910316,0.3333333333333333,0.4714045207910317,13.666666666666666,11.728408057172787,0.0,0.0,7.333333333333333,10.370899457402697,12.666666666666666,12.283683848458852,7.333333333333333,10.370899457402697,6.666666666666667,9.428090415820632,0.0,0.0,1.0,1.4142135623730951,7.304550264550265,4.427906976539112,2.4492017170850446,1.039428573532258,101.58283068783068,65.23979951333831,63.38366897979847,33.69399808529961,92.51410052910052,98.1460034214177,57.00456805943591,30.42724226605404,1065.900939153439,435.986940945281,124.7171072964068,51.42564023239812,-0.25
3,90_1,90,4.354,2.541364889188485,2.25,1.299038105676658,19.5,19.55121479601716,8.5,10.21028892833107,13.666666666666666,10.208928554075705,3.6666666666666665,3.299831645537222,2.0,2.160246899469287,0.0,0.0,0.3333333333333333,0.4714045207910317,4.0,2.943920288775949,0.0,0.0,6.0,8.48528137423857,0.0,0.0,1.6666666666666667,2.357022603955158,9.0,4.242640687119285,5.0,4.08248290463863,6.0,6.377042156569663,0.0,0.0,8.666666666666666,12.256517540566824,15.666666666666666,10.624918300339486,9.0,12.027745701779144,7.0,9.899494936611664,0.0,0.0,2.333333333333333,3.2998316455372216,6.437407407407409,2.681635508160693,2.9559394810713395,1.6029299222623643,104.73277777777776,43.47734276552118,64.850894278819,33.17677346199525,75.47648148148149,86.14977272639393,80.95534883448441,46.19978928706545,1049.3112037037035,501.6866229606703,226.12698092266632,159.87255991538345,4.25
4,90_1,90,6.2405,4.115711937198715,2.25,1.479019945774904,1.25,1.299038105676658,0.25,0.4330127018922193,16.333333333333332,5.792715732327588,3.333333333333333,2.3570226039551585,0.0,0.0,2.0,2.8284271247461903,0.0,0.0,2.0,0.816496580927726,0.0,0.0,3.333333333333333,2.0548046676563256,0.0,0.0,0.3333333333333333,0.4714045207910317,7.0,4.96655480858378,12.0,8.831760866327848,12.333333333333334,9.533566430716728,0.0,0.0,10.0,14.142135623730953,18.0,8.524474568362947,6.0,6.48074069840786,0.6666666666666666,0.9428090415820634,0.3333333333333333,0.4714045207910317,0.3333333333333333,0.4714045207910317,7.503703703703704,3.10863189355978,4.274920098160755,2.507402933557682,48.9837037037037,78.09143338533096,70.2808844866097,50.37095220447579,58.20851851851853,84.58378969083644,79.2199065897738,55.046712739696,724.2833333333333,124.48889487137517,209.82585511873108,197.1132976405143,0.5
5,90_1,90,3.06425,1.8418586231033045,1.0,0.7071067811865476,22.25,22.252808811473667,1.25,1.6393596310755,9.0,6.48074069840786,1.6666666666666667,1.247219128924647,0.3333333333333333,0.4714045207910317,0.0,0.0,1.3333333333333333,1.8856180831641267,4.333333333333333,6.128258770283412,0.0,0.0,5.666666666666667,6.018490028422596,0.0,0.0,1.3333333333333333,1.8856180831641267,3.333333333333333,2.494438257849294,6.333333333333333,8.259674462242579,16.666666666666668,9.428090415820632,0.0,0.0,5.0,7.071067811865476,12.666666666666666,11.897712198383164,6.666666666666667,6.79869268479038,3.6666666666666665,4.496912521077348,0.0,0.0,0.0,0.0,9.147222222222222,2.938271831880892,3.101424058090418,1.6386216308028518,118.41388888888888,25.91764586693689,75.63955691002847,35.43691512537046,28.61388888888889,104.53855401090716,105.44425355485214,8.148470013220262,922.8555555555556,84.44978745432246,157.09092384043672,142.0494424918165,3.25
6,90_1,90,5.539,3.860775699260448,2.25,1.7853571071357126,13.0,11.97914855071094,0.5,0.8660254037844386,10.333333333333334,5.436502143433364,3.333333333333333,1.247219128924647,4.666666666666667,6.599663291074443,0.0,0.0,0.0,0.0,2.0,2.8284271247461903,0.0,0.0,6.0,6.48074069840786,0.0,0.0,0.3333333333333333,0.4714045207910317,4.666666666666667,4.642796092394707,2.6666666666666665,2.0548046676563256,13.666666666666666,11.728408057172787,0.0,0.0,5.333333333333333,7.542472332656507,11.666666666666666,12.498888839501785,10.0,13.4412301024373,8.0,10.614455552060438,0.0,0.0,1.3333333333333333,1.8856180831641267,7.8,4.033729319404343,3.016604338175213,1.8955982462924288,129.86111111111111,20.023685434880907,64.66505162889219,31.56461532199149,46.04722222222224,129.57342715499718,79.85309299172808,8.66277678873613,990.2111111111112,277.8768564343224,130.25259521399923,85.91110604227461,2.25
7,90_1,90,0.89075,1.5428242568419774,0.25,0.4330127018922193,34.75,35.688758734369,4.5,5.722761571129799,8.666666666666666,11.556623882239812,1.3333333333333333,1.8856180831641267,8.333333333333334,11.785113019775793,0.0,0.0,0.0,0.0,2.6666666666666665,3.771236166328253,0.0,0.0,7.0,7.874007874011811,0.0,0.0,0.0,0.0,3.333333333333333,4.714045207910316,0.6666666666666666,0.9428090415820634,16.333333333333332,12.39175353029407,0.0,0.0,10.0,14.142135623730953,10.333333333333334,13.91242450313947,9.666666666666666,13.67073110293992,9.666666666666666,13.67073110293992,0.0,0.0,1.0,1.4142135623730951,8.955555555555556,3.4185789589777555,1.7205033928577955,1.017807884612626,136.98333333333335,31.106837256045083,26.488573812039704,34.28482203860681,57.07777777777778,161.56248280082056,16.733389883063783,12.292741236008046,1081.2458333333334,472.6546657625731,77.26898212669568,47.353604417571695,1.5
8,90_1,90,1.52,1.7930177076649298,0.75,0.82915619758885,14.75,20.68060685763356,13.75,16.55860803328589,10.666666666666666,9.46337971105226,1.3333333333333333,1.8856180831641267,3.0,4.242640687119285,0.0,0.0,0.0,0.0,2.0,2.160246899469287,0.0,0.0,10.333333333333334,9.030811456096044,0.0,0.0,3.333333333333333,1.247219128924647,8.0,3.559026084010437,3.333333333333333,4.714045207910316,11.333333333333334,12.498888839501785,0.0,0.0,4.333333333333333,6.128258770283412,13.0,10.23067283548187,12.333333333333334,12.229290885229426,10.333333333333334,11.897712198383164,0.0,0.0,0.3333333333333333,0.4714045207910317,5.984074074074074,2.657781119676663,4.511491191321994,1.7516600322220457,138.8022222222222,17.960963346128946,41.94318834036582,25.947857293828644,73.65703703703703,103.25184189743358,84.11316204026085,48.05594391819453,1052.8072222222222,468.3194875673439,168.63649735779924,24.17265142570286,6.75
9,90_1,90,1.87475,1.5964985710923767,1.0,0.7071067811865476,23.5,24.88473427625861,10.25,13.254716141811564,18.0,12.96148139681572,5.0,3.741657386773941,9.333333333333334,13.199326582148888,0.0,0.0,0.3333333333333333,0.4714045207910317,3.6666666666666665,5.185449728701348,0.0,0.0,9.333333333333334,13.199326582148888,0.0,0.0,0.3333333333333333,0.4714045207910317,2.6666666666666665,2.0548046676563256,4.333333333333333,6.128258770283413,10.0,12.754084313139328,0.0,0.0,10.0,12.754084313139328,13.666666666666666,12.391753530294071,10.0,14.142135623730953,9.666666666666666,13.67073110293992,0.0,0.0,3.333333333333333,3.39934634239519,8.815873015873017,4.828312382822012,3.70274810984113,3.1711990733487423,126.44642857142856,40.80821861741989,40.34027937031521,50.52305998639798,130.72361111111113,58.74775038377488,39.48998401455904,44.02238342469639,1055.673115079365,490.3354061528827,151.64627886317166,79.42822898530211,0.5
10,90_1,90,0.2135,0.3697928474159553,0.25,0.4330127018922193,12.25,12.255100978776143,3.5,4.092676385936225,15.666666666666666,11.841546445554409,4.333333333333333,6.128258770283412,6.666666666666667,9.428090415820632,0.0,0.0,0.3333333333333333,0.4714045207910317,2.333333333333333,3.2998316455372216,0.0,0.0,6.666666666666667,8.013876853447538,0.0,0.0,0.6666666666666666,0.4714045207910317,2.0,1.4142135623730951,2.0,2.160246899469287,11.333333333333334,12.552113589175152,0.0,0.0,6.0,8.48528137423857,12.666666666666666,12.283683848458852,8.0,11.31370849898476,7.666666666666667,10.842303978193728,0.0,0.0,2.333333333333333,2.6246692913372702,8.608796296296296,5.566977186640038,4.480564348598464,3.250101143687703,95.0675925925926,66.38598635113772,71.0281650613626,53.27999311822761,99.23240740740742,82.8872151408976,60.99744712860504,45.14903114964794,996.4872685185186,357.46684852619,202.3828578446451,168.87460675851256,0.75
11,90_1,90,1.84525,1.3290066544227686,1.25,0.82915619758885,0.75,1.299038105676658,0.0,0.0,17.666666666666668,11.8133634311129,6.666666666666667,4.988876515698588,0.0,0.0,0.3333333333333333,0.4714045207910317,2.0,2.8284271247461903,0.3333333333333333,0.4714045207910317,0.0,0.0,2.0,0.816496580927726,0.0,0.0,1.6666666666666667,2.357022603955158,4.0,3.741657386773941,11.333333333333334,8.993825042154693,14.666666666666666,9.809292646374772,0.0,0.0,7.0,9.899494936611664,16.0,10.23067283548187,0.6666666666666666,0.9428090415820634,0.0,0.0,0.0,0.0,2.6666666666666665,3.771236166328253,10.091666666666669,3.7619131755983872,6.012087965981119,2.93197682530402,75.45833333333334,58.59474797915545,64.19743933646049,43.81002454044128,55.39444444444444,66.81557132126952,80.54391726588254,16.879593552680888,688.8027777777778,115.42982026597724,173.4495580678882,148.09578273510908,4.5
12,90_1,90,3.719,2.5038048046922508,2.0,1.224744871391589,11.75,20.351596988934308,0.25,0.4330127018922193,20.666666666666668,5.557777333511022,12.666666666666666,8.219218670625303,0.3333333333333333,0.4714045207910317,0.6666666666666666,0.9428090415820634,3.0,2.449489742783178,2.6666666666666665,3.771236166328253,0.0,0.0,4.333333333333333,6.128258770283412,0.0,0.0,5.666666666666667,4.027681991198191,2.6666666666666665,2.494438257849294,14.666666666666666,11.323525167642018,14.333333333333334,5.734883511361751,0.0,0.0,4.666666666666667,6.599663291074443,11.666666666666666,10.780641085864152,4.333333333333333,6.128258770283412,2.0,2.8284271247461903,0.0,0.0,3.333333333333333,4.027681991198191,11.894444444444446,4.2999210443512,7.113648232792549,1.7130191902058067,80.06111111111112,32.40540673718615,88.7335461421324,18.16970316532819,63.83055555555556,55.26767411850382,97.00083549703749,25.228696934003228,796.2458333333334,174.91249571545023,435.37091350227433,221.002441244772,6.5
13,90_1,90,1.77525,1.5478275703385052,0.75,0.4330127018922193,8.75,14.58380951603524,8.25,14.289419162443238,12.333333333333334,12.81492185782739,1.6666666666666667,1.247219128924647,4.666666666666667,6.599663291074443,1.0,1.4142135623730951,0.0,0.0,3.0,2.160246899469287,0.0,0.0,10.666666666666666,7.93025150224688,0.0,0.0,3.333333333333333,4.714045207910316,2.6666666666666665,1.8856180831641267,8.333333333333334,9.104333522498443,3.6666666666666665,2.6246692913372702,0.0,0.0,0.0,0.0,1.0,1.4142135623730951,8.333333333333334,11.785113019775793,6.0,8.48528137423857,0.0,0.0,0.3333333333333333,0.4714045207910317,3.097222222222222,2.5448962480974044,3.4753945613027177,2.458881907668622,-0.6444444444444363,105.34265283432366,41.38926156946005,29.48196794893829,53.93333333333334,78.7908556571458,17.686347951486344,14.223444842090537,940.5041666666666,695.1429228126933,143.0310226457549,107.48359938214313,3.5
14,90_1,90,5.2365,4.01114805884799,1.25,0.82915619758885,7.25,11.986972094736853,0.0,0.0,14.666666666666666,6.599663291074444,4.666666666666667,5.185449728701348,4.0,5.656854249492381,0.3333333333333333,0.4714045207910317,0.3333333333333333,0.4714045207910317,1.3333333333333333,1.8856180831641267,0.0,0.0,4.333333333333333,4.784233364802441,0.0,0.0,0.6666666666666666,0.9428090415820634,2.6666666666666665,2.0548046676563256,12.0,10.98483803552272,6.333333333333333,8.259674462242579,0.0,0.0,3.0,4.242640687119285,8.666666666666666,5.792715732327589,8.666666666666666,11.556623882239812,7.333333333333333,9.67241208569794,0.0,0.0,1.3333333333333333,1.8856180831641267,7.252910052910053,4.188225359677685,4.577020751442338,1.0540939448462474,46.075793650793656,7.9141972717092655,111.0178128897426,17.990981119415668,76.09246031746032,14.120109114964135,105.0967073952828,17.921524227666808,999.8375,533.0297173656526,488.72120008453385,157.81385180318549,2.25
15,90_1,90,3.245,1.9732689882527417,1.75,1.0897247358851685,0.0,0.0,0.0,0.0,15.666666666666666,4.496912521077347,3.333333333333333,4.714045207910316,0.0,0.0,1.6666666666666667,2.357022603955158,1.0,1.4142135623730951,2.0,1.632993161855452,0.0,0.0,4.666666666666667,3.6817870057290873,0.0,0.0,2.0,2.160246899469287,3.333333333333333,2.867441755680876,17.333333333333332,7.586537784494028,6.333333333333333,5.792715732327589,0.0,0.0,5.333333333333333,7.542472332656507,20.666666666666668,6.599663291074443,5.0,3.741657386773941,2.6666666666666665,3.771236166328253,0.0,0.0,1.0,1.4142135623730951,6.8874470899470905,1.6294173798209095,6.366059553816257,2.118782300493847,33.75895502645503,95.46693886890245,66.61210728981645,26.04852127869081,29.25551587301587,103.91200437602144,75.0036282978416,38.429799589445246,797.2564748677249,294.5699598820277,309.7070474514617,134.1722447028276,0.0
16,90_1,90,2.01125,1.6330724685389808,1.0,0.7071067811865476,0.0,0.0,0.0,0.0,18.33333333333333,7.542472332656507,8.333333333333334,9.741092797468305,0.0,0.0,3.6666666666666665,3.858612300930076,0.3333333333333333,0.4714045207910317,2.6666666666666665,3.771236166328253,0.0,0.0,1.3333333333333333,0.9428090415820634,0.0,0.0,0.0,0.0,0.6666666666666666,0.9428090415820634,23.33333333333333,0.9428090415820634,13.666666666666666,10.077477638553985,0.0,0.0,0.6666666666666666,0.9428090415820634,11.666666666666666,0.4714045207910317,3.333333333333333,4.027681991198191,0.0,0.0,0.0,0.0,2.333333333333333,1.699673171197595,8.19686507936508,1.991487625453164,5.583312481534835,0.807785630680998,44.355873015873016,55.64162540503997,87.81870302551373,12.203034386686522,46.86854497354498,74.88518461766559,81.07432928803864,20.63017130280628,754.9184325396826,146.95399607503185,207.82892107531407,145.29931286045598,-1.0
17,90_1,90,5.51725,3.405367628832458,2.0,1.224744871391589,0.5,0.8660254037844386,0.5,0.8660254037844386,22.666666666666668,6.599663291074443,12.0,9.93310961716756,0.0,0.0,0.0,0.0,4.0,4.320493798938574,8.333333333333334,4.496912521077348,0.0,0.0,8.666666666666666,6.182412330330469,0.0,0.0,5.333333333333333,4.496912521077348,8.333333333333334,0.9428090415820634,20.666666666666668,3.858612300930076,16.333333333333332,9.533566430716728,0.0,0.0,2.0,1.4142135623730951,9.0,4.320493798938574,9.333333333333334,7.363574011458175,3.6666666666666665,2.6246692913372702,0.0,0.0,0.6666666666666666,0.9428090415820634,9.614179894179896,1.9102606370357256,4.251450796807499,0.7541981197091194,79.96232804232805,58.98037215134512,81.33650242067861,33.47162717890125,88.03544973544973,62.335492688588246,81.89422008206739,42.839553072527885,889.4953703703704,290.9553620023144,260.4388156820701,122.299521201729,-0.75
18,90_1,90,2.3705,1.6089646515694496,1.0,0.7071067811865476,0.5,0.8660254037844386,26.75,46.33235910246746,13.333333333333334,9.568466729604882,6.666666666666667,9.428090415820632,6.333333333333333,8.956685895029603,0.0,0.0,0.0,0.0,0.0,0.0,0.0,0.0,3.6666666666666665,2.867441755680876,0.0,0.0,0.0,0.0,6.333333333333333,4.921607686744467,4.0,5.656854249492381,9.666666666666666,12.283683848458852,0.0,0.0,5.0,7.071067811865476,17.666666666666668,11.145502331533658,10.333333333333334,11.2644968324772,8.333333333333334,11.08552609887726,1.6666666666666667,1.247219128924647,2.0,2.8284271247461903,7.01111111111111,4.758561160790902,5.374676064268097,3.2603589583843258,95.62777777777778,42.23957812143183,67.34021773725233,45.23983445367304,83.51944444444446,79.83167660462965,60.42437481313294,41.9159382277923,868.2444444444445,333.52440940735465,146.89675746751013,78.33915208692378,-1.0
19,90_1,90,2.40575,1.5394595439634002,1.25,0.82915619758885,8.25,14.289419162443238,0.25,0.4330127018922193,9.0,8.831760866327848,1.3333333333333333,1.8856180831641267,9.0,12.727922061357855,0.0,0.0,0.0,0.0,0.0,0.0,0.0,0.0,1.0,1.4142135623730951,0.0,0.0,0.0,0.0,8.333333333333334,8.259674462242577,0.0,0.0,9.333333333333334,13.199326582148888,0.0,0.0,9.333333333333334,13.199326582148888,12.333333333333334,12.498888839501785,8.666666666666666,11.556623882239812,8.333333333333334,11.08552609887726,2.333333333333333,3.2998316455372216,2.0,2.8284271247461903,10.566666666666668,7.546218699896436,6.688286963313775,4.368321664327578,-0.0177777777777805,90.16420305048116,79.74155157302242,4.272400113168823,33.69222222222222,115.63172002760838,45.49470212623887,34.36547132203393,1013.9225,610.582988919121,159.8288343769078,142.92297788982324,-4.0
20,90_1,90,2.0345,2.160781166615444,1.0,0.7071067811865476,0.25,0.4330127018922193,0.0,0.0,17.0,12.19289410544792,0.3333333333333333,0.4714045207910317,8.666666666666666,12.256517540566824,0.0,0.0,0.3333333333333333,0.4714045207910317,1.0,0.816496580927726,0.0,0.0,1.3333333333333333,1.247219128924647,0.0,0.0,1.0,0.816496580927726,5.333333333333333,7.542472332656507,5.333333333333333,6.847546194724712,14.0,11.86029791643813,0.0,0.0,7.0,9.899494936611664,13.333333333333334,11.953614051360738,5.666666666666667,7.318166133366716,3.333333333333333,4.027681991198191,0.0,0.0,5.0,7.071067811865476,12.580555555555556,13.669221193056002,8.322465326229496,7.384281451866149,29.90000000000001,98.7160844243433,71.3603361032444,40.93252437368556,30.813888888888886,111.49396353310338,49.39471336260783,25.887137521325773,1075.216666666667,576.4292228826151,148.24376174530013,58.9386232023753,0.0
21,90_1,90,2.4825,1.9045903102767272,1.25,0.82915619758885,13.0,22.516660498395403,0.25,0.4330127018922193,25.33333333333333,3.858612300930076,5.666666666666667,4.9216076867444665,0.0,0.0,0.6666666666666666,0.9428090415820634,0.3333333333333333,0.4714045207910317,1.3333333333333333,1.247219128924647,0.0,0.0,5.333333333333333,3.858612300930076,0.0,0.0,2.0,2.8284271247461903,1.0,1.4142135623730951,13.0,2.943920288775949,18.0,8.640987597877148,0.0,0.0,3.6666666666666665,5.185449728701348,7.333333333333333,8.993825042154695,8.0,6.97614984548545,6.0,4.898979485566356,0.3333333333333333,0.4714045207910317,1.6666666666666667,1.247219128924647,15.257235449735449,1.7798383974682732,8.903098944410589,4.144855102662635,65.51645502645502,16.81751417892568,104.02033652909113,15.789377879559686,44.160899470899466,45.21141109714439,112.90996437178468,24.820388614433995,812.2973148148147,142.17821387920816,228.27314858133852,122.73238666334372,1.5
22,90_1,90,1.704,1.418766541753787,1.25,0.82915619758885,2.75,4.763139720814412,5.25,9.093266739736606,17.666666666666668,3.681787005729087,3.0,2.449489742783178,0.3333333333333333,0.4714045207910317,0.3333333333333333,0.4714045207910317,0.3333333333333333,0.4714045207910317,1.6666666666666667,1.699673171197595,0.0,0.0,1.3333333333333333,1.8856180831641267,0.0,0.0,0.6666666666666666,0.9428090415820634,0.0,0.0,3.333333333333333,1.247219128924647,22.666666666666668,10.370899457402697,0.0,0.0,4.0,5.656854249492381,6.333333333333333,8.956685895029603,5.666666666666667,4.496912521077348,3.0,4.242640687119285,0.3333333333333333,0.4714045207910317,0.0,0.0,14.153518518518515,6.854732532584948,2.7948493338820004,1.0769150896725137,96.555,30.89772411611501,81.93057530490672,15.936144441220804,-30.97611111111111,106.30821617609436,80.31297146078937,50.5873476839218,813.7805555555556,42.20284903677698,156.48038318623188,142.27885354583077,6.5
23,90_1,90,2.57625,1.56062365338348,1.0,0.7071067811865476,3.0,5.196152422706632,2.0,3.4641016151377544,9.333333333333334,4.784233364802441,4.333333333333333,3.2998316455372216,0.3333333333333333,0.4714045207910317,0.0,0.0,6.0,2.943920288775949,10.333333333333334,4.642796092394707,0.0,0.0,13.0,8.981462390204987,0.0,0.0,9.666666666666666,5.792715732327589,9.0,6.377042156569663,4.666666666666667,4.496912521077347,21.33333333333333,8.379870059984357,0.0,0.0,5.666666666666667,8.013876853447538,6.333333333333333,6.944222218666553,11.666666666666666,8.339997335464536,5.666666666666667,4.9216076867444665,0.0,0.0,0.6666666666666666,0.9428090415820634,12.055555555555555,4.738799334831817,4.703050997053307,0.5255211035030009,86.79166666666667,46.7905266013285,93.00529229900162,30.4412013336617,10.661111111111104,108.92684967558232,104.05138937155044,26.38694857377766,1030.5,286.142003968633,333.28441962522066,165.7717774110108,5.25
24,90_1,90,2.2155,1.2879348780120832,1.5,0.8660254037844386,8.75,15.155444566227676,1.75,3.031088913245535,12.0,2.8284271247461903,0.3333333333333333,0.4714045207910317,0.0,0.0,0.0,0.0,4.333333333333333,4.784233364802441,10.0,10.198039027185567,0.0,0.0,11.333333333333334,8.178562764256865,0.0,0.0,8.0,6.531972647421808,7.666666666666667,3.299831645537222,6.0,4.242640687119285,23.0,4.320493798938574,0.0,0.0,6.333333333333333,8.956685895029603,10.666666666666666,7.318166133366716,9.333333333333334,7.363574011458175,5.666666666666667,4.496912521077348,0.0,0.0,0.0,0.0,10.427777777777775,2.661386554986278,4.254685481672545,0.659133527898881,104.73333333333332,40.00939530863924,80.71115322019132,55.0379614409046,72.89999999999999,72.0887573424954,89.7559114198316,64.86605589819635,933.1972222222222,197.88575566605263,234.809732909946,144.88964435530914,6.75
25,90_1,90,3.9165,2.338533140667457,1.5,1.118033988749895,14.25,24.107830678018296,0.0,0.0,9.666666666666666,6.599663291074443,2.333333333333333,3.2998316455372216,5.0,7.071067811865476,0.3333333333333333,0.4714045207910317,1.3333333333333333,1.8856180831641267,4.0,4.320493798938574,0.0,0.0,10.666666666666666,8.993825042154695,0.0,0.0,3.6666666666666665,2.867441755680876,7.333333333333333,5.185449728701348,3.333333333333333,3.39934634239519,14.333333333333334,12.283683848458852,0.0,0.0,5.333333333333333,7.542472332656507,8.0,11.31370849898476,11.666666666666666,12.498888839501785,10.0,11.430952132988164,0.3333333333333333,0.4714045207910317,0.6666666666666666,0.9428090415820634,8.061111111111112,5.185763691273292,4.158424906757361,1.848561121733864,68.28888888888889,101.19103411766514,52.74780421595481,35.310633856648096,74.10555555555555,122.8227894489646,40.21767292459199,27.94821165174152,907.2166666666668,87.93385166429661,124.01747598186056,74.43880676108778,3.75
26,90_1,90,1.2665,1.3416060338266222,0.75,0.4330127018922193,10.0,10.606601717798211,0.25,0.4330127018922193,15.0,10.801234497346432,4.0,5.656854249492381,3.6666666666666665,5.185449728701348,0.0,0.0,0.0,0.0,0.0,0.0,0.0,0.0,2.0,2.160246899469287,0.0,0.0,0.0,0.0,3.0,2.449489742783178,7.0,5.0990195135927845,12.666666666666666,12.283683848458852,0.0,0.0,5.666666666666667,8.013876853447538,10.0,8.602325267042627,5.0,5.0990195135927845,3.6666666666666665,3.858612300930076,0.0,0.0,1.0,1.4142135623730951,9.566666666666666,3.982083718449518,6.46255400823516,5.822758458068996,29.93611111111112,104.7916968927134,64.27059384400512,45.209483122030434,38.81111111111111,134.23671486327407,41.55386997264988,30.008635508981765,788.111111111111,22.98722983178936,131.90797662570915,92.88669843682062,-1.5
27,90_1,90,3.0082500000000003,3.203752360514152,1.25,1.299038105676658,36.5,42.21670285562339,2.5,3.278719262151,9.333333333333334,9.877021593352705,3.6666666666666665,5.185449728701348,8.666666666666666,12.256517540566824,0.3333333333333333,0.4714045207910317,0.0,0.0,5.666666666666667,6.64997911442,0.0,0.0,2.333333333333333,3.2998316455372216,0.0,0.0,0.6666666666666666,0.9428090415820634,0.0,0.0,9.333333333333334,6.599663291074444,14.0,12.328828005937952,0.0,0.0,2.333333333333333,3.2998316455372216,5.333333333333333,6.18241233033047,3.333333333333333,2.867441755680876,2.333333333333333,2.0548046676563256,0.0,0.0,1.3333333333333333,1.247219128924647,9.67777777777778,4.513438439062826,4.081996216878143,3.732532334238146,45.31805555555555,87.53756761870166,70.87318173359412,49.54124367713543,33.169444444444444,139.93009768328727,45.18387032623315,35.98434222672824,829.5402777777778,69.44596056678321,134.21480967696797,109.24188389929024,0.5
28,90_1,90,2.8425,2.2953828112103656,1.25,1.0897247358851685,5.25,9.093266739736606,0.0,0.0,10.666666666666666,13.695092389449425,6.666666666666667,9.428090415820632,1.6666666666666667,2.357022603955158,0.3333333333333333,0.4714045207910317,0.0,0.0,0.3333333333333333,0.4714045207910317,0.0,0.0,0.6666666666666666,0.9428090415820634,0.0,0.0,0.0,0.0,0.6666666666666666,0.9428090415820634,4.0,0.816496580927726,14.666666666666666,12.256517540566824,0.0,0.0,5.666666666666667,8.013876853447538,9.666666666666666,11.556623882239812,5.0,4.08248290463863,3.0,2.449489742783178,0.0,0.0,0.3333333333333333,0.4714045207910317,7.980925925925926,5.4948165123870245,2.4927871342204053,0.4814277665566477,44.41888888888889,84.63051956700414,75.25131954995219,27.8029446589952,36.41833333333333,112.84531981940604,71.49718703503007,29.586492129875385,669.9553703703704,191.04155364865105,216.7267679582566,168.84040669285758,4.75
29,90_1,90,2.20775,1.6277534172902233,1.75,1.0897247358851685,0.0,0.0,0.0,0.0,14.666666666666666,9.177266598624136,4.0,3.741657386773941,0.0,0.0,1.3333333333333333,1.8856180831641267,1.3333333333333333,1.247219128924647,2.333333333333333,1.699673171197595,0.0,0.0,2.6666666666666665,1.8856180831641267,0.0,0.0,1.6666666666666667,1.247219128924647,4.333333333333333,4.189935029992178,10.666666666666666,0.9428090415820634,12.333333333333334,12.657891697365017,0.0,0.0,4.0,5.656854249492381,11.666666666666666,1.699673171197595,4.666666666666667,3.39934634239519,2.0,2.160246899469287,0.0,0.0,0.0,0.0,-2.4743386243386247,17.313760341737776,16.321869367783055,14.276862162954572,16.386904761904763,73.55983427545156,90.59048826121904,39.99732928132556,24.56296296296296,32.79129824203069,120.99291472087138,19.327989201312487,751.4906746031744,51.47682020653817,440.388095598368,401.5006603422411,3.5
30,90_1,90,4.1697500000000005,2.5668465453743043,2.25,1.299038105676658,0.0,0.0,0.0,0.0,7.0,1.4142135623730951,1.6666666666666667,0.4714045207910317,2.0,2.8284271247461903,0.6666666666666666,0.9428090415820634,4.0,2.8284271247461903,10.333333333333334,6.79869268479038,0.0,0.0,11.0,8.04155872120988,0.0,0.0,7.333333333333333,5.734883511361751,13.0,6.377042156569663,5.333333333333333,3.0912061651652345,14.0,10.614455552060438,0.0,0.0,5.0,7.071067811865476,11.333333333333334,3.2998316455372216,10.333333333333334,7.408703590297622,5.666666666666667,4.496912521077348,0.3333333333333333,0.4714045207910317,0.6666666666666666,0.9428090415820634,8.238148148148149,3.682522963571184,9.98673532078868,6.149767781323056,77.98537037037036,50.24055628626499,97.96897817394516,44.203173144780685,50.119814814814816,66.78916905573094,123.34513420558405,32.968915004781,1089.7258333333332,289.5668683192895,416.4692153866881,196.29944853855045,4.5
31,90_1,90,4.01575,3.37836013288992,1.5,1.118033988749895,4.5,5.722761571129799,3.75,5.402545696243577,10.333333333333334,5.436502143433364,4.666666666666667,5.9066817155564495,1.6666666666666667,2.357022603955158,1.3333333333333333,1.8856180831641267,3.333333333333333,2.867441755680876,7.0,5.354126134736337,1.0,1.4142135623730951,10.333333333333334,7.586537784494029,0.0,0.0,6.333333333333333,4.642796092394707,14.0,9.93310961716756,6.666666666666667,5.436502143433363,9.666666666666666,12.970050972229147,0.0,0.0,5.333333333333333,7.542472332656507,10.0,7.3484692283495345,10.0,7.483314773547883,4.333333333333333,4.189935029992179,0.3333333333333333,0.4714045207910317,2.6666666666666665,0.4714045207910317,4.051666666666667,8.240420139414864,8.526926879188451,2.407999868634521,78.98462962962964,23.36469869987792,101.74431067669124,32.327873189331726,76.01386243386243,29.46228806940769,101.53858879146232,35.23344421792937,1018.359007936508,287.5863851543997,363.508222798227,141.61285409516256,-1.75
32,90_1,90,3.159,2.96432395328176,1.0,0.7071067811865476,0.0,0.0,0.0,0.0,18.33333333333333,4.988876515698588,5.0,6.377042156569663,0.0,0.0,2.333333333333333,2.0548046676563256,1.0,0.816496580927726,5.0,2.943920288775949,0.0,0.0,4.333333333333333,3.39934634239519,0.0,0.0,2.0,1.632993161855452,4.333333333333333,5.436502143433364,19.33333333333333,7.3181661333667165,10.666666666666666,10.873004286866728,0.0,0.0,2.333333333333333,3.2998316455372216,10.333333333333334,9.10433352249844,7.333333333333333,8.339997335464536,2.0,1.632993161855452,0.3333333333333333,0.4714045207910317,1.6666666666666667,1.247219128924647,17.69333333333333,7.785817233919634,10.937491214653608,4.107597012040711,-20.92203703703704,23.683959950065866,115.488255587499,9.47876754734419,-0.0194444444444409,55.15615304873793,96.2995247764592,21.24950634984426,755.7040740740741,321.43332626624925,406.8194255702479,183.6149476672075,0.0
33,90_1,90,1.8075,1.6308841927003894,1.25,0.82915619758885,3.25,5.629165124598851,0.5,0.8660254037844386,23.0,3.559026084010437,5.666666666666667,4.027681991198191,0.3333333333333333,0.4714045207910317,2.333333333333333,3.2998316455372216,4.666666666666667,0.9428090415820634,8.333333333333334,4.714045207910316,0.0,0.0,8.666666666666666,6.342099196813483,0.0,0.0,5.0,3.741657386773941,1.3333333333333333,0.4714045207910317,23.0,4.08248290463863,13.333333333333334,12.47219128924647,0.0,0.0,0.0,0.0,4.333333333333333,3.299831645537222,9.0,8.831760866327848,3.333333333333333,2.3570226039551585,0.0,0.0,1.0,1.4142135623730951,7.519907407407406,2.102052425574307,5.201689748976798,1.3189449605304333,12.827857142857148,94.69767537459929,76.22386693542447,20.184740610389674,16.62104497354498,116.05001642649424,61.99943584160784,18.9332173908629,863.0598214285715,296.34632768715335,295.87870539248354,151.79350595901187,2.25
34,90_1,90,2.766,1.861345212474032,2.0,1.224744871391589,9.75,16.887495373796554,1.75,3.031088913245535,22.0,2.449489742783178,4.333333333333333,3.6817870057290873,0.0,0.0,2.0,2.160246899469287,4.0,3.265986323710904,0.6666666666666666,0.9428090415820634,0.0,0.0,6.0,4.320493798938574,0.0,0.0,5.0,3.741657386773941,1.6666666666666667,1.247219128924647,19.33333333333333,8.178562764256865,13.666666666666666,12.391753530294071,0.0,0.0,1.0,1.4142135623730951,4.666666666666667,2.0548046676563256,8.0,8.640987597877148,1.0,1.4142135623730951,0.0,0.0,3.0,2.449489742783178,9.32404761904762,2.097220815124695,6.593722290017129,1.9141690918632683,-34.19150793650794,60.09430614461549,96.60610885690284,24.53048333966225,-55.65227513227514,87.76408714933852,76.09942373132436,2.1848460522373205,818.7511904761905,214.13389948253496,259.2348529755033,96.3950236269483,1.25
35,90_1,90,1.79725,1.071150170377618,1.0,0.7071067811865476,1.0,1.7320508075688772,0.75,1.299038105676658,14.333333333333334,5.312459150169743,1.3333333333333333,0.4714045207910317,0.0,0.0,0.0,0.0,3.6666666666666665,3.299831645537222,4.333333333333333,3.6817870057290873,0.3333333333333333,0.4714045207910317,6.333333333333333,5.792715732327589,0.0,0.0,5.0,4.546060565661952,8.666666666666666,7.84573486395988,8.0,8.48528137423857,15.0,10.801234497346432,0.0,0.0,5.0,7.071067811865476,10.333333333333334,11.2644968324772,7.333333333333333,7.717224601860151,2.0,1.4142135623730951,0.6666666666666666,0.9428090415820634,2.333333333333333,2.6246692913372702,10.315740740740742,4.782826968796077,4.724722634237334,2.702639816184815,-11.765740740740746,78.85740354784242,98.938757999836,10.923024127399398,-38.560185185185176,123.50996844887229,76.24521386178307,25.21734472137137,947.7439814814816,184.74716983558892,209.83644624099404,144.5434906638018,3.5
36,90_1,90,3.3545,2.4566532620620274,1.5,0.8660254037844386,1.5,2.598076211353316,1.0,1.7320508075688772,14.333333333333334,5.792715732327589,5.666666666666667,6.599663291074443,0.0,0.0,0.3333333333333333,0.4714045207910317,2.0,1.632993161855452,3.333333333333333,2.3570226039551585,0.0,0.0,7.333333333333333,5.2493385826745405,0.0,0.0,2.0,1.632993161855452,4.333333333333333,4.784233364802441,9.666666666666666,4.496912521077348,14.333333333333334,11.440668201153676,0.0,0.0,2.333333333333333,3.2998316455372216,5.666666666666667,6.64997911442,11.666666666666666,10.274023338281626,3.6666666666666665,3.299831645537222,0.0,0.0,2.333333333333333,2.0548046676563256,10.491666666666664,3.9472974814938135,5.6185994377584905,2.982723802826184,-10.46111111111111,51.15067716747608,112.28607782744967,4.977766699343975,-23.013888888888896,97.4525013297868,94.4266725556746,27.536165039151854,947.0333333333332,257.0973842954729,205.6874539185674,116.84610443765968,0.0
37,90_1,90,3.2662500000000003,4.086684498159847,1.0,1.0,1.5,2.0615528128088303,4.75,6.139014578904337,9.333333333333334,6.236095644623235,0.3333333333333333,0.4714045207910317,2.333333333333333,3.2998316455372216,0.0,0.0,3.0,2.160246899469287,7.333333333333333,3.2998316455372216,0.0,0.0,12.666666666666666,9.285592184789412,0.0,0.0,5.666666666666667,4.189935029992179,3.6666666666666665,2.6246692913372702,3.0,2.943920288775949,12.0,12.727922061357855,0.0,0.0,4.333333333333333,6.128258770283412,6.0,4.898979485566356,18.33333333333333,13.123346456686352,17.0,12.569805089976535,0.0,0.0,0.0,0.0,8.936111111111112,3.9324877465216863,3.609428484955373,0.4654876902459838,119.125,32.53588403593792,70.59284899205123,48.291630187698686,89.075,94.73300370378182,74.01168171332411,35.827350567259494,1356.9097222222222,735.625253503318,197.51516768996785,99.2162559076842,6.75
38,90_1,90,0.0,0.0,0.0,0.0,12.0,19.091883092036785,9.75,16.315253599009733,1.0,0.816496580927726,0.3333333333333333,0.4714045207910317,5.0,6.377042156569663,0.0,0.0,0.3333333333333333,0.4714045207910317,1.6666666666666667,2.357022603955158,0.0,0.0,1.3333333333333333,1.8856180831641267,0.0,0.0,0.3333333333333333,0.4714045207910317,6.0,4.242640687119285,3.333333333333333,2.3570226039551585,12.666666666666666,12.684198393626966,0.0,0.0,3.0,4.242640687119285,11.0,1.632993161855452,1.0,1.4142135623730951,0.0,0.0,1.6666666666666667,2.357022603955158,1.6666666666666667,1.699673171197595,7.01111111111111,4.969687435833016,5.608044855503271,3.327782813559032,54.64722222222222,43.0872050341435,97.67209087466574,17.122386318650463,-9.630555555555556,74.66235736986002,105.44487498944312,38.96057397641654,795.6361111111111,527.543833797659,184.57694583194208,97.90310468841176,5.5
39,90_1,90,0.832,1.441066271897306,0.25,0.4330127018922193,17.75,30.74390183434757,5.5,9.526279441628825,7.0,8.524474568362947,2.6666666666666665,2.494438257849294,8.0,11.31370849898476,0.0,0.0,4.0,5.656854249492381,0.3333333333333333,0.4714045207910317,0.0,0.0,4.0,4.96655480858378,0.0,0.0,5.0,7.071067811865476,6.0,8.48528137423857,11.666666666666666,12.36482466066094,8.333333333333334,10.402991022884825,0.0,0.0,5.0,7.071067811865476,9.666666666666666,9.46337971105226,0.3333333333333333,0.4714045207910317,0.3333333333333333,0.4714045207910317,4.666666666666667,6.599663291074443,7.0,6.377042156569663,13.169074074074077,6.93947283272722,9.958209531665132,5.7042889846652285,31.139259259259266,80.25784545106595,81.51547592913957,30.147978617219167,64.85962962962962,46.73959105162909,73.99074745973319,3.723608202464516,705.7846296296296,380.5560977274006,203.80132897089683,41.95694977765739,6.75
40,90_1,90,5.35975,4.202631638330916,2.0,1.224744871391589,3.0,5.196152422706632,0.0,0.0,9.0,8.640987597877148,5.666666666666667,6.018490028422596,0.3333333333333333,0.4714045207910317,0.3333333333333333,0.4714045207910317,3.6666666666666665,3.299831645537222,4.333333333333333,3.2998316455372216,0.0,0.0,7.333333333333333,5.792715732327588,0.0,0.0,4.0,3.741657386773941,11.0,7.25718035235908,10.666666666666666,9.177266598624136,9.0,10.03327796219494,0.0,0.0,4.666666666666667,6.599663291074443,11.666666666666666,8.65383665716478,8.0,10.614455552060438,4.666666666666667,5.9066817155564495,6.666666666666667,9.428090415820632,3.333333333333333,4.714045207910316,8.712037037037037,2.6631509746641475,8.71564056930548,4.016157426559235,58.11388888888889,32.80332690708123,105.4650915078652,4.777062875774381,66.62592592592593,23.66828701779352,97.80710671792252,25.205954207816305,795.1319444444445,544.2057870736157,304.6553431071929,119.52055417834914,6.5
41,90_1,90,6.019,4.267887709394425,2.75,1.920286436967152,3.25,5.629165124598851,3.0,5.196152422706632,4.0,2.943920288775949,0.6666666666666666,0.9428090415820634,3.6666666666666665,5.185449728701348,1.6666666666666667,2.357022603955158,1.3333333333333333,0.9428090415820634,2.6666666666666665,3.091206165165235,0.0,0.0,3.6666666666666665,3.858612300930076,0.0,0.0,2.0,1.632993161855452,10.0,6.48074069840786,4.666666666666667,5.9066817155564495,6.0,2.943920288775949,0.0,0.0,5.0,7.071067811865476,13.333333333333334,9.392668535736911,8.666666666666666,12.256517540566824,5.0,7.071067811865476,7.333333333333333,10.370899457402697,0.6666666666666666,0.4714045207910317,11.425000000000002,8.216586219023704,8.299542077615264,4.932233252955953,19.80925925925926,71.47826118969552,87.16036620613387,21.146755290462224,47.45277777777778,30.039297050429635,90.6135706320684,49.206528169841214,762.1287037037036,678.0185021059231,227.1147633716272,51.51390035406863,6.5
42,90_1,90,1.3685,1.3991655548933444,0.5,0.5,0.0,0.0,4.25,7.361215932167728,18.0,6.377042156569663,5.666666666666667,4.496912521077348,0.0,0.0,0.0,0.0,3.333333333333333,1.247219128924647,6.333333333333333,3.0912061651652345,0.0,0.0,10.333333333333334,5.436502143433364,0.0,0.0,8.0,2.160246899469287,6.0,0.816496580927726,12.666666666666666,7.760297817881877,14.333333333333334,4.921607686744467,0.0,0.0,2.6666666666666665,3.091206165165235,8.666666666666666,3.2998316455372216,11.666666666666666,8.73053390247253,7.333333333333333,5.436502143433363,0.3333333333333333,0.4714045207910317,1.6666666666666667,1.247219128924647,9.233333333333333,2.8786168875321327,4.898484332369583,0.2765350174934333,82.17500000000001,30.06020887165303,91.76250193043172,29.18308940225669,82.67592592592592,54.66290737852043,91.55746856927566,41.750034752811885,1015.4939814814816,392.13653459255744,299.0400288651898,100.87597723462204,9.75
43,90_1,90,3.269,3.258031077199848,1.5,1.118033988749895,24.75,29.046299247924853,2.5,2.598076211353316,13.0,5.887840577551898,3.333333333333333,4.714045207910316,1.6666666666666667,1.247219128924647,0.0,0.0,3.0,2.449489742783178,10.333333333333334,9.285592184789412,0.0,0.0,15.333333333333334,11.440668201153676,0.0,0.0,4.666666666666667,3.6817870057290873,5.0,2.160246899469287,5.666666666666667,5.436502143433363,14.0,9.899494936611664,0.0,0.0,1.0,1.4142135623730951,3.0,2.943920288775949,14.666666666666666,12.256517540566824,13.666666666666666,10.656244908763853,0.0,0.0,2.0,2.160246899469287,9.041666666666666,5.54227440276603,5.385861080064612,1.4052235423672037,101.33333333333331,33.835030745597905,87.76114565420814,30.980478748090107,45.24722222222223,121.39754526724822,84.79080786081079,18.11541034936508,1182.523611111111,347.8544375707378,290.2689573989439,200.6631194982778,4.75
44,90_1,90,1.5575,1.9338114566834064,0.75,0.82915619758885,0.5,0.8660254037844386,0.5,0.8660254037844386,17.666666666666668,2.867441755680876,5.333333333333333,4.714045207910317,0.3333333333333333,0.4714045207910317,7.333333333333333,4.784233364802441,1.0,0.816496580927726,2.333333333333333,2.0548046676563256,0.0,0.0,2.6666666666666665,2.0548046676563256,0.0,0.0,1.0,0.816496580927726,4.0,2.160246899469287,15.333333333333334,3.0912061651652345,14.0,11.343133018115704,0.0,0.0,0.6666666666666666,0.9428090415820634,16.666666666666668,4.988876515698588,1.3333333333333333,1.8856180831641267,0.6666666666666666,0.9428090415820634,0.0,0.0,0.6666666666666666,0.9428090415820634,7.10021164021164,10.010552680206368,8.064113389788654,5.82070788048263,19.3710582010582,48.7210796072394,115.17767108631608,26.73221618686058,31.63936507936508,90.73015189126106,94.06523323168098,17.682415529379572,833.2949272486773,340.6272578023802,217.0451553618313,143.27326256927248,0.0
45,90_1,90,1.97575,1.2583966733506569,1.0,0.7071067811865476,9.0,13.379088160259652,1.5,2.598076211353316,11.666666666666666,4.496912521077348,3.333333333333333,3.39934634239519,1.6666666666666667,2.357022603955158,0.3333333333333333,0.4714045207910317,2.6666666666666665,3.771236166328253,4.0,5.656854249492381,0.0,0.0,9.333333333333334,9.877021593352705,0.0,0.0,3.6666666666666665,3.858612300930076,3.6666666666666665,3.858612300930076,8.333333333333334,4.988876515698588,15.0,12.24744871391589,0.0,0.0,0.6666666666666666,0.9428090415820634,5.666666666666667,6.018490028422596,10.333333333333334,11.8133634311129,8.333333333333334,11.08552609887726,0.0,0.0,1.3333333333333333,1.8856180831641267,8.087711640211639,5.652013479517891,3.833852230375969,1.7672228815105355,64.1959126984127,70.58237690511768,74.83096213542856,31.373369442775363,53.6557671957672,120.66841389865614,70.0884904508837,22.176951090809336,1107.0564814814816,468.0492702709287,237.78024754656903,122.9195287587558,0.25
46,90_1,90,0.42375,0.7339565297073117,0.25,0.4330127018922193,34.0,45.61249828720194,0.5,0.8660254037844386,13.333333333333334,10.274023338281628,3.0,4.242640687119285,10.0,14.142135623730953,0.0,0.0,0.3333333333333333,0.4714045207910317,8.0,8.04155872120988,0.0,0.0,12.333333333333334,11.67142760000773,0.0,0.0,1.0,1.4142135623730951,1.0,1.4142135623730951,4.666666666666667,6.599663291074443,15.0,11.86029791643813,0.0,0.0,2.333333333333333,3.2998316455372216,4.333333333333333,6.128258770283412,13.0,12.355835328567093,12.0,12.96148139681572,0.0,0.0,3.333333333333333,3.39934634239519,10.483333333333333,5.848341803609964,2.908645642173066,1.5483901348656015,59.33416666666668,128.05425252349823,40.46478576096903,30.507219130984627,53.38194444444444,147.82159543832591,36.51996452211289,3.96138161666798,1203.411111111111,386.66474281629473,175.5823788956756,128.53009444232873,1.5
47,90_1,90,2.67425,3.619549445373001,1.25,1.299038105676658,9.25,9.310612224768036,41.25,65.13591559193745,10.666666666666666,8.055363982396381,4.666666666666667,6.599663291074443,6.0,8.48528137423857,0.3333333333333333,0.4714045207910317,0.0,0.0,1.3333333333333333,1.8856180831641267,0.0,0.0,4.0,3.741657386773941,0.0,0.0,0.3333333333333333,0.4714045207910317,0.6666666666666666,0.9428090415820634,4.333333333333333,6.128258770283412,19.33333333333333,8.993825042154695,0.0,0.0,1.6666666666666667,2.357022603955158,5.0,7.071067811865476,11.666666666666666,13.123346456686352,10.333333333333334,13.912424503139473,0.0,0.0,1.0,0.816496580927726,11.53111111111111,4.239877997312985,3.2206089630829737,2.096367259019133,56.66555555555555,109.56821658584424,52.564701749316406,34.97804346229014,47.03333333333333,157.5239436532557,22.269485938118844,25.60525021640132,1152.7427777777775,423.694083845101,93.23026554270882,40.21445793634149,4.75
48,90_1,90,2.9095,1.807705244225396,1.0,0.7071067811865476,7.0,9.0,2.75,3.2691742076555053,15.333333333333334,7.318166133366716,2.6666666666666665,3.091206165165235,2.6666666666666665,3.771236166328253,0.0,0.0,2.333333333333333,2.0548046676563256,8.333333333333334,6.944222218666553,0.0,0.0,14.666666666666666,10.873004286866726,0.0,0.0,7.0,5.0990195135927845,4.666666666666667,6.599663291074443,9.666666666666666,6.944222218666553,18.0,8.640987597877148,0.0,0.0,2.6666666666666665,3.771236166328253,4.666666666666667,6.599663291074443,12.0,10.708252269472672,7.666666666666667,7.0395706939809575,0.0,0.0,0.6666666666666666,0.9428090415820634,12.849074074074077,3.0597751448268005,4.162099736568199,2.4444495708992697,26.434259259259267,134.0482766195733,60.53302365726611,43.30884462476352,29.121296296296293,141.68367636324663,56.5086452792337,53.47784902537345,1053.8976851851853,180.82344100329564,240.033863878263,158.57833648190416,6.75
49,90_1,90,4.053,2.735065172898079,1.5,1.118033988749895,8.0,8.74642784226795,2.75,2.7726341266023544,10.333333333333334,10.656244908763853,2.6666666666666665,3.091206165165235,0.0,0.0,2.0,2.8284271247461903,0.3333333333333333,0.4714045207910317,2.6666666666666665,3.771236166328253,0.0,0.0,3.6666666666666665,4.496912521077348,0.0,0.0,1.0,1.4142135623730951,1.3333333333333333,1.8856180831641267,10.0,10.801234497346432,12.666666666666666,11.585431464655178,0.0,0.0,3.0,4.242640687119285,11.0,13.4412301024373,7.666666666666667,10.143416036468626,3.333333333333333,4.027681991198191,0.0,0.0,0.3333333333333333,0.4714045207910317,12.694444444444445,5.284114616844587,3.720028820457088,1.7083255883201514,26.71111111111112,127.1440096194027,57.83479030752613,48.92761322239251,16.338888888888885,137.45061475640472,55.55056966739585,59.43092938054399,835.4277777777778,106.89196780692082,152.74118250680803,94.0678436576678,6.75
1,90_2,90,1.7779999999999998,0.881617074849771,1.0,0.0,12.0,14.236104336041748,8.666666666666666,11.556623882239812,0.6666666666666666,0.9428090415820634,0.0,0.0,0.0,0.0,0.0,0.0,1.0,1.4142135623730951,1.0,1.4142135623730951,0.0,0.0,1.0,1.4142135623730951,0.0,0.0,1.0,1.4142135623730951,10.333333333333334,8.178562764256865,5.0,7.071067811865476,3.6666666666666665,5.185449728701348,0.0,0.0,9.666666666666666,13.67073110293992,19.0,13.490737563232042,0.6666666666666666,0.9428090415820634,0.6666666666666666,0.9428090415820634,0.3333333333333333,0.4714045207910317,0.0,0.0,5.42638888888889,3.9539220058563447,3.4509269512517533,3.299242011894581,-6.255555555555557,53.86657269885461,70.67935391638106,50.201023620595045,3.1763888888888894,86.32780885995965,53.96390947446228,39.2233404792658,748.2208333333333,653.7738712535063,144.5534306778436,118.62556444215376,1.3333333333333333
2,90_2,90,0.64,0.9050966799187808,0.3333333333333333,0.4714045207910317,21.33333333333333,16.77961726487096,24.666666666666668,19.618585292749547,0.0,0.0,0.0,0.0,0.3333333333333333,0.4714045207910317,0.0,0.0,1.6666666666666667,1.247219128924647,3.333333333333333,2.494438257849294,0.0,0.0,3.6666666666666665,2.6246692913372702,0.0,0.0,1.6666666666666667,1.247219128924647,12.666666666666666,8.993825042154695,2.0,2.8284271247461903,8.0,11.31370849898476,0.0,0.0,3.6666666666666665,5.185449728701348,17.333333333333332,12.283683848458852,1.0,1.4142135623730951,0.0,0.0,1.3333333333333333,1.247219128924647,1.6666666666666667,2.357022603955158,7.6305555555555555,5.544392952332703,5.0076434513034895,4.033392174706999,-36.925,28.83824701227072,86.10646522467322,63.58652899522265,-55.86944444444445,42.2453505733084,65.2328374135674,48.80221516880651,669.1388888888888,478.98274288161474,258.78191005677,183.7694934723212,1.6666666666666663
3,90_2,90,1.3043333333333331,1.8446058898553068,0.3333333333333333,0.4714045207910317,5.333333333333333,7.542472332656507,5.333333333333333,7.542472332656507,1.3333333333333333,1.247219128924647,0.3333333333333333,0.4714045207910317,0.3333333333333333,0.4714045207910317,0.6666666666666666,0.4714045207910317,0.0,0.0,1.3333333333333333,1.8856180831641267,0.3333333333333333,0.4714045207910317,0.6666666666666666,0.9428090415820634,0.0,0.0,0.0,0.0,5.333333333333333,6.18241233033047,6.333333333333333,4.921607686744467,6.0,5.887840577551898,0.0,0.0,3.0,4.242640687119285,14.0,10.424330514074594,0.3333333333333333,0.4714045207910317,0.0,0.0,0.3333333333333333,0.4714045207910317,0.0,0.0,8.769444444444444,7.467479907762691,6.317274076701071,4.785533475721181,-7.98611111111111,53.544396745499945,70.51464983476417,50.17347975492264,-4.316666666666667,64.01809893101122,61.80171304918009,44.13145320896369,458.2638888888889,325.2629899677289,491.95721396300655,347.88499554801405,2.6666666666666665
4,90_2,90,3.769333333333333,2.7509345482742567,1.6666666666666667,1.247219128924647,0.0,0.0,0.0,0.0,2.6666666666666665,3.091206165165235,1.0,1.4142135623730951,0.0,0.0,0.0,0.0,0.0,0.0,0.0,0.0,0.0,0.0,0.0,0.0,0.0,0.0,0.0,0.0,5.333333333333333,6.847546194724712,3.6666666666666665,3.299831645537222,0.6666666666666666,0.9428090415820634,0.0,0.0,4.333333333333333,6.128258770283413,11.0,11.575836902790224,2.333333333333333,2.6246692913372702,0.3333333333333333,0.4714045207910317,0.0,0.0,0.0,0.0,5.857962962962962,4.348616598842802,4.448097267825825,3.3976318968746475,17.073161375661375,29.903551917036648,73.18005177871636,51.816271116856974,4.988822751322748,65.93815621449842,69.2654617008725,48.994078294639706,682.5552248677249,525.5611474883426,297.69917611644314,210.57728294875105,3.333333333333333
5,90_2,90,5.005,1.3722334592432397,2.6666666666666665,0.9428090415820634,0.0,0.0,0.0,0.0,3.0,3.559026084010437,0.6666666666666666,0.4714045207910317,1.0,1.4142135623730951,1.0,0.816496580927726,0.6666666666666666,0.9428090415820634,2.0,2.8284271247461903,0.6666666666666666,0.9428090415820634,3.6666666666666665,2.867441755680876,0.0,0.0,0.6666666666666666,0.9428090415820634,6.0,4.546060565661952,7.0,5.715476066494082,1.0,1.4142135623730951,0.0,0.0,2.6666666666666665,3.091206165165235,13.666666666666666,9.741092797468305,3.333333333333333,2.3570226039551585,1.6666666666666667,1.699673171197595,0.0,0.0,0.0,0.0,6.653518518518518,4.705383711351949,5.664492791751776,4.045398202643775,-12.968333333333334,19.42231024325338,67.07626169604193,47.43804979578426,13.63,41.16341028506137,58.60514620110225,43.11720167294551,544.111574074074,424.1795921293591,310.6059555209055,221.14945020422132,5.333333333333333
6,90_2,90,0.6716666666666667,0.9498801093939288,0.3333333333333333,0.4714045207910317,7.333333333333333,7.1336448530109,7.333333333333333,7.1336448530109,5.666666666666667,6.64997911442,2.0,1.632993161855452,0.3333333333333333,0.4714045207910317,0.0,0.0,5.666666666666667,4.9216076867444665,7.666666666666667,6.548960901462833,0.0,0.0,11.333333333333334,9.843215373488931,0.0,0.0,7.0,6.164414002968976,11.666666666666666,8.339997335464535,8.333333333333334,6.548960901462833,4.333333333333333,6.128258770283412,0.0,0.0,2.6666666666666665,3.091206165165235,9.333333333333334,7.760297817881877,8.0,8.04155872120988,4.666666666666667,5.9066817155564495,0.6666666666666666,0.9428090415820634,0.3333333333333333,0.4714045207910317,8.278703703703703,6.407317356464184,4.910411780362149,3.4804434044117927,-11.178703703703702,45.01591535734372,81.55455122704659,57.66790650007624,32.21388888888889,44.71147438139369,70.50289350509631,55.34788122849077,922.014351851852,709.9397125953556,360.1680083401743,268.35936337089646,1.3333333333333333
7,90_2,90,2.812666666666667,2.5952629068276605,1.6666666666666667,1.247219128924647,0.6666666666666666,0.9428090415820634,0.0,0.0,7.333333333333333,8.339997335464536,3.6666666666666665,5.185449728701348,0.6666666666666666,0.9428090415820634,1.0,1.4142135623730951,3.333333333333333,2.494438257849294,3.6666666666666665,2.867441755680876,0.3333333333333333,0.4714045207910317,5.0,4.08248290463863,0.0,0.0,5.333333333333333,5.557777333511022,4.666666666666667,4.109609335312651,12.666666666666666,9.285592184789412,4.0,2.943920288775949,0.0,0.0,1.6666666666666667,1.699673171197595,8.666666666666666,8.379870059984356,4.333333333333333,3.0912061651652345,0.6666666666666666,0.4714045207910317,0.0,0.0,0.6666666666666666,0.9428090415820634,10.280555555555557,7.746840255911907,5.674806184257041,4.03691596541949,0.1666666666666666,10.370176254797,75.30518372806172,53.68069043804382,7.802777777777777,39.24480995016655,69.85602640929709,49.401647944921415,832.3722222222223,702.3454960115762,266.8245212327099,200.26892405137244,5.666666666666667
8,90_2,90,1.0306666666666666,0.7630789969299087,1.0,0.816496580927726,2.333333333333333,2.6246692913372702,0.6666666666666666,0.9428090415820634,0.6666666666666666,0.9428090415820634,0.0,0.0,0.6666666666666666,0.9428090415820634,0.0,0.0,0.0,0.0,0.3333333333333333,0.4714045207910317,0.0,0.0,1.0,0.816496580927726,0.0,0.0,0.0,0.0,9.666666666666666,11.61416759345623,2.6666666666666665,3.771236166328253,3.6666666666666665,5.185449728701348,0.0,0.0,5.333333333333333,5.557777333511022,17.0,12.355835328567093,1.0,0.816496580927726,0.6666666666666666,0.4714045207910317,0.0,0.0,0.0,0.0,6.747222222222223,6.019760413180808,5.241434758183815,4.893332161080578,-3.35,3.330130405632566,91.88049170111374,65.03069086224463,3.930555555555552,55.36363558385349,63.00508237534658,49.38843757573309,838.0861111111111,592.6555101860254,192.90893316570435,147.617193470512,5.666666666666667
9,90_2,90,1.209,1.7097841969090717,0.3333333333333333,0.4714045207910317,14.333333333333334,16.858891488535722,2.0,2.8284271247461903,2.333333333333333,2.0548046676563256,1.3333333333333333,1.8856180831641267,6.333333333333333,8.956685895029603,0.0,0.0,0.0,0.0,0.6666666666666666,0.9428090415820634,0.0,0.0,0.6666666666666666,0.9428090415820634,0.0,0.0,0.0,0.0,8.0,11.31370849898476,4.0,3.265986323710904,8.333333333333334,11.785113019775793,0.0,0.0,1.3333333333333333,1.8856180831641267,17.0,12.083045973594572,0.0,0.0,0.0,0.0,0.0,0.0,0.0,0.0,6.4,5.968869860150027,6.486292210266098,5.91751593529944,-40.83611111111112,57.50955650590753,81.39997358282811,62.7781998739896,17.519444444444442,53.872957696674256,71.4891150350792,57.36411537213087,859.0402777777778,620.5211465486436,167.33981649962925,123.13992891343403,2.333333333333333
10,90_2,90,0.0,0.0,0.0,0.0,16.666666666666668,23.570226039551585,1.6666666666666667,2.357022603955158,2.6666666666666665,2.0548046676563256,0.6666666666666666,0.9428090415820634,7.666666666666667,10.842303978193728,0.6666666666666666,0.4714045207910317,0.0,0.0,0.0,0.0,0.0,0.0,0.0,0.0,0.0,0.0,0.0,0.0,3.0,4.242640687119285,1.6666666666666667,2.357022603955158,9.333333333333334,13.199326582148888,0.0,0.0,6.666666666666667,9.428090415820632,19.0,13.490737563232042,0.0,0.0,0.0,0.0,0.3333333333333333,0.4714045207910317,0.0,0.0,5.15,4.033815398188998,2.800671143797252,2.0016290670549264,-24.36111111111111,95.16297748573558,61.64326480088973,53.94565627196794,31.18611111111112,56.97845447791084,82.58132466235294,66.81083943556712,720.5875,509.9532944413381,106.19416013010796,96.60332414077702,4.666666666666666
11,90_2,90,2.282,1.1543537874788072,1.3333333333333333,0.4714045207910317,10.333333333333334,14.613540144521982,0.0,0.0,7.333333333333333,6.599663291074444,4.666666666666667,6.599663291074443,3.0,4.242640687119285,2.6666666666666665,1.8856180831641267,0.0,0.0,1.3333333333333333,1.8856180831641267,1.0,1.4142135623730951,1.3333333333333333,1.8856180831641267,0.0,0.0,0.6666666666666666,0.9428090415820634,2.6666666666666665,2.494438257849294,8.333333333333334,5.90668171555645,5.333333333333333,6.18241233033047,0.0,0.0,1.6666666666666667,1.699673171197595,15.333333333333334,11.897712198383164,1.3333333333333333,1.8856180831641267,0.0,0.0,0.3333333333333333,0.4714045207910317,0.0,0.0,7.4944444444444445,6.6073763960823495,3.9240079214584846,2.9328574075586773,-34.213888888888896,84.26184946161197,65.40642275224263,53.72788672401875,18.43888888888889,55.21880564548258,82.63068280078924,64.97585043310308,821.9027777777777,596.1108989107264,120.09206091761178,125.4117453609032,1.6666666666666663
12,90_2,90,0.907,0.6414873342475282,0.6666666666666666,0.4714045207910317,3.6666666666666665,5.185449728701348,0.0,0.0,1.0,0.816496580927726,0.3333333333333333,0.4714045207910317,2.0,2.8284271247461903,0.0,0.0,4.666666666666667,6.599663291074443,3.333333333333333,2.494438257849294,1.0,1.4142135623730951,2.333333333333333,3.2998316455372216,0.0,0.0,5.0,7.071067811865476,6.666666666666667,5.9066817155564495,12.666666666666666,9.285592184789412,8.0,5.887840577551898,0.0,0.0,6.0,8.48528137423857,20.666666666666668,6.944222218666553,2.333333333333333,2.0548046676563256,0.6666666666666666,0.9428090415820634,0.0,0.0,0.0,0.0,8.563888888888888,1.0895406212859156,8.043345985814629,3.7376001387152353,42.18055555555556,57.073240929939445,106.4538141104834,9.021970263847702,45.60277777777778,88.08119316577275,84.79136716262069,19.392032634400373,1047.2305555555556,269.7161843857332,347.050644616239,152.2291506117997,2.6666666666666665
13,90_2,90,2.837333333333333,3.419893695553838,0.6666666666666666,0.4714045207910317,4.333333333333333,6.128258770283412,0.0,0.0,1.3333333333333333,0.9428090415820634,0.0,0.0,2.333333333333333,3.2998316455372216,1.0,0.816496580927726,3.6666666666666665,5.185449728701348,6.333333333333333,5.792715732327589,0.3333333333333333,0.4714045207910317,3.0,2.449489742783178,0.0,0.0,6.0,8.48528137423857,10.333333333333334,13.912424503139473,14.0,12.328828005937952,16.333333333333332,12.39175353029407,0.0,0.0,5.0,7.071067811865476,26.0,4.320493798938574,2.333333333333333,1.699673171197595,1.0,1.4142135623730951,0.3333333333333333,0.4714045207910317,0.0,0.0,12.011111111111113,2.438411114933677,3.6976245426340006,2.284231080823389,59.83611111111112,105.62047586921538,81.87475652071335,42.28296663932243,72.20277777777777,85.29318291908876,107.617729346072,24.554585862463213,1119.9375,191.7675090091492,182.2060885847221,170.64532836851703,0.0
14,90_2,90,7.033666666666668,3.191626997142506,2.333333333333333,0.9428090415820634,12.333333333333334,17.441967269268172,0.6666666666666666,0.9428090415820634,0.6666666666666666,0.9428090415820634,0.0,0.0,5.0,7.071067811865476,0.0,0.0,6.666666666666667,9.428090415820632,3.0,4.242640687119285,0.0,0.0,5.0,7.071067811865476,0.0,0.0,7.0,9.899494936611664,10.666666666666666,13.67073110293992,13.333333333333334,12.47219128924647,17.0,12.569805089976535,0.0,0.0,1.3333333333333333,1.8856180831641267,20.0,12.083045973594572,0.0,0.0,0.0,0.0,0.0,0.0,0.0,0.0,8.83611111111111,4.516822123879291,1.7638878385270784,1.1296593507123411,90.2,101.60915199192698,60.57256700812102,57.64660221051244,118.66666666666669,71.8159901079501,53.79681741036503,51.43212248734135,1099.6569444444442,98.51243355050772,148.23381994964618,94.74372511342038,-0.3333333333333333
15,90_2,90,0.807,0.5844125255331204,0.6666666666666666,0.4714045207910317,17.0,24.04163056034261,1.6666666666666667,2.357022603955158,0.6666666666666666,0.9428090415820634,0.0,0.0,6.666666666666667,9.428090415820632,0.3333333333333333,0.4714045207910317,8.666666666666666,12.256517540566824,9.0,12.727922061357855,0.0,0.0,6.333333333333333,8.956685895029603,0.0,0.0,9.333333333333334,13.199326582148888,10.333333333333334,13.91242450313947,12.333333333333334,12.81492185782739,19.666666666666668,13.912424503139473,0.0,0.0,0.3333333333333333,0.4714045207910317,18.0,9.092121131323903,0.0,0.0,0.0,0.0,0.0,0.0,0.0,0.0,10.794444444444444,4.099290438449735,3.1875986232811826,2.0812661340058383,40.891666666666666,128.8890372963705,86.3874152199257,18.82665997672994,101.31388888888893,79.78225149944684,74.13346851506651,61.43315946650274,1147.4708333333335,70.82942791521259,87.97663559328653,27.45534755492985,2.0
16,90_2,90,0.0,0.0,0.0,0.0,41.0,38.7556447501522,1.6666666666666667,1.699673171197595,1.3333333333333333,1.8856180831641267,0.0,0.0,4.666666666666667,6.599663291074443,1.0,1.4142135623730951,3.333333333333333,4.714045207910316,3.0,4.242640687119285,0.0,0.0,3.6666666666666665,2.6246692913372702,0.0,0.0,4.666666666666667,6.599663291074443,12.666666666666666,12.684198393626966,14.0,12.328828005937952,19.0,13.490737563232042,0.0,0.0,3.0,4.242640687119285,23.0,7.874007874011811,0.0,0.0,0.0,0.0,0.0,0.0,0.0,0.0,12.502777777777778,3.169073159672718,3.8180505839155097,1.932797798854042,29.71388888888889,114.51169727031554,85.82739527822827,46.63406204592204,58.6648148148148,89.16647009708727,92.88788655881764,55.03975102766788,1140.860648148148,123.55070254223448,100.99328962045838,36.23848475563096,1.6666666666666663
17,90_2,90,0.6296666666666667,0.8904831397742589,0.3333333333333333,0.4714045207910317,11.666666666666666,14.42990721460891,1.3333333333333333,1.8856180831641267,0.3333333333333333,0.4714045207910317,0.0,0.0,1.3333333333333333,1.8856180831641267,0.3333333333333333,0.4714045207910317,4.0,5.656854249492381,2.333333333333333,1.699673171197595,0.6666666666666666,0.9428090415820634,1.3333333333333333,1.8856180831641267,0.0,0.0,5.0,7.071067811865476,10.0,14.142135623730953,14.0,12.328828005937952,14.0,12.328828005937952,0.0,0.0,0.0,0.0,20.33333333333333,7.408703590297623,0.0,0.0,0.0,0.0,0.0,0.0,0.0,0.0,8.247222222222222,5.641292591132411,2.3281880955427483,1.9533988439703964,41.47222222222221,105.63552299835412,83.47990198105371,57.82021779277585,25.45555555555556,78.6721874043658,129.23344420798438,23.26684972852878,1171.7,128.7462412252475,123.5987634074926,60.58916133415039,0.3333333333333333
18,90_2,90,0.0,0.0,0.0,0.0,21.0,18.01850900231944,2.333333333333333,1.699673171197595,0.0,0.0,0.0,0.0,8.666666666666666,12.256517540566824,0.0,0.0,5.0,5.715476066494082,3.333333333333333,4.027681991198191,0.0,0.0,3.0,3.559026084010437,0.0,0.0,4.666666666666667,5.2493385826745405,10.0,14.142135623730953,10.666666666666666,13.695092389449425,18.0,12.96148139681572,0.0,0.0,1.3333333333333333,1.8856180831641267,21.666666666666668,7.93025150224688,0.0,0.0,0.0,0.0,0.0,0.0,0.0,0.0,9.158333333333331,4.965720454237193,2.931823405302381,1.3706207845118807,66.82777777777778,88.5928531346813,83.96889447675352,55.80071261973587,72.10277777777777,90.47219399242216,106.46173976052572,47.78098984230281,1108.102777777778,164.77522766485922,92.5948844328766,19.668338076603103,2.6666666666666665
19,90_2,90,0.505,0.714177848998413,0.3333333333333333,0.4714045207910317,15.333333333333334,8.73053390247253,1.6666666666666667,1.247219128924647,0.0,0.0,0.0,0.0,4.0,5.656854249492381,0.0,0.0,4.333333333333333,4.189935029992179,3.0,2.943920288775949,0.0,0.0,5.333333333333333,4.988876515698588,0.0,0.0,5.666666666666667,6.018490028422596,11.333333333333334,13.29995822884,13.0,12.569805089976535,17.666666666666668,12.81492185782739,0.0,0.0,0.0,0.0,24.666666666666668,6.182412330330469,0.6666666666666666,0.9428090415820634,0.0,0.0,0.0,0.0,0.0,0.0,10.377777777777778,4.356000189889917,2.0458208734377625,2.0439468695781216,100.45555555555556,99.2700195159211,47.29298487706978,63.85952550782002,98.68333333333332,106.17884894348292,57.90498614544407,66.54106213359013,1061.9930555555557,235.12037461567127,90.3221849705415,86.53522867279455,0.6666666666666666
20,90_2,90,1.1413333333333333,1.6140890791884923,0.3333333333333333,0.4714045207910317,29.666666666666668,20.27039439401436,3.0,2.160246899469287,0.0,0.0,0.0,0.0,9.0,12.727922061357855,0.0,0.0,0.6666666666666666,0.9428090415820634,0.3333333333333333,0.4714045207910317,0.0,0.0,0.6666666666666666,0.9428090415820634,0.0,0.0,0.3333333333333333,0.4714045207910317,16.333333333333332,11.025223605694151,11.333333333333334,13.29995822884,17.0,12.569805089976535,0.0,0.0,2.6666666666666665,3.771236166328253,24.666666666666668,4.988876515698588,0.0,0.0,0.0,0.0,0.3333333333333333,0.4714045207910317,0.3333333333333333,0.4714045207910317,12.552777777777775,3.9777991153990087,4.985520609240596,3.6572069887471503,54.00555555555555,99.03237226368374,85.0338347505309,60.07631761651292,59.6,116.8287249447764,65.47429013004268,48.11599957706719,1039.961111111111,70.09960682160212,71.38442518611832,40.5714410263992,0.6666666666666666
21,90_2,90,1.543,0.4669268322410552,1.0,0.0,20.0,15.937377450509228,2.0,2.160246899469287,0.0,0.0,0.0,0.0,8.333333333333334,11.785113019775793,0.0,0.0,1.6666666666666667,2.357022603955158,1.0,1.4142135623730951,0.0,0.0,0.0,0.0,0.0,0.0,2.0,2.8284271247461903,11.333333333333334,13.22455628325158,10.0,14.142135623730953,14.666666666666666,12.256517540566824,0.0,0.0,0.0,0.0,27.666666666666668,1.699673171197595,0.0,0.0,0.0,0.0,0.0,0.0,1.3333333333333333,1.8856180831641267,8.35,6.136061440370361,1.975160809220246,0.5627223510640842,61.866666666666674,78.46756348019557,98.57379629021432,68.53815725382573,61.44722222222222,82.02451539962433,103.58507587789347,72.97367641067271,1093.648611111111,62.21622097175439,83.93873581639447,35.762588448751806,-0.6666666666666667
22,90_2,90,0.0,0.0,0.0,0.0,3.333333333333333,2.6246692913372702,0.0,0.0,1.0,1.4142135623730951,0.6666666666666666,0.9428090415820634,0.3333333333333333,0.4714045207910317,0.0,0.0,1.0,1.4142135623730951,2.0,2.160246899469287,0.3333333333333333,0.4714045207910317,1.6666666666666667,2.357022603955158,0.0,0.0,2.6666666666666665,3.771236166328253,11.0,13.490737563232042,13.0,12.569805089976535,18.666666666666668,12.036980056845191,0.0,0.0,2.333333333333333,2.6246692913372702,22.0,6.531972647421808,0.0,0.0,0.0,0.0,0.0,0.0,0.0,0.0,10.319444444444445,3.5223514697632328,2.826971962570536,1.1210993631696309,119.84166666666664,41.401121048518405,83.76489959625876,40.38167498175864,112.73888888888888,66.85932382322427,79.3255710049481,52.02823518976172,1067.1930555555557,115.57732472232226,113.13224902044313,55.651313180012046,0.0
23,90_2,90,1.9873333333333327,0.1695765969178006,1.3333333333333333,0.4714045207910317,1.6666666666666667,2.357022603955158,0.0,0.0,4.666666666666667,5.9066817155564495,1.6666666666666667,2.357022603955158,0.3333333333333333,0.4714045207910317,0.0,0.0,6.0,7.071067811865476,11.0,2.160246899469287,2.333333333333333,3.2998316455372216,8.0,4.08248290463863,0.0,0.0,8.0,9.899494936611664,13.666666666666666,11.728408057172787,21.666666666666668,6.599663291074443,16.333333333333332,8.9566858950296,0.0,0.0,1.6666666666666667,2.357022603955158,16.0,3.265986323710904,3.0,2.449489742783178,1.3333333333333333,1.247219128924647,0.0,0.0,1.6666666666666667,1.247219128924647,15.06759259259259,1.8213205387303724,8.838705122126145,3.726722693143502,45.42037037037037,103.85921180232536,88.77205720439848,13.467634294300348,76.8861111111111,92.61544256017612,82.25271347216587,35.231816187022666,911.2583333333332,171.1048640183579,341.57081852336114,184.10939999023023,1.0
24,90_2,90,3.7083333333333335,1.3494370019464497,2.0,0.816496580927726,7.333333333333333,10.370899457402697,0.0,0.0,0.6666666666666666,0.4714045207910317,0.0,0.0,0.3333333333333333,0.4714045207910317,0.0,0.0,6.0,7.118052168020874,18.0,5.887840577551898,3.0,2.943920288775949,9.0,4.08248290463863,0.0,0.0,7.0,8.524474568362947,15.333333333333334,10.656244908763853,19.33333333333333,9.977753031397176,12.0,12.96148139681572,0.0,0.0,0.0,0.0,18.0,2.449489742783178,2.6666666666666665,3.771236166328253,0.6666666666666666,0.9428090415820634,1.3333333333333333,1.8856180831641267,2.0,2.160246899469287,20.17222222222222,8.982084363118219,7.876114139219003,4.867653262940646,79.7,99.93680595849152,63.524222018655415,46.241500463033454,82.375,102.9878527986387,62.96350527703206,46.4874782870443,611.7888888888889,432.9295854442522,131.49775605796967,123.13104544796,2.0
25,90_2,90,5.218666666666667,0.7012133927858352,2.333333333333333,0.4714045207910317,15.333333333333334,11.585431464655178,3.6666666666666665,3.858612300930076,0.6666666666666666,0.9428090415820634,0.0,0.0,3.6666666666666665,4.496912521077348,0.3333333333333333,0.4714045207910317,2.6666666666666665,3.771236166328253,15.333333333333334,10.208928554075705,0.6666666666666666,0.9428090415820634,4.0,3.559026084010437,0.0,0.0,6.666666666666667,9.428090415820632,11.666666666666666,13.02134998974974,14.333333333333334,12.283683848458852,16.666666666666668,12.472191289246473,0.0,0.0,0.0,0.0,11.333333333333334,7.84573486395988,0.6666666666666666,0.9428090415820634,0.0,0.0,2.0,2.8284271247461903,0.0,0.0,21.1,12.664319958055389,6.096748844736638,3.735518433717992,96.2222222222222,99.40596182781783,55.08678371360731,47.24434378155238,100.58888888888887,102.36932621941637,45.06368003929908,52.59046544888618,695.5652777777779,479.8765270557999,135.92786028549406,114.4923467473545,-0.3333333333333333
26,90_2,90,4.251666666666666,2.159197587582531,1.6666666666666667,0.4714045207910317,4.0,4.96655480858378,7.333333333333333,7.1336448530109,2.0,1.4142135623730951,0.0,0.0,4.333333333333333,2.6246692913372702,0.0,0.0,3.0,2.943920288775949,11.666666666666666,6.649979114420002,3.333333333333333,4.027681991198191,6.666666666666667,1.8856180831641267,0.0,0.0,4.666666666666667,5.2493385826745405,10.666666666666666,6.944222218666553,18.0,7.118052168020874,13.333333333333334,7.363574011458175,0.0,0.0,0.0,0.0,16.0,5.354126134736337,2.0,1.4142135623730951,0.6666666666666666,0.9428090415820634,2.0,2.8284271247461903,3.6666666666666665,4.496912521077348,14.847592592592592,8.57285368084608,11.445491643457416,1.856008746620012,41.31296296296296,55.05140776193325,104.22442377334062,13.255252061809555,66.78333333333335,63.59075539581756,94.5004290754652,21.2058285582298,526.4646296296296,350.69246158268425,262.8035602427265,118.92838992294168,3.333333333333333
27,90_2,90,6.401666666666666,3.128039464087512,2.333333333333333,0.9428090415820634,0.3333333333333333,0.4714045207910317,0.6666666666666666,0.9428090415820634,0.6666666666666666,0.9428090415820634,0.3333333333333333,0.4714045207910317,0.0,0.0,0.0,0.0,8.0,8.48528137423857,11.333333333333334,5.792715732327589,0.0,0.0,15.0,5.715476066494082,0.0,0.0,10.333333333333334,8.339997335464535,22.0,7.788880963698615,11.333333333333334,12.036980056845191,10.333333333333334,12.552113589175152,0.0,0.0,7.666666666666667,6.599663291074443,19.666666666666668,1.8856180831641267,6.333333333333333,1.699673171197595,1.6666666666666667,2.357022603955158,0.3333333333333333,0.4714045207910317,0.6666666666666666,0.9428090415820634,10.935185185185183,3.850515927521048,4.758697613476946,0.9883049185176536,53.56296296296296,65.2501344279607,94.63268699367342,19.36513242396655,67.52592592592593,65.49776585473424,75.44379671049666,28.56084975501076,1144.0842592592592,233.72460776326315,358.94759778880416,119.53874968247317,4.666666666666666
28,90_2,90,4.470666666666666,1.278152920776262,2.0,0.816496580927726,5.666666666666667,8.013876853447538,0.3333333333333333,0.4714045207910317,0.0,0.0,0.0,0.0,0.0,0.0,0.3333333333333333,0.4714045207910317,8.333333333333334,11.08552609887726,12.0,11.430952132988164,0.0,0.0,14.666666666666666,9.392668535736911,0.0,0.0,10.666666666666666,11.614167593456232,18.33333333333333,11.897712198383164,16.0,11.775681155103795,10.333333333333334,11.897712198383164,0.0,0.0,2.6666666666666665,3.771236166328253,22.666666666666668,2.867441755680876,4.333333333333333,1.8856180831641267,2.0,2.8284271247461903,0.0,0.0,1.0,1.4142135623730951,13.891666666666666,1.473107700168693,6.094563391365496,3.570160001876369,16.797222222222228,114.30872028830792,67.93828294428074,48.3495424202703,18.522222222222226,110.66800876305784,77.28727364734361,3.138569610135211,881.9361111111111,330.1349786439304,351.97930636752864,169.35607918824445,0.3333333333333332
29,90_2,90,2.5383333333333336,1.29841861080658,1.3333333333333333,0.4714045207910317,5.666666666666667,8.013876853447538,0.0,0.0,1.3333333333333333,1.247219128924647,0.3333333333333333,0.4714045207910317,0.0,0.0,0.0,0.0,10.333333333333334,13.912424503139473,11.333333333333334,12.552113589175152,0.3333333333333333,0.4714045207910317,15.666666666666666,9.030811456096044,0.0,0.0,11.0,13.4412301024373,19.33333333333333,9.977753031397176,13.0,11.04536101718726,14.0,11.04536101718726,0.0,0.0,3.333333333333333,4.027681991198191,24.33333333333333,2.0548046676563256,4.333333333333333,1.247219128924647,2.0,2.160246899469287,0.0,0.0,0.6666666666666666,0.9428090415820634,14.673809523809524,3.2489563124458005,5.381518312196938,2.9413899482769383,27.0287037037037,104.44123139101664,80.5956121110188,56.19281296320455,57.852910052910055,76.57990343982003,87.68417698560847,33.6809407581893,978.7896825396824,244.04921064247435,365.3036914385387,187.8419748943113,0.3333333333333333
30,90_2,90,0.5943333333333333,0.8405142605704096,0.3333333333333333,0.4714045207910317,21.33333333333333,15.173075568988056,0.0,0.0,0.0,0.0,0.0,0.0,4.0,5.656854249492381,0.0,0.0,4.333333333333333,6.128258770283412,8.0,6.531972647421808,0.0,0.0,4.666666666666667,3.39934634239519,0.0,0.0,5.666666666666667,8.013876853447538,19.666666666666668,8.576453553512405,10.0,14.142135623730953,14.666666666666666,12.256517540566824,0.0,0.0,2.0,1.4142135623730951,27.0,3.559026084010437,0.0,0.0,0.0,0.0,0.3333333333333333,0.4714045207910317,3.6666666666666665,3.858612300930076,11.466666666666669,5.009634236666903,3.691804229986943,1.9701189214074248,72.64999999999999,73.09533760527842,93.1992987081807,64.47048942997365,45.95555555555556,110.73428015961966,73.6681026487699,43.01235399945866,978.8291666666668,147.4390495930688,298.22935962457683,351.91735658994907,3.6666666666666665
31,90_2,90,2.5153333333333334,1.3156618951015575,1.3333333333333333,0.4714045207910317,28.33333333333333,20.75786330258702,17.333333333333332,9.46337971105226,0.0,0.0,0.0,0.0,8.333333333333334,11.785113019775793,0.0,0.0,3.333333333333333,4.714045207910316,2.6666666666666665,3.091206165165235,0.0,0.0,4.0,4.96655480858378,0.0,0.0,6.333333333333333,8.956685895029603,14.666666666666666,11.585431464655176,9.666666666666666,12.970050972229147,18.666666666666668,13.224556283251582,0.0,0.0,3.333333333333333,4.027681991198191,24.0,8.48528137423857,0.3333333333333333,0.4714045207910317,0.3333333333333333,0.4714045207910317,0.0,0.0,0.0,0.0,8.430555555555555,2.951493135413847,3.5119756134134548,0.6274097795937922,98.3638888888889,57.70777530148701,100.360681400479,28.92616309224148,82.03055555555555,97.0090808877775,94.66565620298056,38.74562870818363,1017.2291666666666,146.1356391669131,122.49423957264196,79.97906542925381,1.0
32,90_2,90,0.0,0.0,0.0,0.0,23.666666666666668,0.4714045207910317,3.0,2.160246899469287,0.0,0.0,0.0,0.0,4.666666666666667,3.6817870057290873,0.0,0.0,3.333333333333333,4.714045207910316,2.0,1.632993161855452,0.3333333333333333,0.4714045207910317,6.333333333333333,4.642796092394706,0.0,0.0,4.0,5.656854249492381,19.666666666666668,12.552113589175152,11.666666666666666,13.123346456686352,16.333333333333332,12.119772641798562,0.0,0.0,2.6666666666666665,2.0548046676563256,22.666666666666668,9.67241208569794,0.3333333333333333,0.4714045207910317,0.0,0.0,1.0,0.816496580927726,0.0,0.0,11.480555555555554,1.7100510785815797,7.376900928388264,6.313269704314163,28.90555555555555,99.12732233824649,98.28969363665097,67.29771998778293,43.38055555555556,104.655541104858,85.67625116227289,33.77615393649923,928.7305555555556,106.04889695571894,165.72078018343518,81.39828089983912,0.0
33,90_2,90,1.7779999999999998,1.6406592171034993,1.0,0.816496580927726,2.0,1.4142135623730951,0.0,0.0,3.6666666666666665,2.0548046676563256,0.3333333333333333,0.4714045207910317,1.6666666666666667,2.357022603955158,0.0,0.0,2.6666666666666665,3.771236166328253,4.333333333333333,6.128258770283412,0.0,0.0,7.333333333333333,10.370899457402697,0.0,0.0,4.0,5.656854249492381,10.333333333333334,6.182412330330469,7.0,7.788880963698615,7.0,5.354126134736337,0.0,0.0,3.0,3.559026084010437,20.33333333333333,11.55662388223981,5.333333333333333,4.109609335312651,3.0,2.160246899469287,0.0,0.0,0.0,0.0,9.75,4.789170847590155,6.32103425221878,0.1788286497759027,47.63611111111111,53.80545904310738,116.76380757761412,30.9175639908136,12.075,110.38361161405692,93.62401427927492,7.374982187853764,986.9611111111112,187.48054233401936,245.36582370348552,110.81586798677316,-1.6666666666666667
34,90_2,90,1.6706666666666667,2.362679458204651,0.3333333333333333,0.4714045207910317,15.0,13.638181696985855,2.0,1.632993161855452,0.6666666666666666,0.9428090415820634,0.0,0.0,5.666666666666667,8.013876853447538,0.3333333333333333,0.4714045207910317,4.333333333333333,6.128258770283412,8.0,11.31370849898476,0.0,0.0,8.666666666666666,9.568466729604882,0.0,0.0,5.666666666666667,8.013876853447538,14.333333333333334,11.953614051360738,9.0,9.41629792788369,14.0,10.708252269472672,0.0,0.0,4.333333333333333,4.714045207910317,27.0,4.242640687119285,1.6666666666666667,1.699673171197595,0.0,0.0,0.3333333333333333,0.4714045207910317,0.0,0.0,9.697222222222225,1.8015596809294487,3.361577564197231,1.1239212862400936,42.91666666666666,96.30425046386794,87.11397079180956,60.50502910161644,53.11666666666665,104.124757791724,83.37390405655704,26.29392079010221,1075.1986111111112,178.50832900001205,142.3709360199436,36.56186676184188,4.666666666666666
35,90_2,90,0.519,0.7339768388716362,0.3333333333333333,0.4714045207910317,18.33333333333333,16.49915822768611,1.3333333333333333,1.8856180831641267,0.0,0.0,0.0,0.0,6.666666666666667,8.73053390247253,0.0,0.0,1.3333333333333333,1.8856180831641267,1.6666666666666667,2.357022603955158,0.0,0.0,4.0,3.741657386773941,0.0,0.0,3.0,4.242640687119285,11.0,9.273618495495704,8.666666666666666,12.256517540566824,13.666666666666666,10.077477638553985,0.0,0.0,5.333333333333333,6.18241233033047,25.0,6.377042156569663,0.6666666666666666,0.9428090415820634,0.6666666666666666,0.9428090415820634,1.3333333333333333,1.8856180831641267,0.0,0.0,8.299999999999999,1.0488971280279042,5.206255029042745,1.5439851210580386,64.18888888888888,84.11055812235657,100.91455260341483,12.997201218696418,45.530555555555566,120.43137479058608,86.99462081075865,26.514230123961603,991.2763888888888,162.3731311846571,135.15898818253768,33.62469196885547,5.666666666666667
36,90_2,90,0.0,0.0,0.0,0.0,34.666666666666664,24.580932086115496,1.3333333333333333,1.8856180831641267,4.333333333333333,3.299831645537222,2.0,2.8284271247461903,7.333333333333333,10.370899457402697,1.3333333333333333,1.247219128924647,1.0,1.4142135623730951,0.3333333333333333,0.4714045207910317,0.0,0.0,1.6666666666666667,1.699673171197595,0.0,0.0,0.3333333333333333,0.4714045207910317,10.666666666666666,10.873004286866728,11.666666666666666,9.46337971105226,16.333333333333332,10.208928554075705,0.0,0.0,3.6666666666666665,3.858612300930076,26.33333333333333,2.494438257849294,0.0,0.0,0.0,0.0,0.0,0.0,0.6666666666666666,0.9428090415820634,9.791666666666666,0.742275031388112,5.794057904157511,0.35814522650717,67.52222222222223,103.24840962216402,75.07870504552174,25.897862820849628,46.73611111111111,128.61565074781512,74.38830819659513,35.152920522212234,1002.7541666666666,168.35566274479976,85.4324396308844,20.11293981086957,1.6666666666666663
37,90_2,90,4.074,0.152032891178192,1.0,0.0,22.0,11.04536101718726,1.6666666666666667,1.247219128924647,1.3333333333333333,1.247219128924647,0.0,0.0,6.666666666666667,9.428090415820632,0.6666666666666666,0.9428090415820634,0.0,0.0,6.0,8.48528137423857,0.0,0.0,4.666666666666667,5.9066817155564495,0.0,0.0,2.0,2.8284271247461903,10.0,14.142135623730953,5.0,4.08248290463863,16.0,12.328828005937952,0.0,0.0,4.666666666666667,6.599663291074443,26.666666666666668,2.6246692913372702,0.6666666666666666,0.4714045207910317,0.3333333333333333,0.4714045207910317,0.0,0.0,0.0,0.0,9.219444444444443,1.3686694899936604,2.67185592434074,1.40343685060617,92.81388888888893,97.53693064427532,62.10214288274182,58.89643320899737,74.23055555555557,119.0648932797926,73.54484509740139,30.14502516181803,1021.7222222222222,111.94907780940645,181.69599435853868,91.54024854657816,4.0
38,90_2,90,0.0,0.0,0.0,0.0,38.66666666666666,28.11089152307736,4.0,3.265986323710904,0.0,0.0,0.0,0.0,8.0,11.31370849898476,0.0,0.0,0.0,0.0,0.0,0.0,0.0,0.0,1.0,0.816496580927726,0.0,0.0,0.0,0.0,10.333333333333334,13.912424503139473,7.333333333333333,10.370899457402697,16.0,12.328828005937952,0.0,0.0,2.333333333333333,3.2998316455372216,29.0,0.816496580927726,4.333333333333333,6.128258770283413,3.333333333333333,4.714045207910316,0.3333333333333333,0.4714045207910317,0.0,0.0,9.516666666666667,2.726515888251688,1.2308212250424395,0.914889914923906,63.88055555555556,146.30505569182375,21.824250296000333,28.368087213727986,62.26388888888889,132.49435213912113,66.09955458546641,48.1228195205034,1084.0611111111111,154.0913081710258,54.99470236122939,30.976881189337128,1.6666666666666663
39,90_2,90,2.027333333333333,0.0347019051670396,1.0,0.0,9.666666666666666,5.312459150169743,2.0,1.632993161855452,1.6666666666666667,1.247219128924647,0.0,0.0,0.3333333333333333,0.4714045207910317,0.3333333333333333,0.4714045207910317,0.0,0.0,3.333333333333333,4.027681991198191,0.0,0.0,3.333333333333333,3.39934634239519,0.0,0.0,1.6666666666666667,2.357022603955158,11.0,13.4412301024373,12.666666666666666,9.104333522498443,10.0,12.754084313139328,0.0,0.0,6.0,8.48528137423857,22.0,6.164414002968976,3.0,3.559026084010437,2.333333333333333,2.6246692913372702,0.0,0.0,0.0,0.0,8.311111111111112,1.720281164214332,5.774411585395218,3.842743824627493,101.21944444444443,71.99194152863033,69.7916430683366,28.90690048733811,84.12222222222222,98.75909928385346,65.2728469545133,19.901535081516496,965.9041666666668,261.4496825262092,212.96753115177808,60.16265941853717,6.0
40,90_2,90,2.6703333333333337,1.5170414921447897,1.3333333333333333,0.4714045207910317,4.333333333333333,3.0912061651652345,2.333333333333333,2.6246692913372702,9.0,9.41629792788369,4.0,5.656854249492381,0.3333333333333333,0.4714045207910317,1.0,1.4142135623730951,1.0,1.4142135623730951,3.0,2.449489742783178,0.0,0.0,5.333333333333333,6.847546194724712,0.0,0.0,2.333333333333333,2.6246692913372702,10.0,14.142135623730953,22.0,5.354126134736337,17.333333333333332,10.842303978193728,0.0,0.0,3.6666666666666665,5.185449728701348,10.666666666666666,3.681787005729087,3.6666666666666665,1.699673171197595,1.6666666666666667,2.357022603955158,0.0,0.0,0.0,0.0,14.991666666666667,4.39454101593565,5.133790774506776,1.971193628395281,58.61944444444445,115.83314634943608,69.72798811942619,47.00316096189439,73.2388888888889,122.63403652159644,55.29886232390613,46.61703801282404,985.1736111111112,241.3865249932201,214.4971258275093,100.10861108263882,3.0
41,90_2,90,2.187,0.853755624676445,1.0,0.0,5.333333333333333,4.109609335312651,0.6666666666666666,0.4714045207910317,1.3333333333333333,1.8856180831641267,0.3333333333333333,0.4714045207910317,0.3333333333333333,0.4714045207910317,0.0,0.0,1.3333333333333333,1.247219128924647,7.0,4.320493798938574,0.0,0.0,10.0,3.265986323710904,0.0,0.0,3.6666666666666665,3.299831645537222,19.0,8.981462390204987,12.666666666666666,4.109609335312651,13.333333333333334,8.9566858950296,0.0,0.0,4.0,3.741657386773941,18.666666666666668,6.548960901462833,1.6666666666666667,1.247219128924647,0.3333333333333333,0.4714045207910317,0.0,0.0,0.0,0.0,14.242222222222225,3.87346622576818,11.651639877535828,4.763644366076695,53.54246031746032,67.19406008754139,102.0780945388609,32.19803543736612,26.48480158730159,85.39803748547887,96.85511665668189,11.00048767501495,849.7334722222223,283.65736430917684,396.88643800960017,151.02054785042318,3.0
42,90_2,90,4.451666666666667,1.9582579559961504,1.3333333333333333,0.4714045207910317,20.33333333333333,23.837412238374835,3.6666666666666665,5.185449728701348,0.6666666666666666,0.9428090415820634,0.6666666666666666,0.9428090415820634,5.666666666666667,8.013876853447538,0.0,0.0,6.0,8.48528137423857,5.666666666666667,6.649979114420001,0.0,0.0,9.666666666666666,7.133644853010899,0.0,0.0,6.0,8.48528137423857,20.0,10.801234497346432,8.666666666666666,12.256517540566824,16.0,12.328828005937952,0.0,0.0,4.0,3.741657386773941,28.0,2.8284271247461903,0.3333333333333333,0.4714045207910317,0.0,0.0,0.3333333333333333,0.4714045207910317,0.3333333333333333,0.4714045207910317,10.888888888888893,2.048783891018954,3.367927798735556,1.3322833817063653,-18.70277777777778,123.80751363345752,84.55962049705788,21.77426494283923,10.67777777777778,82.43136660651263,109.21949345305312,32.40072701297922,1095.8236111111112,236.2993649271388,218.6621905360784,135.49540634078528,0.6666666666666666
43,90_2,90,2.7093333333333334,1.528926929436314,1.3333333333333333,0.4714045207910317,44.0,14.352700094407323,8.0,6.164414002968976,0.0,0.0,0.0,0.0,8.333333333333334,11.08552609887726,0.0,0.0,0.3333333333333333,0.4714045207910317,4.666666666666667,5.9066817155564495,0.3333333333333333,0.4714045207910317,1.3333333333333333,0.9428090415820634,0.0,0.0,4.0,5.656854249492381,13.666666666666666,11.614167593456232,9.333333333333334,13.199326582148888,16.333333333333332,12.39175353029407,0.0,0.0,1.0,0.816496580927726,29.33333333333333,0.9428090415820634,0.0,0.0,0.0,0.0,0.3333333333333333,0.4714045207910317,0.0,0.0,10.5,2.662183731867924,4.35427283368538,2.391310027032264,9.608333333333336,107.5746054640255,107.52168733690417,21.69125458273844,42.80555555555557,127.70023317311968,77.04671606577118,30.43688029955316,962.1138888888888,110.22569619231368,70.95371362457749,34.650847448510774,1.0
44,90_2,90,0.4056666666666667,0.5736993018026856,0.3333333333333333,0.4714045207910317,25.33333333333333,20.821996915655223,2.6666666666666665,1.247219128924647,1.0,0.816496580927726,0.6666666666666666,0.4714045207910317,6.333333333333333,8.956685895029603,0.6666666666666666,0.4714045207910317,1.0,1.4142135623730951,2.333333333333333,2.0548046676563256,0.6666666666666666,0.9428090415820634,2.6666666666666665,1.699673171197595,0.0,0.0,2.0,2.8284271247461903,11.0,12.83225103661344,11.0,12.83225103661344,18.0,12.96148139681572,0.0,0.0,0.3333333333333333,0.4714045207910317,27.33333333333333,3.0912061651652345,0.0,0.0,0.0,0.0,0.0,0.0,0.0,0.0,12.830555555555556,1.2995963285897476,4.183620545653847,1.3106683552258425,-10.977777777777776,132.9984381580067,72.37509846369204,33.2630562247055,2.161111111111109,123.2400270800496,68.57469487882099,24.45745493517736,984.5902777777776,120.01872738385254,84.76920044327878,11.497232454982052,-1.3333333333333337
45,90_2,90,2.2823333333333333,3.2277067538561943,0.3333333333333333,0.4714045207910317,10.333333333333334,14.613540144521982,0.0,0.0,1.3333333333333333,1.8856180831641267,0.0,0.0,3.6666666666666665,4.496912521077348,1.0,0.816496580927726,1.0,1.4142135623730951,1.3333333333333333,0.9428090415820634,0.0,0.0,6.0,5.715476066494082,0.0,0.0,0.6666666666666666,0.9428090415820634,12.666666666666666,10.530379332620877,14.0,11.86029791643813,12.666666666666666,12.684198393626966,0.0,0.0,2.0,2.160246899469287,20.33333333333333,4.496912521077347,0.0,0.0,0.0,0.0,0.0,0.0,1.6666666666666667,2.357022603955158,9.29888888888889,2.471656905818909,8.023643798494357,4.200189794534218,37.47955026455027,89.70887227065646,75.38006367931362,43.68513573652732,29.82142857142857,104.43085294359732,69.77792514884938,37.30055547373989,727.9594378306878,251.7199539628588,297.63019040834433,170.83322998052634,4.666666666666666
46,90_2,90,2.14,1.4247533119807092,1.0,0.0,2.0,2.8284271247461903,0.6666666666666666,0.9428090415820634,0.0,0.0,0.0,0.0,0.0,0.0,0.0,0.0,0.0,0.0,0.3333333333333333,0.4714045207910317,0.0,0.0,0.0,0.0,0.0,0.0,0.0,0.0,13.0,11.775681155103795,12.0,10.677078252031311,11.666666666666666,11.728408057172787,0.0,0.0,5.333333333333333,4.496912521077348,20.666666666666668,2.867441755680876,0.6666666666666666,0.9428090415820634,0.0,0.0,0.0,0.0,0.0,0.0,7.705701058201058,3.071381126387537,5.002573037330857,0.7096719034940717,83.44517195767196,43.413698058511166,96.31072506285244,20.681233983637085,93.04973544973544,44.030626142490426,92.0676979663172,25.93277728566767,762.1530687830688,181.2702872632972,383.29370675734936,184.8566809506501,4.666666666666667
47,90_2,90,3.185666666666666,2.3359737917099057,0.6666666666666666,0.4714045207910317,0.0,0.0,0.0,0.0,4.0,2.943920288775949,0.3333333333333333,0.4714045207910317,1.3333333333333333,1.8856180831641267,0.0,0.0,0.0,0.0,0.0,0.0,0.0,0.0,1.3333333333333333,0.9428090415820634,0.0,0.0,0.0,0.0,3.333333333333333,2.494438257849294,11.666666666666666,12.283683848458852,12.0,8.831760866327848,0.0,0.0,3.0,4.242640687119285,15.666666666666666,7.717224601860151,6.333333333333333,8.956685895029603,5.333333333333333,7.542472332656507,0.0,0.0,0.3333333333333333,0.4714045207910317,4.646111111111111,4.648800389533669,5.526012849724239,1.4619867074740205,31.629444444444445,58.98434312553304,107.50476411041666,15.03628235576148,53.85999999999999,51.32404620174172,89.84653809958444,26.641465085281894,1057.1108333333334,132.7235573807314,312.6132207465698,130.53402367547747,5.666666666666667
48,90_2,90,1.8163333333333327,0.5125910217274152,1.0,0.0,0.0,0.0,0.0,0.0,4.0,2.943920288775949,0.6666666666666666,0.9428090415820634,3.333333333333333,4.027681991198191,1.3333333333333333,1.8856180831641267,2.6666666666666665,3.771236166328253,0.0,0.0,0.0,0.0,4.666666666666667,4.642796092394706,0.0,0.0,3.0,4.242640687119285,6.666666666666667,6.649979114420001,14.666666666666666,6.236095644623235,6.0,8.48528137423857,0.0,0.0,0.6666666666666666,0.9428090415820634,22.666666666666668,4.496912521077347,3.0,3.559026084010437,2.6666666666666665,3.771236166328253,0.0,0.0,0.3333333333333333,0.4714045207910317,1.7105555555555556,3.3078918914366136,8.627376337388464,3.496979746564806,29.95944444444444,31.21761852180334,100.91670062463344,16.95459920234565,31.791666666666668,60.449021604679125,81.70135250594866,9.984274839420472,835.7261111111111,307.6100962726321,401.5532938200883,125.440504502824,9.0
49,90_2,90,3.392,0.2861549696696994,1.6666666666666667,0.4714045207910317,0.0,0.0,0.0,0.0,5.666666666666667,8.013876853447538,3.0,4.242640687119285,3.0,2.449489742783178,0.6666666666666666,0.9428090415820634,4.0,5.656854249492381,7.666666666666667,10.143416036468626,0.3333333333333333,0.4714045207910317,7.666666666666667,10.842303978193728,0.0,0.0,7.0,9.899494936611664,8.666666666666666,12.256517540566824,21.0,2.160246899469287,8.666666666666666,8.379870059984356,0.0,0.0,0.0,0.0,17.666666666666668,4.714045207910316,2.0,2.8284271247461903,3.333333333333333,2.494438257849294,0.0,0.0,0.6666666666666666,0.9428090415820634,8.994444444444445,2.0197443610394403,5.6909035219907365,1.9352855257962336,55.32777777777778,85.7902244316023,63.73860499962249,27.264892317272565,43.47777777777778,57.734611679671566,67.80314263634553,25.503227946133027,1025.6430555555555,621.0642528910643,594.7995963660001,549.3833953090643,6.666666666666667
50,90_2,90,0.2456666666666666,0.3474251318229903,0.3333333333333333,0.4714045207910317,10.0,14.142135623730953,1.3333333333333333,1.8856180831641267,7.0,9.899494936611664,2.0,2.8284271247461903,1.3333333333333333,1.8856180831641267,0.0,0.0,2.6666666666666665,3.091206165165235,4.333333333333333,5.436502143433364,0.0,0.0,5.333333333333333,4.109609335312651,0.0,0.0,3.333333333333333,4.027681991198191,12.666666666666666,12.684198393626966,20.666666666666668,6.018490028422596,10.333333333333334,13.912424503139473,0.0,0.0,2.0,2.8284271247461903,18.0,5.715476066494082,1.3333333333333333,1.8856180831641267,1.3333333333333333,1.8856180831641267,0.0,0.0,0.3333333333333333,0.4714045207910317,10.480555555555556,3.6006065161234457,2.896978705621676,1.524473354573371,86.53611111111111,59.95788696974356,68.52148671711593,46.74030006047,78.56111111111112,73.22791865803407,64.03050438921183,7.404685595907136,803.4972222222223,260.7623785575436,221.4015633660105,147.77184979196244,7.0
51,90_2,90,7.545333333333335,1.040589683251227,2.0,0.0,5.0,7.071067811865476,1.0,1.4142135623730951,1.3333333333333333,1.8856180831641267,0.0,0.0,0.3333333333333333,0.4714045207910317,0.3333333333333333,0.4714045207910317,1.6666666666666667,2.357022603955158,1.3333333333333333,1.8856180831641267,0.0,0.0,3.333333333333333,4.027681991198191,0.0,0.0,2.0,2.8284271247461903,15.666666666666666,12.283683848458852,17.666666666666668,6.342099196813483,8.333333333333334,11.08552609887726,0.0,0.0,5.666666666666667,6.64997911442,21.0,6.377042156569663,4.0,4.320493798938574,3.0,4.242640687119285,0.0,0.0,0.6666666666666666,0.4714045207910317,9.85,2.943377689360001,4.3136800508091095,2.109982353092705,86.86944444444445,55.20463460705783,80.72662944062735,35.51805393932946,30.75555555555556,73.00498027574372,94.76396546720972,32.30460159349855,917.9083333333332,249.9158269640593,278.3325634709869,104.57205252618613,7.0
52,90_2,90,2.297,2.1978685129006243,0.6666666666666666,0.4714045207910317,0.0,0.0,3.333333333333333,2.3570226039551585,3.6666666666666665,3.858612300930076,0.3333333333333333,0.4714045207910317,0.0,0.0,0.3333333333333333,0.4714045207910317,2.6666666666666665,3.771236166328253,3.0,4.242640687119285,0.0,0.0,4.666666666666667,3.6817870057290873,0.0,0.0,2.6666666666666665,3.771236166328253,10.333333333333334,10.07747763855398,16.666666666666668,9.030811456096044,10.0,10.198039027185567,0.0,0.0,3.6666666666666665,4.496912521077348,18.0,3.559026084010437,5.666666666666667,5.2493385826745405,3.6666666666666665,4.496912521077348,0.0,0.0,0.3333333333333333,0.4714045207910317,9.210555555555556,2.1022264799111223,5.507504790433849,1.7927186219321416,102.0161111111111,42.64036255868144,67.66099390775348,28.12407504138516,52.09333333333333,79.87636896178067,86.98724497262361,48.00668777714233,885.573888888889,249.09513828419247,250.21628593522243,59.76806132184568,5.666666666666667
53,90_2,90,4.6866666666666665,0.9842622730869156,2.0,0.0,6.333333333333333,8.956685895029603,5.333333333333333,7.542472332656507,6.666666666666667,6.236095644623235,4.666666666666667,5.9066817155564495,2.0,2.8284271247461903,0.0,0.0,6.0,6.48074069840786,3.333333333333333,4.027681991198191,1.6666666666666667,2.357022603955158,5.333333333333333,3.0912061651652345,0.0,0.0,5.666666666666667,4.921607686744467,7.333333333333333,8.339997335464536,23.0,4.96655480858378,12.666666666666666,8.339997335464536,0.0,0.0,1.3333333333333333,1.8856180831641267,16.333333333333332,1.699673171197595,2.0,2.160246899469287,1.3333333333333333,1.8856180831641267,0.0,0.0,1.0,0.816496580927726,11.15277777777778,6.666716434999419,9.403414665043991,1.88590803559375,24.752777777777776,98.51271992821192,98.83133536910393,9.457472848400396,-1.1805555555555525,114.32144745744532,88.34656190997428,28.25125404594572,909.423611111111,186.72930224973487,197.5642394043957,21.42034651692681,5.333333333333333
54,90_2,90,8.231,4.821793857061913,2.0,0.816496580927726,0.3333333333333333,0.4714045207910317,0.0,0.0,1.6666666666666667,1.247219128924647,0.3333333333333333,0.4714045207910317,0.0,0.0,0.0,0.0,2.6666666666666665,3.091206165165235,9.333333333333334,1.247219128924647,2.0,2.8284271247461903,4.333333333333333,1.247219128924647,0.0,0.0,2.6666666666666665,2.494438257849294,17.666666666666668,12.498888839501785,21.33333333333333,9.46337971105226,11.333333333333334,8.219218670625303,0.0,0.0,0.0,0.0,21.0,6.683312551921141,1.3333333333333333,1.247219128924647,0.0,0.0,0.0,0.0,1.0,0.816496580927726,15.375,7.537041245790071,8.813114093467929,2.979119708030584,77.28333333333335,40.706703879591394,108.71075901263758,11.129384067011683,51.58888888888888,58.72369439971073,88.74119991951038,27.78223506116164,512.2263888888889,397.1754392759492,173.69542361801416,54.15666643193352,1.3333333333333333
55,90_2,90,4.082333333333334,2.129123345938939,1.3333333333333333,0.4714045207910317,0.0,0.0,0.0,0.0,3.333333333333333,2.6246692913372702,0.3333333333333333,0.4714045207910317,0.6666666666666666,0.9428090415820634,0.0,0.0,5.333333333333333,7.542472332656507,9.666666666666666,4.714045207910316,0.0,0.0,5.0,7.071067811865476,0.0,0.0,5.333333333333333,7.542472332656507,9.666666666666666,6.548960901462833,18.0,11.575836902790224,9.0,5.715476066494082,0.0,0.0,0.0,0.0,19.0,8.602325267042627,1.6666666666666667,1.699673171197595,0.3333333333333333,0.4714045207910317,3.0,3.559026084010437,1.0,1.4142135623730951,16.224999999999998,9.239651368282647,9.424181304547336,0.5711556495890375,47.22444444444444,64.9407430795829,113.6342477256146,7.248002109160416,48.04777777777778,83.9909545431038,89.5517839313842,20.00509352462274,471.67333333333335,335.5272428478134,151.03715056927666,92.37392072364422,2.333333333333333
56,90_2,90,0.8426666666666666,0.5958692996137845,0.6666666666666666,0.4714045207910317,0.0,0.0,0.0,0.0,1.0,1.4142135623730951,0.0,0.0,0.6666666666666666,0.4714045207910317,0.3333333333333333,0.4714045207910317,0.6666666666666666,0.4714045207910317,8.333333333333334,10.402991022884825,0.0,0.0,3.0,3.559026084010437,0.0,0.0,1.0,1.4142135623730951,7.333333333333333,7.542472332656507,13.333333333333334,9.177266598624136,6.666666666666667,5.9066817155564495,0.0,0.0,0.6666666666666666,0.9428090415820634,14.0,4.320493798938574,1.0,1.4142135623730951,0.0,0.0,1.0,1.4142135623730951,3.6666666666666665,5.185449728701348,14.879074074074074,9.80954541986056,9.04025821591315,3.5594565963836184,97.2881746031746,65.07550526503907,70.30911363348072,34.917588637800144,89.66087301587304,66.52509949958043,74.96285138190807,22.481334076265657,515.3247288359788,327.1991951148751,192.2622456617202,34.762472449962495,1.0
57,90_2,90,6.150333333333333,2.398994557911478,2.0,0.816496580927726,0.3333333333333333,0.4714045207910317,0.3333333333333333,0.4714045207910317,2.6666666666666665,3.091206165165235,1.6666666666666667,2.357022603955158,2.0,1.4142135623730951,0.0,0.0,5.666666666666667,6.64997911442,14.333333333333334,6.236095644623235,0.0,0.0,13.0,11.51810169544733,0.0,0.0,11.333333333333334,10.338708279513884,11.666666666666666,9.46337971105226,10.666666666666666,5.185449728701348,7.333333333333333,1.699673171197595,0.0,0.0,1.0,1.4142135623730951,11.333333333333334,1.699673171197595,7.666666666666667,6.548960901462833,3.333333333333333,4.027681991198191,1.3333333333333333,0.9428090415820634,1.3333333333333333,1.247219128924647,12.758333333333336,8.225527676420253,10.548693896621254,3.472269329647077,91.275,37.57263151402746,98.11969482379818,25.49775319984612,81.675,19.4353450931258,122.19011599788617,10.773510965986684,653.2791666666667,520.270216260974,182.21384261028177,124.30620212373528,4.333333333333334
58,90_2,90,3.397333333333333,2.402712541182477,1.6666666666666667,1.247219128924647,3.6666666666666665,5.185449728701348,0.6666666666666666,0.9428090415820634,1.0,0.816496580927726,0.6666666666666666,0.9428090415820634,1.0,1.4142135623730951,1.3333333333333333,1.8856180831641267,4.333333333333333,6.128258770283412,6.666666666666667,7.408703590297622,0.0,0.0,6.0,7.118052168020874,0.0,0.0,6.0,8.48528137423857,14.333333333333334,11.08552609887726,14.0,9.899494936611664,18.33333333333333,8.339997335464536,0.0,0.0,0.6666666666666666,0.4714045207910317,18.666666666666668,6.236095644623236,2.333333333333333,3.2998316455372216,0.3333333333333333,0.4714045207910317,0.0,0.0,0.6666666666666666,0.9428090415820634,14.466666666666669,2.2343695771754963,7.0377223759948535,3.719953810333392,46.036111111111104,96.05819762126974,64.06349857441626,42.808438803735584,18.191666666666663,79.40613023261187,95.21674211382476,29.79766890471993,376.7583333333334,313.4530359411769,72.87524952162575,47.9412745772024,4.666666666666666
59,90_2,90,5.414000000000001,3.570329676654525,2.0,0.816496580927726,7.666666666666667,10.842303978193728,1.0,1.4142135623730951,0.3333333333333333,0.4714045207910317,0.3333333333333333,0.4714045207910317,2.0,2.8284271247461903,0.0,0.0,5.0,7.071067811865476,9.333333333333334,11.14550233153366,0.0,0.0,8.333333333333334,10.402991022884825,0.0,0.0,5.333333333333333,7.542472332656507,14.0,11.575836902790224,10.333333333333334,8.339997335464535,10.666666666666666,8.178562764256865,0.0,0.0,2.0,2.8284271247461903,14.0,3.559026084010437,2.0,1.4142135623730951,1.0,1.4142135623730951,0.0,0.0,0.0,0.0,7.668835978835979,3.372776185902404,5.301631960085152,2.472824599879777,38.902354497354494,99.40040313924428,60.787104180129546,44.23691904704935,50.749153439153446,92.9713882621097,65.39468596328334,49.75081522794731,587.9756349206349,388.33230265818287,281.6549368128746,83.42039503867873,1.3333333333333333
60,90_2,90,0.0,0.0,0.0,0.0,13.0,18.384776310850235,1.3333333333333333,1.8856180831641267,0.6666666666666666,0.9428090415820634,0.0,0.0,7.333333333333333,10.370899457402697,0.0,0.0,0.0,0.0,7.0,8.524474568362947,0.0,0.0,3.0,3.559026084010437,0.0,0.0,2.0,2.8284271247461903,20.33333333333333,13.670731102939918,8.666666666666666,12.256517540566824,10.666666666666666,13.67073110293992,0.0,0.0,8.666666666666666,12.256517540566824,17.333333333333332,11.897712198383164,0.6666666666666666,0.4714045207910317,0.0,0.0,0.3333333333333333,0.4714045207910317,0.3333333333333333,0.4714045207910317,9.933333333333332,4.981874554228968,7.63079463423828,5.111556542494401,56.28611111111112,83.3748397558939,61.82140778871061,58.006732105657406,66.05277777777778,70.7541133254395,71.94763336314406,31.46172310975977,566.5972222222223,358.1392181317807,141.32285065284066,68.64571499078176,0.3333333333333333
61,90_2,90,0.7040000000000001,0.9956063479106588,0.3333333333333333,0.4714045207910317,6.666666666666667,9.428090415820632,0.3333333333333333,0.4714045207910317,0.6666666666666666,0.9428090415820634,0.3333333333333333,0.4714045207910317,5.666666666666667,8.013876853447538,0.3333333333333333,0.4714045207910317,1.0,1.4142135623730951,3.6666666666666665,4.496912521077348,0.0,0.0,2.6666666666666665,3.091206165165235,0.0,0.0,1.0,1.4142135623730951,17.666666666666668,12.498888839501785,9.333333333333334,12.498888839501785,8.666666666666666,11.556623882239812,0.0,0.0,6.666666666666667,9.428090415820632,15.333333333333334,12.256517540566824,1.0,1.4142135623730951,0.0,0.0,0.0,0.0,0.3333333333333333,0.4714045207910317,11.736111111111107,9.54977780751152,5.806919829321903,5.103374125634769,84.64722222222223,63.84556538347673,51.02829888030948,40.96491673611238,47.047222222222224,78.45468447092308,31.3388253080995,22.35173569308673,509.9972222222223,405.7632437812203,112.3584977517789,84.07058863935235,0.3333333333333333
62,90_2,90,4.993666666666667,2.3821986109941005,2.0,0.816496580927726,0.3333333333333333,0.4714045207910317,0.3333333333333333,0.4714045207910317,2.333333333333333,3.2998316455372216,0.0,0.0,1.3333333333333333,1.8856180831641267,0.0,0.0,5.666666666666667,8.013876853447538,8.666666666666666,6.599663291074443,0.0,0.0,7.666666666666667,5.792715732327589,0.0,0.0,7.0,9.899494936611664,12.333333333333334,8.9566858950296,7.666666666666667,8.806563209081936,7.0,8.524474568362947,0.0,0.0,2.0,2.8284271247461903,12.333333333333334,10.338708279513884,3.0,2.449489742783178,0.6666666666666666,0.9428090415820634,0.0,0.0,1.6666666666666667,1.699673171197595,4.787962962962964,3.796923389940984,6.45749320485574,3.7722484217416654,16.66851851851852,65.7685034883522,79.10813667035383,40.99507864162095,10.119444444444444,60.09615841443478,75.78897594770946,41.029543779580095,535.7134259259259,385.1842557597628,198.05544874513865,147.78547263891548,4.666666666666666
63,90_2,90,2.915666666666667,2.880925121476704,1.0,0.816496580927726,0.3333333333333333,0.4714045207910317,0.0,0.0,3.0,3.559026084010437,1.0,1.4142135623730951,1.0,1.4142135623730951,0.0,0.0,8.333333333333334,6.944222218666553,7.666666666666667,5.557777333511022,0.0,0.0,9.333333333333334,7.363574011458175,0.0,0.0,10.333333333333334,7.84573486395988,11.0,8.04155872120988,15.666666666666666,12.283683848458852,12.666666666666666,10.624918300339486,0.0,0.0,1.6666666666666667,2.357022603955158,6.333333333333333,4.496912521077347,3.6666666666666665,3.858612300930076,0.3333333333333333,0.4714045207910317,0.0,0.0,0.0,0.0,9.02111111111111,6.584257506627474,7.3192690518255,5.390497519705617,53.84,41.007653147512194,78.48976193357596,56.50815083241937,27.113333333333333,45.76004154119456,77.89157668692992,57.32568874844307,487.15222222222224,349.3767449312639,149.0703421648668,107.91075068639545,-2.0
64,90_2,90,4.824000000000001,0.740142328654879,1.3333333333333333,0.4714045207910317,0.0,0.0,0.0,0.0,0.3333333333333333,0.4714045207910317,0.0,0.0,0.6666666666666666,0.4714045207910317,0.0,0.0,11.666666666666666,8.498365855987974,8.333333333333334,6.236095644623236,0.0,0.0,9.666666666666666,7.408703590297623,0.0,0.0,14.0,10.424330514074594,18.666666666666668,13.299958228840003,11.666666666666666,9.030811456096044,14.333333333333334,10.780641085864152,0.0,0.0,4.0,5.656854249492381,12.666666666666666,10.208928554075705,4.0,5.656854249492381,0.3333333333333333,0.4714045207910317,0.0,0.0,0.6666666666666666,0.9428090415820634,9.319444444444445,6.590482522284936,5.637583574647032,4.858401329234446,27.61111111111111,56.63897580506654,88.02158358003344,64.08000345335279,12.216666666666663,81.61819735138046,85.844988606529,61.72643286695123,456.575,399.7563204367965,134.7837409003369,110.51576038320282,-1.0
65,90_2,90,7.520666666666666,3.74166071269014,4.0,1.4142135623730951,0.0,0.0,0.0,0.0,1.3333333333333333,1.8856180831641267,0.0,0.0,2.6666666666666665,3.771236166328253,0.0,0.0,3.333333333333333,4.714045207910316,2.6666666666666665,1.8856180831641267,0.0,0.0,5.666666666666667,5.436502143433363,0.0,0.0,4.666666666666667,6.599663291074443,13.0,8.602325267042627,11.666666666666666,10.873004286866728,10.333333333333334,10.656244908763853,0.0,0.0,3.333333333333333,4.714045207910316,14.666666666666666,9.177266598624136,2.333333333333333,1.699673171197595,0.0,0.0,0.0,0.0,0.6666666666666666,0.9428090415820634,10.504629629629628,3.4134216246940063,10.188510552264193,4.904720908616696,19.099999999999994,82.3689441656439,81.30081555055376,42.66233031436366,25.229629629629628,96.65488759474796,70.15370571482333,40.82603547020687,528.8300925925927,377.16990935458784,248.31540966475464,159.19546274516586,5.333333333333333
66,90_2,90,3.9293333333333336,1.0091912053168564,1.3333333333333333,0.4714045207910317,0.0,0.0,0.0,0.0,0.0,0.0,0.0,0.0,2.333333333333333,2.6246692913372702,0.0,0.0,7.333333333333333,9.67241208569794,6.333333333333333,8.956685895029603,0.0,0.0,8.0,9.93310961716756,0.0,0.0,8.666666666666666,11.556623882239812,11.666666666666666,9.392668535736911,5.333333333333333,6.18241233033047,3.0,3.559026084010437,0.0,0.0,4.333333333333333,6.128258770283412,11.666666666666666,13.123346456686352,6.333333333333333,8.956685895029603,3.0,4.242640687119285,0.3333333333333333,0.4714045207910317,1.0,0.816496580927726,6.433333333333334,4.56794892784578,6.068940055289988,4.965864395841811,63.62611111111111,66.78680641959455,55.51015249364837,57.1029087987648,51.328333333333326,45.23898652547216,70.75059095094798,50.02823350553395,617.218888888889,490.1012692340064,208.13621491312747,147.20200273039808,6.0
67,90_2,90,1.3866666666666667,1.2944389604080304,0.6666666666666666,0.4714045207910317,1.3333333333333333,1.8856180831641267,0.6666666666666666,0.9428090415820634,0.0,0.0,0.0,0.0,4.333333333333333,6.128258770283412,0.0,0.0,7.666666666666667,10.842303978193728,6.0,7.118052168020874,0.0,0.0,7.333333333333333,9.67241208569794,0.0,0.0,9.666666666666666,13.67073110293992,20.0,14.142135623730953,8.333333333333334,11.785113019775793,9.666666666666666,13.67073110293992,0.0,0.0,10.666666666666666,13.695092389449425,16.0,12.328828005937952,0.3333333333333333,0.4714045207910317,0.3333333333333333,0.4714045207910317,0.0,0.0,1.6666666666666667,2.357022603955158,11.511111111111113,9.04285663785728,6.345681709826486,7.347093121859645,65.31111111111112,55.07400128267376,71.55483354899546,53.02306415902979,3.619444444444442,33.47567824481854,74.91467495034267,60.24291045004304,538.4305555555555,432.2033751782049,111.98130403826902,129.35180897731416,-0.3333333333333333
68,90_2,90,3.089,2.73781384806686,1.0,0.0,0.0,0.0,0.3333333333333333,0.4714045207910317,0.0,0.0,0.0,0.0,2.6666666666666665,3.771236166328253,0.0,0.0,6.333333333333333,8.956685895029603,4.333333333333333,5.436502143433364,0.0,0.0,7.333333333333333,7.717224601860151,0.0,0.0,8.0,11.31370849898476,20.0,14.142135623730953,10.0,14.142135623730953,10.333333333333334,13.224556283251582,0.0,0.0,9.333333333333334,13.199326582148888,15.0,12.24744871391589,0.6666666666666666,0.9428090415820634,0.0,0.0,0.0,0.0,0.6666666666666666,0.9428090415820634,15.205555555555554,14.0096797444913,5.245996188182881,6.061561948279498,81.60166666666667,58.15153915035746,66.74249031317946,47.888972351745615,27.07166666666667,61.93650866456355,60.91566761238564,51.94078576079172,617.9844444444444,502.606262104018,126.4310280832698,132.73674796040373,-0.6666666666666666
69,90_2,90,0.0,0.0,0.0,0.0,0.0,0.0,0.0,0.0,0.0,0.0,0.0,0.0,1.3333333333333333,1.8856180831641267,0.0,0.0,8.0,11.31370849898476,7.666666666666667,8.806563209081936,0.0,0.0,10.0,8.602325267042627,0.0,0.0,8.666666666666666,12.256517540566824,18.0,12.96148139681572,10.666666666666666,11.115554667022044,9.666666666666666,12.970050972229147,0.0,0.0,7.0,9.899494936611664,14.666666666666666,10.402991022884825,2.6666666666666665,2.494438257849294,0.0,0.0,0.3333333333333333,0.4714045207910317,0.3333333333333333,0.4714045207910317,14.508333333333336,11.852814558701365,5.53175245184545,6.149414079016434,69.81388888888888,70.87649806808362,52.23576224325939,70.90758382423986,25.07777777777777,94.11977454221054,49.999683707810014,35.93870952165535,497.0847222222222,395.5408695921913,99.33340577853858,71.82309083590901,-4.666666666666666
70,90_2,90,4.558,1.9725557026355425,2.333333333333333,0.4714045207910317,1.0,1.4142135623730951,1.0,1.4142135623730951,0.0,0.0,0.0,0.0,6.333333333333333,8.259674462242579,0.0,0.0,5.666666666666667,8.013876853447538,9.333333333333334,11.8133634311129,0.6666666666666666,0.9428090415820634,8.333333333333334,11.08552609887726,0.0,0.0,8.0,11.31370849898476,12.333333333333334,10.656244908763853,12.0,10.23067283548187,13.0,10.23067283548187,0.0,0.0,0.3333333333333333,0.4714045207910317,12.0,9.092121131323903,2.6666666666666665,2.0548046676563256,1.6666666666666667,2.357022603955158,0.0,0.0,2.0,1.632993161855452,11.127222222222224,8.100492707160807,1.840958616241812,1.4501181571104231,2.282777777777776,131.3835355991884,21.67768060230766,15.384247769880556,4.761666666666666,133.24103831305408,26.045374106295554,19.387307696019736,610.9877777777778,618.5806869771155,363.4107553231345,451.1860766277962,-4.333333333333334
71,90_2,90,3.992333333333333,1.357608027213877,1.3333333333333333,0.4714045207910317,0.0,0.0,0.0,0.0,0.0,0.0,0.0,0.0,8.0,11.31370849898476,0.0,0.0,5.666666666666667,8.013876853447538,8.666666666666666,12.256517540566824,0.0,0.0,5.666666666666667,8.013876853447538,0.0,0.0,6.666666666666667,9.428090415820632,14.333333333333334,12.283683848458852,11.333333333333334,13.29995822884,19.33333333333333,13.670731102939918,0.0,0.0,0.6666666666666666,0.9428090415820634,15.0,11.224972160321824,0.6666666666666666,0.9428090415820634,0.0,0.0,0.0,0.0,2.0,2.8284271247461903,11.561111111111112,8.430899224186886,1.218452999659619,0.8934442668632709,-3.727777777777779,132.21707465470152,22.19468945214936,20.88882988169404,10.747222222222224,102.056229130421,68.48460016496563,49.5529339908006,463.1944444444445,393.89433454451387,98.33850777905252,128.19076291082595,-4.666666666666666
72,90_2,90,2.183666666666667,0.9631055093925184,1.0,0.0,0.0,0.0,0.0,0.0,1.0,1.4142135623730951,1.3333333333333333,1.8856180831641267,7.0,9.899494936611664,0.0,0.0,0.0,0.0,2.6666666666666665,2.0548046676563256,0.0,0.0,2.0,1.4142135623730951,0.0,0.0,0.3333333333333333,0.4714045207910317,16.333333333333332,12.39175353029407,10.666666666666666,13.695092389449425,19.33333333333333,13.695092389449425,0.0,0.0,1.3333333333333333,1.8856180831641267,14.666666666666666,11.145502331533658,0.0,0.0,0.0,0.0,1.6666666666666667,2.357022603955158,2.6666666666666665,3.771236166328253,11.136111111111113,8.062574528318567,1.360931158262639,0.9682079155094204,-2.944444444444438,121.3968763581097,51.62459849158426,37.36674902148389,-0.0027777777777752,126.77810454968112,47.15953243343059,33.347367958120515,363.7388888888889,278.08451607840686,18.71409180604674,16.266268972963047,-6.0
73,90_2,90,0.0,0.0,0.0,0.0,0.3333333333333333,0.4714045207910317,0.0,0.0,0.6666666666666666,0.9428090415820634,0.0,0.0,3.6666666666666665,5.185449728701348,0.0,0.0,2.333333333333333,3.2998316455372216,7.333333333333333,7.717224601860151,0.0,0.0,5.666666666666667,8.013876853447538,0.0,0.0,2.6666666666666665,3.771236166328253,16.333333333333332,11.897712198383164,12.666666666666666,12.684198393626966,15.666666666666666,12.283683848458852,0.0,0.0,5.333333333333333,3.771236166328253,16.666666666666668,7.845734863959881,0.0,0.0,0.0,0.0,1.3333333333333333,1.247219128924647,1.0,1.4142135623730951,10.70925925925926,5.834838577103096,5.172099199309511,3.4572673436792014,38.20740740740741,106.652531623561,65.94257769059887,50.29082030534354,63.23333333333333,86.03667042260183,74.73964508115667,60.94974128248613,502.5254629629629,208.4598490675559,209.6148893330408,169.07821812524628,-5.0
74,90_2,90,0.0,0.0,0.0,0.0,0.3333333333333333,0.4714045207910317,0.3333333333333333,0.4714045207910317,0.3333333333333333,0.4714045207910317,0.3333333333333333,0.4714045207910317,2.6666666666666665,3.771236166328253,0.0,0.0,1.3333333333333333,1.247219128924647,5.0,7.071067811865476,0.0,0.0,10.333333333333334,6.649979114420002,0.0,0.0,2.333333333333333,1.699673171197595,27.0,2.943920288775949,10.0,14.142135623730953,10.333333333333334,13.912424503139473,0.0,0.0,11.666666666666666,10.780641085864152,26.666666666666668,4.714045207910316,0.0,0.0,0.0,0.0,0.0,0.0,0.0,0.0,8.325555555555557,3.704453109367991,6.929189756547438,6.973085802860477,108.485,84.06016807862929,50.72258277565204,67.55361029700573,126.60777777777776,49.47089193420139,84.95799360933493,36.51717406243035,1071.5294444444444,502.2572497865185,82.6388775428179,29.02448543966325,-2.333333333333333
75,90_2,90,3.0760000000000005,3.4090621388684994,1.0,0.816496580927726,0.6666666666666666,0.9428090415820634,0.6666666666666666,0.9428090415820634,0.3333333333333333,0.4714045207910317,0.0,0.0,3.6666666666666665,5.185449728701348,0.0,0.0,5.0,7.071067811865476,2.333333333333333,1.8856180831641267,0.0,0.0,11.333333333333334,8.65383665716478,0.0,0.0,7.666666666666667,10.842303978193728,18.666666666666668,8.993825042154695,10.0,14.142135623730953,8.333333333333334,11.785113019775793,0.0,0.0,2.333333333333333,1.699673171197595,19.0,12.83225103661344,1.6666666666666667,1.699673171197595,0.0,0.0,0.3333333333333333,0.4714045207910317,1.3333333333333333,1.8856180831641267,10.347222222222223,2.4238908625555418,6.410780741085407,3.142203242257631,25.308333333333337,82.81869337427524,109.18472681345617,31.20794637239148,54.05277777777777,84.06203213647395,83.6200007918924,41.92438718350055,1053.8958333333333,318.26728668756226,247.3202125116669,92.58286597586108,-0.3333333333333332
76,90_2,90,1.4896666666666665,1.1192742688407025,0.6666666666666666,0.4714045207910317,0.0,0.0,0.0,0.0,2.333333333333333,3.2998316455372216,0.6666666666666666,0.9428090415820634,8.333333333333334,11.785113019775793,0.0,0.0,6.333333333333333,8.956685895029603,10.333333333333334,8.259674462242577,0.0,0.0,6.666666666666667,3.39934634239519,0.0,0.0,9.0,12.727922061357855,23.33333333333333,6.79869268479038,10.333333333333334,13.91242450313947,16.666666666666668,12.472191289246473,0.0,0.0,13.333333333333334,9.977753031397176,23.33333333333333,4.714045207910316,3.0,4.242640687119285,0.3333333333333333,0.4714045207910317,0.0,0.0,0.0,0.0,12.180555555555555,2.482320200990782,4.369472260163641,1.5674655590383944,39.99814814814815,94.6635226594215,81.51568834125247,47.52703094563073,36.31203703703704,87.14413886159338,101.77274039448548,13.6060468410899,878.5291666666667,560.8587845987385,248.2949011724302,228.309387830306,-1.3333333333333333
1,90_3,90,1.2553333333333334,0.8877632316983822,0.6666666666666666,0.4714045207910317,0.0,0.0,0.0,0.0,2.0,2.8284271247461903,1.0,1.4142135623730951,0.0,0.0,0.0,0.0,0.0,0.0,0.0,0.0,0.0,0.0,0.0,0.0,0.0,0.0,0.0,0.0,1.0,0.816496580927726,2.0,2.8284271247461903,2.0,1.632993161855452,0.0,0.0,0.3333333333333333,0.4714045207910317,2.6666666666666665,2.0548046676563256,0.0,0.0,0.0,0.0,0.3333333333333333,0.4714045207910317,0.0,0.0,0.2143518518518518,0.5231108639614676,1.2194896376361104,1.0168644758154917,3.740291005291005,5.3397071529976055,29.40594429372216,20.86098438308971,0.7954761904761914,12.98894009298792,29.28823613904889,20.772453584943783,104.54074074074076,75.56949155189685,254.3637278936917,182.70648040588733,5.0
2,90_3,90,0.6933333333333334,0.4902851777848843,0.6666666666666666,0.4714045207910317,0.0,0.0,0.0,0.0,0.0,0.0,0.0,0.0,0.0,0.0,0.0,0.0,0.0,0.0,0.0,0.0,0.0,0.0,0.0,0.0,0.0,0.0,0.0,0.0,0.0,0.0,0.0,0.0,0.0,0.0,0.0,0.0,0.0,0.0,0.0,0.0,0.0,0.0,0.0,0.0,0.0,0.0,0.0,0.0,0.0,0.0,0.0,0.0,0.0,0.0,0.0,0.0,0.0,0.0,0.0,0.0,0.0,0.0,0.0,0.0,0.0
3,90_3,90,1.2193333333333334,0.8903423810846901,0.6666666666666666,0.4714045207910317,1.0,1.4142135623730951,0.0,0.0,0.0,0.0,0.0,0.0,0.0,0.0,0.0,0.0,0.0,0.0,0.0,0.0,0.0,0.0,0.0,0.0,0.0,0.0,0.0,0.0,0.0,0.0,0.0,0.0,0.0,0.0,0.0,0.0,0.0,0.0,0.0,0.0,0.0,0.0,0.0,0.0,0.0,0.0,0.0,0.0,0.0,0.0,0.0,0.0,0.0,0.0,0.0,0.0,0.0,0.0,0.0,0.0,0.0,0.0,0.0,0.0,1.0
4,90_3,90,1.9446666666666668,2.750173974294879,0.3333333333333333,0.4714045207910317,0.0,0.0,0.0,0.0,0.0,0.0,0.0,0.0,0.0,0.0,0.0,0.0,0.0,0.0,0.0,0.0,0.0,0.0,0.0,0.0,0.0,0.0,0.0,0.0,0.0,0.0,0.0,0.0,0.0,0.0,0.0,0.0,0.0,0.0,0.0,0.0,0.0,0.0,0.0,0.0,0.0,0.0,0.0,0.0,0.0,0.0,0.0,0.0,0.0,0.0,0.0,0.0,0.0,0.0,0.0,0.0,0.0,0.0,0.0,0.0,0.0
5,90_3,90,3.7723333333333327,1.7841069350113394,1.6666666666666667,0.4714045207910317,0.0,0.0,0.0,0.0,0.0,0.0,0.0,0.0,0.0,0.0,0.0,0.0,0.0,0.0,0.0,0.0,0.0,0.0,0.0,0.0,0.0,0.0,0.0,0.0,0.0,0.0,0.0,0.0,0.0,0.0,0.0,0.0,0.0,0.0,0.0,0.0,0.0,0.0,0.0,0.0,0.0,0.0,0.0,0.0,0.0,0.0,0.0,0.0,0.0,0.0,0.0,0.0,0.0,0.0,0.0,0.0,0.0,0.0,0.0,0.0,1.0
6,90_3,90,4.458666666666667,3.3765248736270586,1.3333333333333333,0.4714045207910317,0.0,0.0,0.0,0.0,0.0,0.0,0.0,0.0,0.0,0.0,0.0,0.0,0.0,0.0,0.0,0.0,0.0,0.0,0.0,0.0,0.0,0.0,0.0,0.0,0.0,0.0,0.0,0.0,0.0,0.0,0.0,0.0,0.0,0.0,0.0,0.0,0.0,0.0,0.0,0.0,0.0,0.0,0.0,0.0,0.0,0.0,0.0,0.0,0.0,0.0,0.0,0.0,0.0,0.0,0.0,0.0,0.0,0.0,0.0,0.0,0.0
7,90_3,90,2.813,0.1697311599756118,1.3333333333333333,0.4714045207910317,0.0,0.0,0.0,0.0,0.0,0.0,0.0,0.0,0.0,0.0,0.0,0.0,0.0,0.0,0.0,0.0,0.0,0.0,0.0,0.0,0.0,0.0,0.0,0.0,0.0,0.0,0.0,0.0,0.0,0.0,0.0,0.0,0.0,0.0,0.0,0.0,0.0,0.0,0.0,0.0,0.0,0.0,0.0,0.0,0.0,0.0,0.0,0.0,0.0,0.0,0.0,0.0,0.0,0.0,0.0,0.0,0.0,0.0,0.0,0.0,0.0
8,90_3,90,0.0,0.0,0.0,0.0,0.0,0.0,0.0,0.0,0.0,0.0,0.0,0.0,0.0,0.0,0.0,0.0,0.0,0.0,0.0,0.0,0.0,0.0,0.0,0.0,0.0,0.0,0.0,0.0,0.0,0.0,0.0,0.0,0.0,0.0,0.0,0.0,0.0,0.0,0.0,0.0,0.0,0.0,0.0,0.0,0.0,0.0,0.0,0.0,0.0,0.0,0.0,0.0,0.0,0.0,0.0,0.0,0.0,0.0,0.0,0.0,0.0,0.0,0.0,0.0,2.0
9,90_3,90,2.432,0.6356036500839183,1.3333333333333333,0.4714045207910317,0.0,0.0,0.0,0.0,0.0,0.0,0.0,0.0,0.0,0.0,0.0,0.0,0.0,0.0,0.0,0.0,0.0,0.0,0.0,0.0,0.0,0.0,0.0,0.0,0.0,0.0,0.0,0.0,0.0,0.0,0.0,0.0,0.0,0.0,0.0,0.0,0.0,0.0,0.0,0.0,0.0,0.0,0.0,0.0,0.0,0.0,0.0,0.0,0.0,0.0,0.0,0.0,0.0,0.0,0.0,0.0,0.0,0.0,0.0,0.0,2.0
10,90_3,90,1.4653333333333334,0.2434972050946147,1.0,0.0,4.333333333333333,6.128258770283412,0.3333333333333333,0.4714045207910317,0.0,0.0,0.0,0.0,0.0,0.0,0.0,0.0,0.0,0.0,0.0,0.0,0.0,0.0,0.0,0.0,0.0,0.0,0.0,0.0,0.0,0.0,0.0,0.0,0.0,0.0,0.0,0.0,0.0,0.0,0.0,0.0,0.0,0.0,0.0,0.0,0.0,0.0,0.0,0.0,0.0,0.0,0.0,0.0,0.0,0.0,0.0,0.0,0.0,0.0,0.0,0.0,0.0,0.0,0.0,0.0,2.0
11,90_3,90,3.0963333333333334,3.4588611163535066,0.6666666666666666,0.4714045207910317,0.3333333333333333,0.4714045207910317,0.0,0.0,0.0,0.0,0.0,0.0,0.0,0.0,0.0,0.0,0.0,0.0,0.0,0.0,0.0,0.0,0.0,0.0,0.0,0.0,0.0,0.0,0.0,0.0,0.0,0.0,0.0,0.0,0.0,0.0,0.0,0.0,0.0,0.0,0.0,0.0,0.0,0.0,0.0,0.0,0.0,0.0,0.0,0.0,0.0,0.0,0.0,0.0,0.0,0.0,0.0,0.0,0.0,0.0,0.0,0.0,0.0,0.0,0.0
12,90_3,90,2.346,1.726496066218127,0.6666666666666666,0.4714045207910317,1.0,1.4142135623730951,1.0,1.4142135623730951,0.0,0.0,0.0,0.0,0.0,0.0,0.0,0.0,0.0,0.0,0.0,0.0,0.0,0.0,0.0,0.0,0.0,0.0,0.0,0.0,0.0,0.0,0.0,0.0,0.0,0.0,0.0,0.0,0.0,0.0,0.0,0.0,0.0,0.0,0.0,0.0,0.0,0.0,0.0,0.0,0.0,0.0,0.0,0.0,0.0,0.0,0.0,0.0,0.0,0.0,0.0,0.0,0.0,0.0,0.0,0.0,3.0
13,90_3,90,2.119666666666667,1.5707620938753124,1.3333333333333333,0.9428090415820634,0.0,0.0,0.0,0.0,0.0,0.0,0.0,0.0,0.0,0.0,0.0,0.0,0.0,0.0,0.0,0.0,0.0,0.0,0.0,0.0,0.0,0.0,0.0,0.0,0.0,0.0,0.0,0.0,0.0,0.0,0.0,0.0,0.0,0.0,0.0,0.0,0.0,0.0,0.0,0.0,0.0,0.0,0.0,0.0,0.0,0.0,0.0,0.0,0.0,0.0,0.0,0.0,0.0,0.0,0.0,0.0,0.0,0.0,0.0,0.0,5.0
14,90_3,90,0.8536666666666667,0.7107274833264544,0.6666666666666666,0.4714045207910317,0.0,0.0,0.0,0.0,0.0,0.0,0.0,0.0,0.0,0.0,0.0,0.0,0.0,0.0,0.0,0.0,0.0,0.0,0.0,0.0,0.0,0.0,0.0,0.0,0.0,0.0,0.0,0.0,0.0,0.0,0.0,0.0,0.0,0.0,0.0,0.0,0.0,0.0,0.0,0.0,0.0,0.0,0.0,0.0,0.0,0.0,0.0,0.0,0.0,0.0,0.0,0.0,0.0,0.0,0.0,0.0,0.0,0.0,0.0,0.0,7.0
15,90_3,90,2.3786666666666667,2.2727260185855127,1.0,0.816496580927726,8.333333333333334,11.785113019775793,0.0,0.0,0.0,0.0,0.0,0.0,0.0,0.0,0.0,0.0,0.0,0.0,0.0,0.0,0.0,0.0,0.0,0.0,0.0,0.0,0.0,0.0,0.0,0.0,0.0,0.0,0.0,0.0,0.0,0.0,0.0,0.0,0.0,0.0,0.0,0.0,0.0,0.0,0.0,0.0,0.0,0.0,0.0,0.0,0.0,0.0,0.0,0.0,0.0,0.0,0.0,0.0,0.0,0.0,0.0,0.0,0.0,0.0,6.0
16,90_3,90,2.453333333333333,1.7948499163501728,0.6666666666666666,0.4714045207910317,0.0,0.0,0.0,0.0,0.0,0.0,0.0,0.0,0.0,0.0,0.0,0.0,0.0,0.0,0.0,0.0,0.0,0.0,0.0,0.0,0.0,0.0,0.0,0.0,0.0,0.0,0.0,0.0,0.0,0.0,0.0,0.0,0.0,0.0,0.0,0.0,0.0,0.0,0.0,0.0,0.0,0.0,0.0,0.0,0.0,0.0,0.0,0.0,0.0,0.0,0.0,0.0,0.0,0.0,0.0,0.0,0.0,0.0,0.0,0.0,1.0
17,90_3,90,5.329666666666667,3.900689369272508,1.0,0.816496580927726,2.6666666666666665,3.771236166328253,0.0,0.0,0.0,0.0,0.0,0.0,0.0,0.0,0.0,0.0,0.0,0.0,0.0,0.0,0.0,0.0,0.0,0.0,0.0,0.0,0.0,0.0,0.0,0.0,0.0,0.0,0.0,0.0,0.0,0.0,0.0,0.0,0.0,0.0,0.0,0.0,0.0,0.0,0.0,0.0,0.0,0.0,0.0,0.0,0.0,0.0,0.0,0.0,0.0,0.0,0.0,0.0,0.0,0.0,0.0,0.0,0.0,0.0,0.0
18,90_3,90,1.461,2.066166014627092,0.3333333333333333,0.4714045207910317,10.333333333333334,14.613540144521982,0.3333333333333333,0.4714045207910317,0.0,0.0,0.0,0.0,0.0,0.0,0.0,0.0,0.0,0.0,0.0,0.0,0.0,0.0,0.0,0.0,0.0,0.0,0.0,0.0,0.0,0.0,0.0,0.0,0.0,0.0,0.0,0.0,0.0,0.0,0.0,0.0,0.0,0.0,0.0,0.0,0.0,0.0,0.0,0.0,0.0,0.0,0.0,0.0,0.0,0.0,0.0,0.0,0.0,0.0,0.0,0.0,0.0,0.0,0.0,0.0,2.0
19,90_3,90,1.479666666666667,1.2108736056619986,0.6666666666666666,0.4714045207910317,4.333333333333333,6.128258770283412,0.3333333333333333,0.4714045207910317,0.0,0.0,0.0,0.0,0.0,0.0,0.0,0.0,0.0,0.0,0.0,0.0,0.0,0.0,0.0,0.0,0.0,0.0,0.0,0.0,0.0,0.0,0.0,0.0,0.0,0.0,0.0,0.0,0.0,0.0,0.0,0.0,0.0,0.0,0.0,0.0,0.0,0.0,0.0,0.0,0.0,0.0,0.0,0.0,0.0,0.0,0.0,0.0,0.0,0.0,0.0,0.0,0.0,0.0,0.0,0.0,5.333333333333333
20,90_3,90,1.3716666666666668,0.9919248403426988,0.6666666666666666,0.4714045207910317,4.666666666666667,6.599663291074443,0.3333333333333333,0.4714045207910317,0.0,0.0,0.0,0.0,0.0,0.0,0.0,0.0,0.0,0.0,0.0,0.0,0.0,0.0,0.0,0.0,0.0,0.0,0.0,0.0,0.0,0.0,0.0,0.0,0.0,0.0,0.0,0.0,0.0,0.0,0.0,0.0,0.0,0.0,0.0,0.0,0.0,0.0,0.0,0.0,0.0,0.0,0.0,0.0,0.0,0.0,0.0,0.0,0.0,0.0,0.0,0.0,0.0,0.0,0.0,0.0,1.3333333333333333
21,90_3,90,1.6813333333333336,1.6447543551816146,0.6666666666666666,0.4714045207910317,6.0,8.48528137423857,0.3333333333333333,0.4714045207910317,0.0,0.0,0.0,0.0,0.0,0.0,0.0,0.0,0.0,0.0,0.0,0.0,0.0,0.0,0.0,0.0,0.0,0.0,0.0,0.0,0.0,0.0,0.0,0.0,0.0,0.0,0.0,0.0,0.0,0.0,0.0,0.0,0.0,0.0,0.0,0.0,0.0,0.0,0.0,0.0,0.0,0.0,0.0,0.0,0.0,0.0,0.0,0.0,0.0,0.0,0.0,0.0,0.0,0.0,0.0,0.0,4.333333333333334
22,90_3,90,1.4536666666666669,1.1144853321401569,0.6666666666666666,0.4714045207910317,0.3333333333333333,0.4714045207910317,0.0,0.0,0.0,0.0,0.0,0.0,0.0,0.0,0.0,0.0,0.0,0.0,0.0,0.0,0.0,0.0,0.0,0.0,0.0,0.0,0.0,0.0,0.0,0.0,0.0,0.0,0.0,0.0,0.0,0.0,0.0,0.0,0.0,0.0,0.0,0.0,0.0,0.0,0.0,0.0,0.0,0.0,0.0,0.0,0.0,0.0,0.0,0.0,0.0,0.0,0.0,0.0,0.0,0.0,0.0,0.0,0.0,0.0,3.0
23,90_3,90,1.2413333333333332,0.3952048695156587,1.3333333333333333,0.4714045207910317,2.0,2.8284271247461903,0.0,0.0,0.0,0.0,0.0,0.0,0.0,0.0,0.0,0.0,0.0,0.0,0.0,0.0,0.0,0.0,0.0,0.0,0.0,0.0,0.0,0.0,0.0,0.0,0.0,0.0,0.0,0.0,0.0,0.0,0.0,0.0,0.0,0.0,0.0,0.0,0.0,0.0,0.0,0.0,0.0,0.0,0.0,0.0,0.0,0.0,0.0,0.0,0.0,0.0,0.0,0.0,0.0,0.0,0.0,0.0,0.0,0.0,6.0
24,90_3,90,1.5683333333333334,0.5140332890214624,1.6666666666666667,0.4714045207910317,5.0,7.071067811865476,0.6666666666666666,0.9428090415820634,0.0,0.0,0.0,0.0,0.0,0.0,0.0,0.0,0.0,0.0,0.0,0.0,0.0,0.0,0.0,0.0,0.0,0.0,0.0,0.0,0.0,0.0,0.0,0.0,0.0,0.0,0.0,0.0,0.0,0.0,0.0,0.0,0.0,0.0,0.0,0.0,0.0,0.0,0.0,0.0,0.0,0.0,0.0,0.0,0.0,0.0,0.0,0.0,0.0,0.0,0.0,0.0,0.0,0.0,0.0,0.0,6.333333333333333
25,90_3,90,1.2696666666666667,1.7955798196930397,0.3333333333333333,0.4714045207910317,7.0,9.899494936611664,0.6666666666666666,0.9428090415820634,0.0,0.0,0.0,0.0,0.0,0.0,0.0,0.0,0.0,0.0,0.0,0.0,0.0,0.0,0.0,0.0,0.0,0.0,0.0,0.0,0.0,0.0,0.0,0.0,0.0,0.0,0.0,0.0,0.0,0.0,0.0,0.0,0.0,0.0,0.0,0.0,0.0,0.0,0.0,0.0,0.0,0.0,0.0,0.0,0.0,0.0,0.0,0.0,0.0,0.0,0.0,0.0,0.0,0.0,0.0,0.0,4.333333333333334
26,90_3,90,1.4323333333333332,1.4341028167076757,0.6666666666666666,0.4714045207910317,1.0,1.4142135623730951,0.0,0.0,0.0,0.0,0.0,0.0,0.0,0.0,0.0,0.0,0.0,0.0,0.0,0.0,0.0,0.0,0.0,0.0,0.0,0.0,0.0,0.0,0.0,0.0,0.0,0.0,0.0,0.0,0.0,0.0,0.0,0.0,0.0,0.0,0.0,0.0,0.0,0.0,0.0,0.0,0.0,0.0,0.0,0.0,0.0,0.0,0.0,0.0,0.0,0.0,0.0,0.0,0.0,0.0,0.0,0.0,0.0,0.0,6.0
27,90_3,90,3.6233333333333335,2.5807039521977115,1.3333333333333333,0.9428090415820634,80.33333333333333,112.90212083432662,0.3333333333333333,0.4714045207910317,0.0,0.0,0.0,0.0,0.0,0.0,0.0,0.0,0.0,0.0,0.0,0.0,0.0,0.0,0.0,0.0,0.0,0.0,0.0,0.0,0.0,0.0,0.0,0.0,0.0,0.0,0.0,0.0,0.0,0.0,0.0,0.0,0.0,0.0,0.0,0.0,0.0,0.0,0.0,0.0,0.0,0.0,0.0,0.0,0.0,0.0,0.0,0.0,0.0,0.0,0.0,0.0,0.0,0.0,0.0,0.0,1.3333333333333333
28,90_3,90,6.018666666666667,0.9133135034343662,2.333333333333333,0.4714045207910317,107.0,137.42149273918787,0.6666666666666666,0.4714045207910317,0.0,0.0,0.0,0.0,0.0,0.0,0.0,0.0,0.0,0.0,0.0,0.0,0.0,0.0,0.0,0.0,0.0,0.0,0.0,0.0,0.0,0.0,0.0,0.0,0.0,0.0,0.0,0.0,0.0,0.0,0.0,0.0,0.0,0.0,0.0,0.0,0.0,0.0,0.0,0.0,0.0,0.0,0.0,0.0,0.0,0.0,0.0,0.0,0.0,0.0,0.0,0.0,0.0,0.0,0.0,0.0,2.6666666666666665
29,90_3,90,0.5793333333333334,0.819301057134813,0.3333333333333333,0.4714045207910317,26.33333333333333,27.32926799035951,0.3333333333333333,0.4714045207910317,0.0,0.0,0.0,0.0,0.0,0.0,0.0,0.0,0.0,0.0,0.0,0.0,0.0,0.0,0.0,0.0,0.0,0.0,0.0,0.0,0.0,0.0,0.0,0.0,0.0,0.0,0.0,0.0,0.0,0.0,0.0,0.0,0.0,0.0,0.0,0.0,0.0,0.0,0.0,0.0,0.0,0.0,0.0,0.0,0.0,0.0,0.0,0.0,0.0,0.0,0.0,0.0,0.0,0.0,0.0,0.0,0.3333333333333333
30,90_3,90,0.0,0.0,0.0,0.0,14.666666666666666,20.7417989148054,1.0,1.4142135623730951,0.0,0.0,0.0,0.0,0.0,0.0,0.0,0.0,0.0,0.0,0.0,0.0,0.0,0.0,0.0,0.0,0.0,0.0,0.0,0.0,0.0,0.0,0.0,0.0,0.0,0.0,0.0,0.0,0.0,0.0,0.0,0.0,0.0,0.0,0.0,0.0,0.0,0.0,0.0,0.0,0.0,0.0,0.0,0.0,0.0,0.0,0.0,0.0,0.0,0.0,0.0,0.0,0.0,0.0,0.0,0.0,3.333333333333333
31,90_3,90,1.152,1.6291740238538055,0.3333333333333333,0.4714045207910317,13.666666666666666,19.3275853524323,2.6666666666666665,3.771236166328253,0.0,0.0,0.0,0.0,0.0,0.0,0.0,0.0,0.0,0.0,0.0,0.0,0.0,0.0,0.0,0.0,0.0,0.0,0.0,0.0,0.0,0.0,0.0,0.0,0.0,0.0,0.0,0.0,0.0,0.0,0.0,0.0,0.0,0.0,0.0,0.0,0.0,0.0,0.0,0.0,0.0,0.0,0.0,0.0,0.0,0.0,0.0,0.0,0.0,0.0,0.0,0.0,0.0,0.0,0.0,0.0,0.3333333333333333
32,90_3,90,2.048,0.7633299854366176,1.0,0.0,6.333333333333333,8.956685895029603,1.0,1.4142135623730951,0.0,0.0,0.0,0.0,0.0,0.0,0.0,0.0,0.0,0.0,0.0,0.0,0.0,0.0,0.0,0.0,0.0,0.0,0.0,0.0,0.0,0.0,0.0,0.0,0.0,0.0,0.0,0.0,0.0,0.0,0.0,0.0,0.0,0.0,0.0,0.0,0.0,0.0,0.0,0.0,0.0,0.0,0.0,0.0,0.0,0.0,0.0,0.0,0.0,0.0,0.0,0.0,0.0,0.0,0.0,0.0,0.3333333333333333
33,90_3,90,0.8036666666666666,1.1365562996271774,0.3333333333333333,0.4714045207910317,9.666666666666666,13.67073110293992,0.0,0.0,0.0,0.0,0.0,0.0,0.0,0.0,0.0,0.0,0.0,0.0,0.0,0.0,0.0,0.0,0.0,0.0,0.0,0.0,0.0,0.0,0.0,0.0,0.0,0.0,0.0,0.0,0.0,0.0,0.0,0.0,0.0,0.0,0.0,0.0,0.0,0.0,0.0,0.0,0.0,0.0,0.0,0.0,0.0,0.0,0.0,0.0,0.0,0.0,0.0,0.0,0.0,0.0,0.0,0.0,0.0,0.0,0.0
34,90_3,90,0.6613333333333333,0.9352665692494068,0.3333333333333333,0.4714045207910317,9.333333333333334,12.498888839501785,4.666666666666667,6.599663291074443,0.0,0.0,0.0,0.0,0.0,0.0,0.0,0.0,0.0,0.0,0.0,0.0,0.0,0.0,0.0,0.0,0.0,0.0,0.0,0.0,0.0,0.0,0.0,0.0,0.0,0.0,0.0,0.0,0.0,0.0,0.0,0.0,0.0,0.0,0.0,0.0,0.0,0.0,0.0,0.0,0.0,0.0,0.0,0.0,0.0,0.0,0.0,0.0,0.0,0.0,0.0,0.0,0.0,0.0,0.0,0.0,0.0
35,90_3,90,0.504,0.7127636354360399,0.3333333333333333,0.4714045207910317,14.666666666666666,17.98765008430939,0.0,0.0,0.0,0.0,0.0,0.0,0.0,0.0,0.0,0.0,0.0,0.0,0.0,0.0,0.0,0.0,0.0,0.0,0.0,0.0,0.0,0.0,0.0,0.0,0.0,0.0,0.0,0.0,0.0,0.0,0.0,0.0,0.0,0.0,0.0,0.0,0.0,0.0,0.0,0.0,0.0,0.0,0.0,0.0,0.0,0.0,0.0,0.0,0.0,0.0,0.0,0.0,0.0,0.0,0.0,0.0,0.0,0.0,0.3333333333333333
36,90_3,90,0.4763333333333333,0.6736370602103843,0.3333333333333333,0.4714045207910317,3.0,2.943920288775949,0.0,0.0,0.0,0.0,0.0,0.0,0.0,0.0,0.0,0.0,0.0,0.0,0.0,0.0,0.0,0.0,0.0,0.0,0.0,0.0,0.0,0.0,0.0,0.0,0.0,0.0,0.0,0.0,0.0,0.0,0.0,0.0,0.0,0.0,0.0,0.0,0.0,0.0,0.0,0.0,0.0,0.0,0.0,0.0,0.0,0.0,0.0,0.0,0.0,0.0,0.0,0.0,0.0,0.0,0.0,0.0,0.0,0.0,2.0
37,90_3,90,4.376333333333333,1.9887567864260207,2.0,0.816496580927726,13.0,18.384776310850235,2.6666666666666665,3.771236166328253,0.0,0.0,0.0,0.0,0.0,0.0,0.0,0.0,0.0,0.0,0.0,0.0,0.0,0.0,0.0,0.0,0.0,0.0,0.0,0.0,0.0,0.0,0.0,0.0,0.0,0.0,0.0,0.0,0.0,0.0,0.0,0.0,0.0,0.0,0.0,0.0,0.0,0.0,0.0,0.0,0.0,0.0,0.0,0.0,0.0,0.0,0.0,0.0,0.0,0.0,0.0,0.0,0.0,0.0,0.0,0.0,2.333333333333333
38,90_3,90,1.3090000000000002,0.9745470742863066,0.6666666666666666,0.4714045207910317,8.666666666666666,11.556623882239812,0.3333333333333333,0.4714045207910317,0.0,0.0,0.0,0.0,0.0,0.0,0.0,0.0,0.0,0.0,0.0,0.0,0.0,0.0,0.0,0.0,0.0,0.0,0.0,0.0,0.0,0.0,0.0,0.0,0.0,0.0,0.0,0.0,0.0,0.0,0.0,0.0,0.0,0.0,0.0,0.0,0.0,0.0,0.0,0.0,0.0,0.0,0.0,0.0,0.0,0.0,0.0,0.0,0.0,0.0,0.0,0.0,0.0,0.0,0.0,0.0,0.3333333333333333
39,90_3,90,0.4016666666666666,0.5680424475531932,0.3333333333333333,0.4714045207910317,2.6666666666666665,3.771236166328253,0.0,0.0,0.0,0.0,0.0,0.0,0.0,0.0,0.0,0.0,0.0,0.0,0.0,0.0,0.0,0.0,0.0,0.0,0.0,0.0,0.0,0.0,0.0,0.0,0.0,0.0,0.0,0.0,0.0,0.0,0.0,0.0,0.0,0.0,0.0,0.0,0.0,0.0,0.0,0.0,0.0,0.0,0.0,0.0,0.0,0.0,0.0,0.0,0.0,0.0,0.0,0.0,0.0,0.0,0.0,0.0,0.0,0.0,6.0
40,90_3,90,0.0,0.0,0.0,0.0,24.33333333333333,20.43417616532547,1.0,1.4142135623730951,0.0,0.0,0.0,0.0,0.0,0.0,0.0,0.0,0.0,0.0,0.0,0.0,0.0,0.0,0.0,0.0,0.0,0.0,0.0,0.0,0.0,0.0,0.0,0.0,0.0,0.0,0.0,0.0,0.0,0.0,0.0,0.0,0.0,0.0,0.0,0.0,0.0,0.0,0.0,0.0,0.0,0.0,0.0,0.0,0.0,0.0,0.0,0.0,0.0,0.0,0.0,0.0,0.0,0.0,0.0,0.0,0.6666666666666666
41,90_3,90,0.0,0.0,0.0,0.0,1.0,1.4142135623730951,0.0,0.0,0.0,0.0,0.0,0.0,0.0,0.0,0.0,0.0,0.0,0.0,0.0,0.0,0.0,0.0,0.0,0.0,0.0,0.0,0.0,0.0,0.0,0.0,0.0,0.0,0.0,0.0,0.0,0.0,0.0,0.0,0.0,0.0,0.0,0.0,0.0,0.0,0.0,0.0,0.0,0.0,0.0,0.0,0.0,0.0,0.0,0.0,0.0,0.0,0.0,0.0,0.0,0.0,0.0,0.0,0.0,0.0,0.0
42,90_3,90,2.418,0.5730136705757262,1.3333333333333333,0.4714045207910317,70.0,98.99494936611666,16.666666666666668,23.570226039551585,0.0,0.0,0.0,0.0,0.0,0.0,0.0,0.0,0.0,0.0,0.0,0.0,0.0,0.0,0.0,0.0,0.0,0.0,0.0,0.0,0.0,0.0,0.0,0.0,0.0,0.0,0.0,0.0,0.0,0.0,0.0,0.0,0.0,0.0,0.0,0.0,0.0,0.0,0.0,0.0,0.0,0.0,0.0,0.0,0.0,0.0,0.0,0.0,0.0,0.0,0.0,0.0,0.0,0.0,0.0,0.0,2.333333333333333
43,90_3,90,2.1256666666666666,1.5030977642485164,0.6666666666666666,0.4714045207910317,26.0,36.76955262170047,0.0,0.0,0.0,0.0,0.0,0.0,0.0,0.0,0.0,0.0,0.0,0.0,0.0,0.0,0.0,0.0,0.0,0.0,0.0,0.0,0.0,0.0,0.0,0.0,0.0,0.0,0.0,0.0,0.0,0.0,0.0,0.0,0.0,0.0,0.0,0.0,0.0,0.0,0.0,0.0,0.0,0.0,0.0,0.0,0.0,0.0,0.0,0.0,0.0,0.0,0.0,0.0,0.0,0.0,0.0,0.0,0.0,0.0,4.333333333333334
44,90_3,90,2.944333333333333,1.2021473379840852,1.3333333333333333,0.4714045207910317,0.6666666666666666,0.9428090415820634,0.0,0.0,0.0,0.0,0.0,0.0,0.0,0.0,0.0,0.0,0.0,0.0,0.0,0.0,0.0,0.0,0.0,0.0,0.0,0.0,0.0,0.0,0.0,0.0,0.0,0.0,0.0,0.0,0.0,0.0,0.0,0.0,0.0,0.0,0.0,0.0,0.0,0.0,0.0,0.0,0.0,0.0,0.0,0.0,0.0,0.0,0.0,0.0,0.0,0.0,0.0,0.0,0.0,0.0,0.0,0.0,0.0,0.0,5.333333333333333
45,90_3,90,3.296,0.4395391525981122,1.3333333333333333,0.4714045207910317,5.0,7.071067811865476,0.3333333333333333,0.4714045207910317,0.0,0.0,0.0,0.0,0.0,0.0,0.0,0.0,0.0,0.0,0.0,0.0,0.0,0.0,0.0,0.0,0.0,0.0,0.0,0.0,0.0,0.0,0.0,0.0,0.0,0.0,0.0,0.0,0.0,0.0,0.0,0.0,0.0,0.0,0.0,0.0,0.0,0.0,0.0,0.0,0.0,0.0,0.0,0.0,0.0,0.0,0.0,0.0,0.0,0.0,0.0,0.0,0.0,0.0,0.0,0.0,0.3333333333333333
46,90_3,90,4.514333333333334,1.9875872028388817,2.0,0.0,5.666666666666667,8.013876853447538,0.0,0.0,0.0,0.0,0.0,0.0,0.0,0.0,0.0,0.0,0.0,0.0,0.0,0.0,0.0,0.0,0.0,0.0,0.0,0.0,0.0,0.0,0.0,0.0,0.0,0.0,0.0,0.0,0.0,0.0,0.0,0.0,0.0,0.0,0.0,0.0,0.0,0.0,0.0,0.0,0.0,0.0,0.0,0.0,0.0,0.0,0.0,0.0,0.0,0.0,0.0,0.0,0.0,0.0,0.0,0.0,0.0,0.0,0.0
47,90_3,90,0.9423333333333334,1.3326605802762466,0.3333333333333333,0.4714045207910317,5.0,7.071067811865476,5.0,7.071067811865476,0.0,0.0,0.0,0.0,0.0,0.0,0.0,0.0,0.0,0.0,0.0,0.0,0.0,0.0,0.0,0.0,0.0,0.0,0.0,0.0,0.0,0.0,0.0,0.0,0.0,0.0,0.0,0.0,0.0,0.0,0.0,0.0,0.0,0.0,0.0,0.0,0.0,0.0,0.0,0.0,0.0,0.0,0.0,0.0,0.0,0.0,0.0,0.0,0.0,0.0,0.0,0.0,0.0,0.0,0.0,0.0,2.0
48,90_3,90,3.389333333333333,0.4082926510346332,1.6666666666666667,0.4714045207910317,0.0,0.0,0.0,0.0,0.0,0.0,0.0,0.0,0.0,0.0,0.0,0.0,0.0,0.0,0.0,0.0,0.0,0.0,0.0,0.0,0.0,0.0,0.0,0.0,0.0,0.0,0.0,0.0,0.0,0.0,0.0,0.0,0.0,0.0,0.0,0.0,0.0,0.0,0.0,0.0,0.0,0.0,0.0,0.0,0.0,0.0,0.0,0.0,0.0,0.0,0.0,0.0,0.0,0.0,0.0,0.0,0.0,0.0,0.0,0.0,4.0
49,90_3,90,1.8166666666666664,2.1746125069895914,0.6666666666666666,0.4714045207910317,0.0,0.0,9.333333333333334,13.199326582148888,0.0,0.0,0.0,0.0,0.0,0.0,0.0,0.0,0.0,0.0,0.0,0.0,0.0,0.0,0.0,0.0,0.0,0.0,0.0,0.0,0.0,0.0,0.0,0.0,0.0,0.0,0.0,0.0,0.0,0.0,0.0,0.0,0.0,0.0,0.0,0.0,0.0,0.0,0.0,0.0,0.0,0.0,0.0,0.0,0.0,0.0,0.0,0.0,0.0,0.0,0.0,0.0,0.0,0.0,0.0,0.0,4.0
50,90_3,90,3.2180000000000004,1.076793697356493,1.0,0.0,0.6666666666666666,0.9428090415820634,0.0,0.0,0.0,0.0,0.0,0.0,0.0,0.0,0.0,0.0,0.0,0.0,0.0,0.0,0.0,0.0,0.0,0.0,0.0,0.0,0.0,0.0,0.0,0.0,0.0,0.0,0.0,0.0,0.0,0.0,0.0,0.0,0.0,0.0,0.0,0.0,0.0,0.0,0.0,0.0,0.0,0.0,0.0,0.0,0.0,0.0,0.0,0.0,0.0,0.0,0.0,0.0,0.0,0.0,0.0,0.0,0.0,0.0,5.0
51,90_3,90,0.5830000000000001,0.8244865068635144,0.3333333333333333,0.4714045207910317,2.333333333333333,3.2998316455372216,1.0,1.4142135623730951,0.0,0.0,0.0,0.0,0.0,0.0,0.0,0.0,0.0,0.0,0.0,0.0,0.0,0.0,0.0,0.0,0.0,0.0,0.0,0.0,0.0,0.0,0.0,0.0,0.0,0.0,0.0,0.0,0.0,0.0,0.0,0.0,0.0,0.0,0.0,0.0,0.0,0.0,0.0,0.0,0.0,0.0,0.0,0.0,0.0,0.0,0.0,0.0,0.0,0.0,0.0,0.0,0.0,0.0,0.0,0.0,6.333333333333333
52,90_3,90,0.928,0.65632512268438,0.6666666666666666,0.4714045207910317,14.0,13.36662510384228,1.6666666666666667,2.357022603955158,0.0,0.0,0.0,0.0,0.0,0.0,0.0,0.0,0.0,0.0,0.0,0.0,0.0,0.0,0.0,0.0,0.0,0.0,0.0,0.0,0.0,0.0,0.0,0.0,0.0,0.0,0.0,0.0,0.0,0.0,0.0,0.0,0.0,0.0,0.0,0.0,0.0,0.0,0.0,0.0,0.0,0.0,0.0,0.0,0.0,0.0,0.0,0.0,0.0,0.0,0.0,0.0,0.0,0.0,0.0,0.0,5.666666666666667
53,90_3,90,1.639,2.3178960287295025,0.3333333333333333,0.4714045207910317,28.0,23.280893453645632,1.6666666666666667,2.357022603955158,0.0,0.0,0.0,0.0,0.0,0.0,0.0,0.0,0.0,0.0,0.0,0.0,0.0,0.0,0.0,0.0,0.0,0.0,0.0,0.0,0.0,0.0,0.0,0.0,0.0,0.0,0.0,0.0,0.0,0.0,0.0,0.0,0.0,0.0,0.0,0.0,0.0,0.0,0.0,0.0,0.0,0.0,0.0,0.0,0.0,0.0,0.0,0.0,0.0,0.0,0.0,0.0,0.0,0.0,0.0,0.0,1.6666666666666663
54,90_3,90,2.7343333333333333,1.4849795359607558,1.0,0.0,23.666666666666668,24.850665092821068,0.0,0.0,0.0,0.0,0.0,0.0,0.0,0.0,0.0,0.0,0.0,0.0,0.0,0.0,0.0,0.0,0.0,0.0,0.0,0.0,0.0,0.0,0.0,0.0,0.0,0.0,0.0,0.0,0.0,0.0,0.0,0.0,0.0,0.0,0.0,0.0,0.0,0.0,0.0,0.0,0.0,0.0,0.0,0.0,0.0,0.0,0.0,0.0,0.0,0.0,0.0,0.0,0.0,0.0,0.0,0.0,0.0,0.0,1.3333333333333333
55,90_3,90,0.2666666666666666,0.3771236166328254,0.3333333333333333,0.4714045207910317,4.0,5.656854249492381,0.0,0.0,0.0,0.0,0.0,0.0,0.0,0.0,0.0,0.0,0.0,0.0,0.0,0.0,0.0,0.0,0.0,0.0,0.0,0.0,0.0,0.0,0.0,0.0,0.0,0.0,0.0,0.0,0.0,0.0,0.0,0.0,0.0,0.0,0.0,0.0,0.0,0.0,0.0,0.0,0.0,0.0,0.0,0.0,0.0,0.0,0.0,0.0,0.0,0.0,0.0,0.0,0.0,0.0,0.0,0.0,0.0,0.0,5.333333333333333
56,90_3,90,4.422333333333333,2.648059708960925,1.3333333333333333,0.4714045207910317,0.0,0.0,0.0,0.0,0.0,0.0,0.0,0.0,0.0,0.0,0.0,0.0,0.0,0.0,0.0,0.0,0.0,0.0,0.0,0.0,0.0,0.0,0.0,0.0,0.0,0.0,0.0,0.0,0.0,0.0,0.0,0.0,0.0,0.0,0.0,0.0,0.0,0.0,0.0,0.0,0.0,0.0,0.0,0.0,0.0,0.0,0.0,0.0,0.0,0.0,0.0,0.0,0.0,0.0,0.0,0.0,0.0,0.0,0.0,0.0,8.0
57,90_3,90,5.402,4.116310564895057,1.6666666666666667,0.4714045207910317,0.0,0.0,0.0,0.0,0.0,0.0,0.0,0.0,0.0,0.0,0.0,0.0,0.0,0.0,0.0,0.0,0.0,0.0,0.0,0.0,0.0,0.0,0.0,0.0,0.0,0.0,0.0,0.0,0.0,0.0,0.0,0.0,0.0,0.0,0.0,0.0,0.0,0.0,0.0,0.0,0.0,0.0,0.0,0.0,0.0,0.0,0.0,0.0,0.0,0.0,0.0,0.0,0.0,0.0,0.0,0.0,0.0,0.0,0.0,0.0,6.333333333333333
58,90_3,90,1.3116666666666668,0.9579472265677734,0.6666666666666666,0.4714045207910317,0.0,0.0,0.0,0.0,0.0,0.0,0.0,0.0,0.0,0.0,0.0,0.0,0.0,0.0,0.0,0.0,0.0,0.0,0.0,0.0,0.0,0.0,0.0,0.0,0.0,0.0,0.0,0.0,0.0,0.0,0.0,0.0,0.0,0.0,0.0,0.0,0.0,0.0,0.0,0.0,0.0,0.0,0.0,0.0,0.0,0.0,0.0,0.0,0.0,0.0,0.0,0.0,0.0,0.0,0.0,0.0,0.0,0.0,0.0,0.0,2.0
59,90_3,90,0.5266666666666667,0.7448191428498301,0.3333333333333333,0.4714045207910317,0.6666666666666666,0.9428090415820634,0.0,0.0,0.0,0.0,0.0,0.0,0.0,0.0,0.0,0.0,0.0,0.0,0.0,0.0,0.0,0.0,0.0,0.0,0.0,0.0,0.0,0.0,0.0,0.0,0.0,0.0,0.0,0.0,0.0,0.0,0.0,0.0,0.0,0.0,0.0,0.0,0.0,0.0,0.0,0.0,0.0,0.0,0.0,0.0,0.0,0.0,0.0,0.0,0.0,0.0,0.0,0.0,0.0,0.0,0.0,0.0,0.0,0.0,2.0
60,90_3,90,0.4763333333333333,0.6736370602103843,0.3333333333333333,0.4714045207910317,0.0,0.0,0.0,0.0,0.0,0.0,0.0,0.0,0.0,0.0,0.0,0.0,0.0,0.0,0.0,0.0,0.0,0.0,0.0,0.0,0.0,0.0,0.0,0.0,0.0,0.0,0.0,0.0,0.0,0.0,0.0,0.0,0.0,0.0,0.0,0.0,0.0,0.0,0.0,0.0,0.0,0.0,0.0,0.0,0.0,0.0,0.0,0.0,0.0,0.0,0.0,0.0,0.0,0.0,0.0,0.0,0.0,0.0,0.0,0.0,8.0
61,90_3,90,3.161,1.1224583139995294,1.3333333333333333,0.4714045207910317,0.6666666666666666,0.9428090415820634,0.0,0.0,0.0,0.0,0.0,0.0,0.0,0.0,0.0,0.0,0.0,0.0,0.0,0.0,0.0,0.0,0.0,0.0,0.0,0.0,0.0,0.0,0.0,0.0,0.0,0.0,0.0,0.0,0.0,0.0,0.0,0.0,0.0,0.0,0.0,0.0,0.0,0.0,0.0,0.0,0.0,0.0,0.0,0.0,0.0,0.0,0.0,0.0,0.0,0.0,0.0,0.0,0.0,0.0,0.0,0.0,0.0,0.0,9.0
62,90_3,90,0.999,0.757950306198676,0.6666666666666666,0.4714045207910317,13.333333333333334,18.856180831641264,0.6666666666666666,0.9428090415820634,0.0,0.0,0.0,0.0,0.0,0.0,0.0,0.0,0.0,0.0,0.0,0.0,0.0,0.0,0.0,0.0,0.0,0.0,0.0,0.0,0.0,0.0,0.0,0.0,0.0,0.0,0.0,0.0,0.0,0.0,0.0,0.0,0.0,0.0,0.0,0.0,0.0,0.0,0.0,0.0,0.0,0.0,0.0,0.0,0.0,0.0,0.0,0.0,0.0,0.0,0.0,0.0,0.0,0.0,0.0,0.0,4.333333333333334
63,90_3,90,0.263,0.371938166904124,0.3333333333333333,0.4714045207910317,22.666666666666668,29.95923155816176,0.3333333333333333,0.4714045207910317,0.0,0.0,0.0,0.0,0.0,0.0,0.0,0.0,0.0,0.0,0.0,0.0,0.0,0.0,0.0,0.0,0.0,0.0,0.0,0.0,0.0,0.0,0.0,0.0,0.0,0.0,0.0,0.0,0.0,0.0,0.0,0.0,0.0,0.0,0.0,0.0,0.0,0.0,0.0,0.0,0.0,0.0,0.0,0.0,0.0,0.0,0.0,0.0,0.0,0.0,0.0,0.0,0.0,0.0,0.0,0.0,1.3333333333333333
64,90_3,90,4.377,1.1111816533162644,1.3333333333333333,0.4714045207910317,24.0,26.54555832275273,2.0,2.160246899469287,0.0,0.0,0.0,0.0,0.0,0.0,0.0,0.0,0.0,0.0,0.0,0.0,0.0,0.0,0.0,0.0,0.0,0.0,0.0,0.0,0.0,0.0,0.0,0.0,0.0,0.0,0.0,0.0,0.0,0.0,0.0,0.0,0.0,0.0,0.0,0.0,0.0,0.0,0.0,0.0,0.0,0.0,0.0,0.0,0.0,0.0,0.0,0.0,0.0,0.0,0.0,0.0,0.0,0.0,0.0,0.0,3.6666666666666665
65,90_3,90,0.8713333333333333,1.2322514173477566,0.3333333333333333,0.4714045207910317,0.0,0.0,0.0,0.0,0.0,0.0,0.0,0.0,0.0,0.0,0.0,0.0,0.0,0.0,0.0,0.0,0.0,0.0,0.0,0.0,0.0,0.0,0.0,0.0,0.0,0.0,0.0,0.0,0.0,0.0,0.0,0.0,0.0,0.0,0.0,0.0,0.0,0.0,0.0,0.0,0.0,0.0,0.0,0.0,0.0,0.0,0.0,0.0,0.0,0.0,0.0,0.0,0.0,0.0,0.0,0.0,0.0,0.0,0.0,0.0,8.0
66,90_3,90,2.2230000000000003,0.4460425988624853,1.0,0.0,2.333333333333333,3.2998316455372216,2.333333333333333,3.2998316455372216,0.0,0.0,0.0,0.0,0.0,0.0,0.0,0.0,0.0,0.0,0.0,0.0,0.0,0.0,0.0,0.0,0.0,0.0,0.0,0.0,0.0,0.0,0.0,0.0,0.0,0.0,0.0,0.0,0.0,0.0,0.0,0.0,0.0,0.0,0.0,0.0,0.0,0.0,0.0,0.0,0.0,0.0,0.0,0.0,0.0,0.0,0.0,0.0,0.0,0.0,0.0,0.0,0.0,0.0,0.0,0.0,9.0
67,90_3,90,4.298,1.7531915658782604,1.3333333333333333,0.4714045207910317,8.0,8.640987597877148,0.3333333333333333,0.4714045207910317,0.0,0.0,0.0,0.0,0.0,0.0,0.0,0.0,0.0,0.0,0.0,0.0,0.0,0.0,0.0,0.0,0.0,0.0,0.0,0.0,0.0,0.0,0.0,0.0,0.0,0.0,0.0,0.0,0.0,0.0,0.0,0.0,0.0,0.0,0.0,0.0,0.0,0.0,0.0,0.0,0.0,0.0,0.0,0.0,0.0,0.0,0.0,0.0,0.0,0.0,0.0,0.0,0.0,0.0,0.0,0.0,4.333333333333334
68,90_3,90,0.345,0.4879036790187177,0.3333333333333333,0.4714045207910317,19.33333333333333,15.520595635763756,0.3333333333333333,0.4714045207910317,0.0,0.0,0.0,0.0,0.0,0.0,0.0,0.0,0.0,0.0,0.0,0.0,0.0,0.0,0.0,0.0,0.0,0.0,0.0,0.0,0.0,0.0,0.0,0.0,0.0,0.0,0.0,0.0,0.0,0.0,0.0,0.0,0.0,0.0,0.0,0.0,0.0,0.0,0.0,0.0,0.0,0.0,0.0,0.0,0.0,0.0,0.0,0.0,0.0,0.0,0.0,0.0,0.0,0.0,0.0,0.0,0.6666666666666666
69,90_3,90,0.7323333333333334,1.0356757321778964,0.3333333333333333,0.4714045207910317,10.333333333333334,9.030811456096044,0.0,0.0,0.0,0.0,0.0,0.0,0.0,0.0,0.0,0.0,0.0,0.0,0.0,0.0,0.0,0.0,0.0,0.0,0.0,0.0,0.0,0.0,0.0,0.0,0.0,0.0,0.0,0.0,0.0,0.0,0.0,0.0,0.0,0.0,0.0,0.0,0.0,0.0,0.0,0.0,0.0,0.0,0.0,0.0,0.0,0.0,0.0,0.0,0.0,0.0,0.0,0.0,0.0,0.0,0.0,0.0,0.0,0.0,0.3333333333333333
70,90_3,90,0.5793333333333334,0.819301057134813,0.3333333333333333,0.4714045207910317,8.333333333333334,11.785113019775793,0.0,0.0,0.0,0.0,0.0,0.0,0.0,0.0,0.6666666666666666,0.9428090415820634,0.0,0.0,0.0,0.0,0.0,0.0,0.0,0.0,0.0,0.0,0.0,0.0,0.0,0.0,0.0,0.0,0.0,0.0,0.0,0.0,0.0,0.0,0.6666666666666666,0.9428090415820634,0.0,0.0,0.0,0.0,0.0,0.0,0.0,0.0,-0.0722222222222222,0.1021376461713901,0.3324525400083818,0.4701588909252376,3.2944444444444443,4.65904801381803,12.539838983352022,17.734010360231274,-3.8111111111111113,5.3897250210441285,14.274474326011118,20.187155187591472,41.46111111111112,58.63486564439116,160.60077996289854,227.1238011512283,1.3333333333333333
71,90_3,90,1.7816666666666665,1.3587995518921183,0.6666666666666666,0.4714045207910317,6.333333333333333,8.956685895029603,1.0,1.4142135623730951,0.0,0.0,0.0,0.0,0.0,0.0,0.0,0.0,0.0,0.0,0.0,0.0,0.0,0.0,0.0,0.0,0.0,0.0,0.0,0.0,0.0,0.0,0.0,0.0,0.0,0.0,0.0,0.0,0.0,0.0,0.0,0.0,0.0,0.0,0.0,0.0,0.0,0.0,0.0,0.0,0.0,0.0,0.0,0.0,0.0,0.0,0.0,0.0,0.0,0.0,0.0,0.0,0.0,0.0,0.0,0.0,5.333333333333333
72,90_3,90,0.9956666666666668,0.7320220093837495,0.6666666666666666,0.4714045207910317,13.333333333333334,9.46337971105226,1.3333333333333333,1.8856180831641267,0.0,0.0,0.0,0.0,0.0,0.0,0.0,0.0,0.0,0.0,0.0,0.0,0.0,0.0,0.0,0.0,0.0,0.0,0.0,0.0,0.0,0.0,0.0,0.0,0.0,0.0,0.0,0.0,0.0,0.0,0.0,0.0,0.0,0.0,0.0,0.0,0.0,0.0,0.0,0.0,0.0,0.0,0.0,0.0,0.0,0.0,0.0,0.0,0.0,0.0,0.0,0.0,0.0,0.0,0.0,0.0,5.666666666666667
73,90_3,90,2.364333333333333,0.6939425208345589,1.3333333333333333,0.4714045207910317,22.33333333333333,31.584102892999123,1.3333333333333333,1.8856180831641267,0.0,0.0,0.0,0.0,0.0,0.0,0.0,0.0,0.0,0.0,0.0,0.0,0.0,0.0,0.0,0.0,0.0,0.0,0.0,0.0,0.0,0.0,0.0,0.0,0.0,0.0,0.0,0.0,0.0,0.0,0.0,0.0,0.0,0.0,0.0,0.0,0.0,0.0,0.0,0.0,0.0,0.0,0.0,0.0,0.0,0.0,0.0,0.0,0.0,0.0,0.0,0.0,0.0,0.0,0.0,0.0,0.3333333333333333
74,90_3,90,1.1486666666666665,0.8122402490779573,0.6666666666666666,0.4714045207910317,16.666666666666668,23.570226039551585,0.0,0.0,0.0,0.0,0.0,0.0,0.0,0.0,0.0,0.0,0.0,0.0,0.0,0.0,0.0,0.0,0.0,0.0,0.0,0.0,0.0,0.0,0.0,0.0,0.0,0.0,0.0,0.0,0.0,0.0,0.0,0.0,0.0,0.0,0.0,0.0,0.0,0.0,0.0,0.0,0.0,0.0,0.0,0.0,0.0,0.0,0.0,0.0,0.0,0.0,0.0,0.0,0.0,0.0,0.0,0.0,0.0,0.0,4.333333333333334
75,90_3,90,0.935,0.3093390804063829,1.3333333333333333,0.4714045207910317,13.333333333333334,14.817407180595245,1.0,0.816496580927726,0.0,0.0,0.0,0.0,0.0,0.0,0.0,0.0,0.0,0.0,0.0,0.0,0.0,0.0,0.0,0.0,0.0,0.0,0.0,0.0,0.0,0.0,0.0,0.0,0.0,0.0,0.0,0.0,0.0,0.0,0.0,0.0,0.0,0.0,0.0,0.0,0.0,0.0,0.0,0.0,0.0,0.0,0.0,0.0,0.0,0.0,0.0,0.0,0.0,0.0,0.0,0.0,0.0,0.0,0.0,0.0,2.6666666666666665
76,90_3,90,2.972666666666667,2.382371554191794,1.0,0.0,10.666666666666666,15.084944665313014,2.6666666666666665,3.771236166328253,0.0,0.0,0.0,0.0,0.0,0.0,0.0,0.0,0.0,0.0,0.0,0.0,0.0,0.0,0.0,0.0,0.0,0.0,0.0,0.0,0.0,0.0,0.0,0.0,0.0,0.0,0.0,0.0,0.0,0.0,0.0,0.0,0.0,0.0,0.0,0.0,0.0,0.0,0.0,0.0,0.0,0.0,0.0,0.0,0.0,0.0,0.0,0.0,0.0,0.0,0.0,0.0,0.0,0.0,0.0,0.0,3.333333333333333
77,90_3,90,1.656,0.4915750197070637,1.0,0.0,0.0,0.0,0.0,0.0,0.0,0.0,0.0,0.0,0.0,0.0,0.0,0.0,0.0,0.0,0.0,0.0,0.0,0.0,0.0,0.0,0.0,0.0,0.0,0.0,0.0,0.0,0.0,0.0,0.0,0.0,0.0,0.0,0.0,0.0,0.0,0.0,0.0,0.0,0.0,0.0,0.0,0.0,0.0,0.0,0.0,0.0,0.0,0.0,0.0,0.0,0.0,0.0,0.0,0.0,0.0,0.0,0.0,0.0,0.0,0.0,0.0
78,90_3,90,2.6086666666666667,1.515615899743585,1.0,0.0,0.0,0.0,0.0,0.0,0.0,0.0,0.0,0.0,0.0,0.0,0.0,0.0,0.0,0.0,0.0,0.0,0.0,0.0,0.0,0.0,0.0,0.0,0.0,0.0,0.0,0.0,0.0,0.0,0.0,0.0,0.0,0.0,0.0,0.0,0.0,0.0,0.0,0.0,0.0,0.0,0.0,0.0,0.0,0.0,0.0,0.0,0.0,0.0,0.0,0.0,0.0,0.0,0.0,0.0,0.0,0.0,0.0,0.0,0.0,0.0,3.0
79,90_3,90,5.2763333333333335,3.187954969708463,2.0,0.816496580927726,0.0,0.0,0.0,0.0,0.0,0.0,0.0,0.0,0.0,0.0,0.0,0.0,0.0,0.0,0.0,0.0,0.0,0.0,0.0,0.0,0.0,0.0,0.0,0.0,0.0,0.0,0.0,0.0,0.0,0.0,0.0,0.0,0.0,0.0,0.0,0.0,0.0,0.0,0.0,0.0,0.0,0.0,0.0,0.0,0.0,0.0,0.0,0.0,0.0,0.0,0.0,0.0,0.0,0.0,0.0,0.0,0.0,0.0,0.0,0.0,1.0
80,90_3,90,3.9013333333333335,0.2020500488052955,1.6666666666666667,0.4714045207910317,0.0,0.0,0.0,0.0,0.0,0.0,0.0,0.0,0.0,0.0,0.0,0.0,0.0,0.0,0.0,0.0,0.0,0.0,0.0,0.0,0.0,0.0,0.0,0.0,0.0,0.0,0.0,0.0,0.0,0.0,0.0,0.0,0.0,0.0,0.0,0.0,0.0,0.0,0.0,0.0,0.0,0.0,0.0,0.0,0.0,0.0,0.0,0.0,0.0,0.0,0.0,0.0,0.0,0.0,0.0,0.0,0.0,0.0,0.0,0.0,0.0
81,90_3,90,1.3266666666666669,0.563366271226416,1.0,0.0,0.0,0.0,17.666666666666668,24.98443960192468,0.0,0.0,0.0,0.0,0.0,0.0,0.0,0.0,0.0,0.0,0.0,0.0,0.0,0.0,0.0,0.0,0.0,0.0,0.0,0.0,0.0,0.0,0.0,0.0,0.0,0.0,0.0,0.0,0.0,0.0,0.0,0.0,0.0,0.0,0.0,0.0,0.0,0.0,0.0,0.0,0.0,0.0,0.0,0.0,0.0,0.0,0.0,0.0,0.0,0.0,0.0,0.0,0.0,0.0,0.0,0.0,7.0
82,90_3,90,2.496,1.771183408534155,1.0,0.816496580927726,0.0,0.0,0.0,0.0,0.0,0.0,0.0,0.0,0.0,0.0,0.0,0.0,0.0,0.0,0.0,0.0,0.0,0.0,0.0,0.0,0.0,0.0,0.0,0.0,0.0,0.0,0.0,0.0,0.0,0.0,0.0,0.0,0.0,0.0,0.0,0.0,0.0,0.0,0.0,0.0,0.0,0.0,0.0,0.0,0.0,0.0,0.0,0.0,0.0,0.0,0.0,0.0,0.0,0.0,0.0,0.0,0.0,0.0,0.0,0.0,4.0
83,90_3,90,0.0,0.0,0.0,0.0,10.333333333333334,14.613540144521982,9.333333333333334,13.199326582148888,0.0,0.0,0.0,0.0,0.0,0.0,0.0,0.0,0.0,0.0,0.0,0.0,0.0,0.0,0.0,0.0,0.0,0.0,0.0,0.0,0.0,0.0,0.0,0.0,0.0,0.0,0.0,0.0,0.0,0.0,0.0,0.0,0.0,0.0,0.0,0.0,0.0,0.0,0.0,0.0,0.0,0.0,0.0,0.0,0.0,0.0,0.0,0.0,0.0,0.0,0.0,0.0,0.0,0.0,0.0,0.0,2.333333333333333
84,90_3,90,2.766666666666667,1.4336322944031203,1.0,0.0,3.333333333333333,4.714045207910316,0.3333333333333333,0.4714045207910317,0.0,0.0,0.0,0.0,0.0,0.0,0.0,0.0,0.0,0.0,0.0,0.0,0.0,0.0,0.0,0.0,0.0,0.0,0.0,0.0,0.0,0.0,0.0,0.0,0.0,0.0,0.0,0.0,0.0,0.0,0.0,0.0,0.0,0.0,0.0,0.0,0.0,0.0,0.0,0.0,0.0,0.0,0.0,0.0,0.0,0.0,0.0,0.0,0.0,0.0,0.0,0.0,0.0,0.0,0.0,0.0,3.0
85,90_3,90,5.125666666666667,2.305146753583285,1.6666666666666667,0.4714045207910317,4.333333333333333,6.128258770283412,1.6666666666666667,2.357022603955158,0.0,0.0,0.0,0.0,0.0,0.0,0.0,0.0,0.0,0.0,0.0,0.0,0.0,0.0,0.0,0.0,0.0,0.0,0.0,0.0,0.0,0.0,0.0,0.0,0.0,0.0,0.0,0.0,0.0,0.0,0.0,0.0,0.0,0.0,0.0,0.0,0.0,0.0,0.0,0.0,0.0,0.0,0.0,0.0,0.0,0.0,0.0,0.0,0.0,0.0,0.0,0.0,0.0,0.0,0.0,0.0,1.3333333333333333
1,91_1,91,0.7893333333333333,0.7133121492181541,0.6666666666666666,0.4714045207910317,6.0,4.898979485566356,6.0,4.898979485566356,0.0,0.0,0.0,0.0,0.6666666666666666,0.4714045207910317,4.0,3.741657386773941,4.333333333333333,3.6817870057290873,7.0,5.354126134736337,0.3333333333333333,0.4714045207910317,8.0,6.164414002968976,0.0,0.0,5.333333333333333,3.858612300930075,19.666666666666668,4.496912521077347,2.0,1.632993161855452,5.0,4.546060565661952,0.0,0.0,4.0,2.943920288775949,22.666666666666668,8.993825042154693,2.0,1.4142135623730951,0.3333333333333333,0.4714045207910317,1.0,0.816496580927726,0.0,0.0,-0.5737433862433862,4.011637890413342,7.902796170377033,2.184931056423775,28.72513227513227,84.84226242412957,79.55717000379077,24.46830722730138,-11.42201058201058,78.23475624388375,109.47224338637928,20.782745741211127,770.2415277777778,39.1602044200968,405.2877008128741,269.3649679012676,13.333333333333334
2,91_1,91,3.026333333333333,1.5132931712732407,1.3333333333333333,0.4714045207910317,5.0,4.08248290463863,0.0,0.0,3.0,4.242640687119285,0.0,0.0,0.3333333333333333,0.4714045207910317,2.0,2.8284271247461903,1.0,0.816496580927726,5.333333333333333,4.027681991198191,0.6666666666666666,0.9428090415820634,6.666666666666667,3.2998316455372216,0.0,0.0,2.0,0.816496580927726,19.33333333333333,5.436502143433363,2.6666666666666665,3.771236166328253,10.0,6.97614984548545,0.0,0.0,10.0,7.483314773547883,21.0,7.3484692283495345,1.6666666666666667,2.357022603955158,0.3333333333333333,0.4714045207910317,5.666666666666667,4.496912521077347,0.6666666666666666,0.9428090415820634,4.933518518518519,10.865564449642177,8.46877467664153,4.5193415411968,4.832962962962962,72.94632093483996,112.3214239767278,27.553543094011864,21.611666666666668,65.48649658658788,123.65570870861887,32.373259270673294,728.4413888888889,67.12332886509797,380.3378860577809,333.12133408541763,14.0
3,91_1,91,1.5073333333333334,1.0667237484726566,0.6666666666666666,0.4714045207910317,4.333333333333333,5.436502143433364,1.0,1.4142135623730951,0.3333333333333333,0.4714045207910317,0.0,0.0,0.0,0.0,0.3333333333333333,0.4714045207910317,7.666666666666667,10.842303978193728,10.333333333333334,13.912424503139473,0.0,0.0,11.333333333333334,13.224556283251582,0.0,0.0,8.333333333333334,11.08552609887726,27.0,2.943920288775949,1.6666666666666667,1.699673171197595,6.666666666666667,8.73053390247253,0.0,0.0,8.333333333333334,8.339997335464536,25.666666666666668,5.436502143433364,3.0,4.242640687119285,0.3333333333333333,0.4714045207910317,4.333333333333333,4.784233364802441,0.3333333333333333,0.4714045207910317,-1.0444708994708998,8.318084160722846,8.002165016457738,3.1226632102630867,66.51031746031747,115.57722500677298,78.63949132574224,33.360807377757155,16.091388888888897,112.60652400782786,99.53195930640686,28.12574439814502,981.5127182539682,551.4912448589124,165.0689725426419,62.20922847182536,13.666666666666666
4,91_1,91,2.150333333333333,0.9644004470251047,1.3333333333333333,0.4714045207910317,0.0,0.0,0.0,0.0,0.3333333333333333,0.4714045207910317,0.0,0.0,0.0,0.0,0.6666666666666666,0.9428090415820634,6.666666666666667,9.428090415820632,9.0,12.727922061357855,2.333333333333333,3.2998316455372216,8.333333333333334,11.785113019775793,0.0,0.0,6.666666666666667,9.428090415820632,29.33333333333333,0.9428090415820634,0.6666666666666666,0.9428090415820634,12.0,7.25718035235908,0.0,0.0,5.666666666666667,5.436502143433363,23.666666666666668,8.9566858950296,3.6666666666666665,5.185449728701348,0.0,0.0,6.333333333333333,6.944222218666553,1.3333333333333333,1.8856180831641267,0.1485185185185177,6.948321900220293,7.384764391983487,3.20270643947337,16.57092592592593,60.19115339297301,125.01141756073764,17.781289732109002,34.47888888888889,137.03784214002738,59.38899244166334,46.9210093599514,1011.5987962962962,590.7940391884064,282.6798341050359,135.57250407838208,5.333333333333333
5,91_1,91,4.402666666666667,0.0914779876375854,2.333333333333333,0.4714045207910317,14.0,19.79898987322333,0.0,0.0,4.666666666666667,6.599663291074443,3.333333333333333,4.714045207910316,0.0,0.0,0.3333333333333333,0.4714045207910317,2.0,2.8284271247461903,10.0,9.626352718795768,0.0,0.0,11.666666666666666,7.318166133366716,0.0,0.0,3.0,1.4142135623730951,25.0,6.377042156569663,2.6666666666666665,3.771236166328253,10.0,7.788880963698615,0.0,0.0,3.333333333333333,4.714045207910316,24.666666666666668,6.182412330330469,2.6666666666666665,1.8856180831641267,1.0,0.816496580927726,6.333333333333333,6.342099196813483,0.0,0.0,-5.683412698412699,17.234735252360185,7.616484527176915,1.9079017951199373,20.64575396825397,63.611098545360136,125.90447625284747,15.707352706290491,-23.40797619047619,90.92654220653094,116.98879520409848,18.781221254026907,1146.8941865079366,464.2024234716772,241.46903969156932,129.2283220619447,13.333333333333334
6,91_1,91,3.39,1.42610401677671,1.3333333333333333,0.4714045207910317,0.0,0.0,0.0,0.0,3.6666666666666665,5.185449728701348,1.0,1.4142135623730951,0.0,0.0,2.333333333333333,3.2998316455372216,2.333333333333333,2.0548046676563256,7.0,8.524474568362947,0.0,0.0,8.0,7.118052168020874,0.0,0.0,2.333333333333333,1.699673171197595,21.33333333333333,8.379870059984356,6.666666666666667,4.988876515698588,8.666666666666666,6.182412330330469,0.0,0.0,1.0,1.4142135623730951,24.666666666666668,6.847546194724712,2.0,2.160246899469287,0.6666666666666666,0.9428090415820634,2.0,1.632993161855452,0.0,0.0,-1.8916666666666664,20.31537914068132,7.546747395409523,2.5752754347242868,-49.65833333333334,105.92753899963182,103.30814075870892,25.161901171639983,-82.14537037037037,40.28428506395334,129.7733529266147,24.619441787103582,1151.8106481481482,424.49184740103686,140.74217599314986,84.43269456497485,13.333333333333334
7,91_1,91,1.2796666666666665,0.3826959919077051,1.0,0.0,23.666666666666668,20.49932248202906,0.3333333333333333,0.4714045207910317,1.3333333333333333,1.8856180831641267,0.0,0.0,0.0,0.0,1.0,1.4142135623730951,6.666666666666667,8.73053390247253,10.666666666666666,13.02134998974974,5.333333333333333,7.542472332656507,10.333333333333334,12.552113589175152,0.0,0.0,7.666666666666667,8.178562764256865,26.33333333333333,5.185449728701348,0.3333333333333333,0.4714045207910317,10.0,2.160246899469287,0.0,0.0,5.666666666666667,5.436502143433363,22.666666666666668,8.339997335464536,5.333333333333333,7.542472332656507,0.0,0.0,8.0,5.887840577551898,0.6666666666666666,0.9428090415820634,-1.1583333333333334,5.878991945588656,12.056968069873962,2.323691913784588,-3.672222222222222,106.36664105934209,101.93860434792686,30.49150259718052,-20.50277777777777,94.12186307136452,102.36828425547895,20.7124214358825,905.8416666666666,294.5972400261389,185.8703883704329,54.78870619536,3.0
8,91_1,91,0.0,0.0,0.0,0.0,19.0,19.61292091114087,4.666666666666667,5.9066817155564495,0.0,0.0,0.0,0.0,0.0,0.0,3.333333333333333,4.714045207910316,2.333333333333333,3.2998316455372216,10.0,14.142135623730953,1.0,1.4142135623730951,10.0,14.142135623730953,0.0,0.0,2.0,2.8284271247461903,30.0,0.0,0.0,0.0,9.0,10.03327796219494,0.0,0.0,3.333333333333333,4.714045207910316,28.0,2.8284271247461903,0.0,0.0,0.0,0.0,14.0,10.198039027185567,1.3333333333333333,1.8856180831641267,-6.041666666666667,8.02034161551923,5.63477459527008,4.157844602913919,5.38333333333333,127.3635175466344,87.67417137618902,60.39287498889718,34.80833333333333,127.70388509563256,101.81029139264398,33.81613488531712,972.1416666666664,380.79082299817793,161.1711221726392,159.78870757167738,3.6666666666666665
9,91_1,91,1.4576666666666669,1.1158393950544836,0.6666666666666666,0.4714045207910317,376.6666666666667,515.768897429416,4.333333333333333,4.784233364802441,0.3333333333333333,0.4714045207910317,0.0,0.0,0.0,0.0,2.6666666666666665,3.771236166328253,4.666666666666667,6.599663291074443,12.333333333333334,12.81492185782739,0.0,0.0,10.666666666666666,10.530379332620877,0.0,0.0,5.0,6.377042156569663,28.0,2.8284271247461903,0.0,0.0,9.0,10.03327796219494,0.0,0.0,5.666666666666667,4.496912521077348,27.0,2.943920288775949,1.3333333333333333,1.8856180831641267,0.3333333333333333,0.4714045207910317,4.333333333333333,4.027681991198191,1.6666666666666667,2.357022603955158,-2.611111111111111,8.662906057324221,8.90883330550067,4.322192330543542,3.577777777777778,63.841408806471854,142.89965860706178,17.840938813946238,-61.83333333333332,85.05004490821207,110.38419257489386,50.36132391285415,1222.0305555555558,660.7824513244848,216.29877377073865,56.39891606931263,10.333333333333334
10,91_1,91,4.416666666666667,3.109437819856759,1.3333333333333333,0.4714045207910317,1.3333333333333333,1.8856180831641267,1.0,1.4142135623730951,0.6666666666666666,0.9428090415820634,0.0,0.0,0.0,0.0,1.3333333333333333,1.8856180831641267,7.0,6.164414002968976,14.666666666666666,10.338708279513884,0.6666666666666666,0.4714045207910317,12.333333333333334,12.229290885229426,0.0,0.0,8.333333333333334,6.944222218666553,28.0,2.160246899469287,0.6666666666666666,0.4714045207910317,3.333333333333333,4.714045207910316,0.0,0.0,4.0,3.741657386773941,25.33333333333333,3.681787005729087,4.0,2.8284271247461903,1.0,1.4142135623730951,2.333333333333333,3.2998316455372216,3.333333333333333,4.714045207910316,-4.924074074074073,7.746962876730666,10.072262399707872,3.795378702184381,48.43685185185185,56.71216174853542,131.84901728923808,5.448499136986196,-11.623703703703706,108.83681293128618,107.69866602185806,34.36084074676009,1334.004074074074,783.7713450447706,356.86315071774817,150.10026210273568,13.666666666666666
11,91_1,91,5.251,1.99801701694455,1.6666666666666667,0.4714045207910317,0.0,0.0,0.0,0.0,2.0,2.8284271247461903,0.3333333333333333,0.4714045207910317,0.0,0.0,0.0,0.0,2.6666666666666665,3.771236166328253,4.0,3.741657386773941,0.0,0.0,4.333333333333333,3.2998316455372216,0.0,0.0,2.6666666666666665,3.771236166328253,21.0,5.354126134736337,3.0,1.632993161855452,8.666666666666666,10.143416036468626,0.0,0.0,5.0,5.0990195135927845,20.33333333333333,7.760297817881877,3.0,3.559026084010437,2.0,2.160246899469287,0.3333333333333333,0.4714045207910317,0.3333333333333333,0.4714045207910317,-0.0694444444444446,5.880981326107463,8.5302395575431,1.332478593463338,39.27722222222222,31.539516962802608,128.10449012877137,22.753070337285106,33.02777777777778,64.12067772355806,117.92318841790934,23.37445412360405,864.4399999999999,145.72235759567138,460.9946470824539,446.9861388383744,13.333333333333334
12,91_1,91,1.7286666666666666,0.1762296481551526,1.0,0.0,76.66666666666667,107.71670663777688,0.3333333333333333,0.4714045207910317,0.0,0.0,0.0,0.0,0.0,0.0,1.0,1.4142135623730951,2.0,2.8284271247461903,4.333333333333333,6.128258770283412,0.3333333333333333,0.4714045207910317,4.666666666666667,6.599663291074443,0.0,0.0,2.6666666666666665,3.771236166328253,23.666666666666668,4.496912521077347,1.6666666666666667,2.357022603955158,0.6666666666666666,0.9428090415820634,0.0,0.0,3.6666666666666665,2.6246692913372702,26.33333333333333,4.496912521077348,0.6666666666666666,0.4714045207910317,0.0,0.0,0.3333333333333333,0.4714045207910317,0.6666666666666666,0.9428090415820634,-2.8848941798941787,6.894764058441213,9.703650027937822,4.080367701176852,103.43645502645502,60.47493354719907,73.56529768528546,43.52530953273471,5.422486772486773,117.49024170978694,81.94166167799247,28.64408074873216,1123.5734656084658,486.9989252586394,431.80025278200543,342.5348075479799,13.666666666666666
13,91_1,91,4.299333333333333,2.088106372343665,1.6666666666666667,0.4714045207910317,2.0,2.8284271247461903,1.3333333333333333,1.8856180831641267,2.333333333333333,3.2998316455372216,0.3333333333333333,0.4714045207910317,0.6666666666666666,0.9428090415820634,1.3333333333333333,1.8856180831641267,1.3333333333333333,1.247219128924647,8.333333333333334,6.128258770283412,0.0,0.0,7.0,2.449489742783178,0.0,0.0,1.3333333333333333,1.247219128924647,22.33333333333333,5.557777333511022,5.333333333333333,2.357022603955158,5.666666666666667,3.858612300930075,0.0,0.0,2.0,2.160246899469287,27.0,2.943920288775949,0.3333333333333333,0.4714045207910317,0.3333333333333333,0.4714045207910317,0.0,0.0,0.0,0.0,-1.3940476190476188,13.858123874345493,9.385630262919571,4.607915097754731,51.91944444444445,100.64721490078078,95.10307564107048,37.09810353665308,14.83769841269841,71.53699156692612,137.08078467122985,15.92998152870696,1252.4496031746032,609.651713169918,265.6494736039808,44.12507389559666,13.333333333333334
14,91_1,91,0.6896666666666667,0.9753359535166444,0.3333333333333333,0.4714045207910317,0.0,0.0,0.0,0.0,0.0,0.0,0.0,0.0,0.0,0.0,1.3333333333333333,1.8856180831641267,1.0,1.4142135623730951,7.666666666666667,9.46337971105226,0.6666666666666666,0.9428090415820634,5.666666666666667,6.018490028422596,0.0,0.0,1.3333333333333333,1.8856180831641267,26.33333333333333,2.867441755680876,1.0,0.816496580927726,6.333333333333333,4.027681991198191,0.0,0.0,8.0,6.164414002968976,29.0,0.816496580927726,1.3333333333333333,1.247219128924647,0.3333333333333333,0.4714045207910317,3.333333333333333,0.4714045207910317,0.6666666666666666,0.9428090415820634,-7.294814814814814,12.91767671346227,9.730714308057133,0.4685654508402879,51.0224074074074,52.933235124324526,139.3056217946163,13.017250848231551,22.2825925925926,100.7585249488242,118.53906743357965,24.10417935863796,1155.163518518519,483.4756367770904,200.7031324369784,30.0347770767236,6.333333333333333
15,91_1,91,2.780333333333333,1.1508768637676037,1.3333333333333333,0.4714045207910317,0.0,0.0,0.0,0.0,1.0,1.4142135623730951,0.0,0.0,0.3333333333333333,0.4714045207910317,1.3333333333333333,1.247219128924647,0.0,0.0,3.333333333333333,4.714045207910316,0.6666666666666666,0.9428090415820634,3.333333333333333,2.494438257849294,0.0,0.0,1.0,1.4142135623730951,22.666666666666668,6.128258770283411,0.0,0.0,3.6666666666666665,2.0548046676563256,0.0,0.0,4.666666666666667,3.6817870057290873,28.33333333333333,2.3570226039551585,1.3333333333333333,1.8856180831641267,0.6666666666666666,0.9428090415820634,1.3333333333333333,1.247219128924647,0.0,0.0,-5.957552910052911,13.420103338525752,7.0661292695306805,2.3182807617069545,50.382447089947085,19.617054694937973,135.51806640009826,9.788887624415649,61.20588624338624,55.402632296811056,119.95852480383851,25.751432803382944,1137.0578108465609,608.5809188113661,151.73904129087526,37.614418947385225,0.3333333333333333
16,91_1,91,0.302,0.4270924958366747,0.3333333333333333,0.4714045207910317,0.0,0.0,0.0,0.0,1.0,1.4142135623730951,0.0,0.0,0.0,0.0,7.333333333333333,9.67241208569794,1.0,1.4142135623730951,1.6666666666666667,2.357022603955158,1.0,1.4142135623730951,3.333333333333333,1.699673171197595,0.0,0.0,1.0,1.4142135623730951,15.666666666666666,7.363574011458175,1.6666666666666667,0.4714045207910317,3.333333333333333,0.9428090415820634,0.0,0.0,7.666666666666667,8.178562764256865,19.33333333333333,11.728408057172787,1.3333333333333333,0.9428090415820634,0.0,0.0,1.0,1.4142135623730951,0.0,0.0,0.4312037037037037,2.6859165957887834,7.46503426801529,1.893525498798529,31.0525,95.73551654553675,81.19621270380837,34.20349417496764,38.48018518518519,55.788231712427056,111.2700161898777,37.55547306156612,670.6132407407407,206.4750659445524,363.9607786207345,318.6073746927924,13.666666666666666
17,91_1,91,1.638,1.1633205347911069,1.0,0.816496580927726,1.0,0.816496580927726,0.3333333333333333,0.4714045207910317,1.3333333333333333,1.8856180831641267,0.0,0.0,0.0,0.0,1.0,1.4142135623730951,5.333333333333333,3.299831645537222,8.666666666666666,5.2493385826745405,0.3333333333333333,0.4714045207910317,9.0,4.320493798938574,0.0,0.0,5.666666666666667,3.771236166328253,19.666666666666668,4.496912521077347,6.666666666666667,3.2998316455372216,8.333333333333334,6.548960901462833,0.0,0.0,9.666666666666666,7.133644853010899,22.0,6.97614984548545,2.0,1.632993161855452,0.3333333333333333,0.4714045207910317,0.3333333333333333,0.4714045207910317,1.6666666666666667,2.357022603955158,5.991111111111111,5.441692671936047,7.326325232511462,1.327664781731835,36.027142857142856,68.59412548835151,115.39230792725384,24.007903365735743,-17.943412698412686,105.07015039225816,92.36963273814008,24.24163504794356,859.7132142857141,146.64271679803704,397.1434274684689,366.7917054480711,13.333333333333334
18,91_1,91,4.998333333333333,1.7304165843968196,1.0,0.0,32.333333333333336,45.726238516730064,0.0,0.0,1.6666666666666667,2.357022603955158,0.0,0.0,0.3333333333333333,0.4714045207910317,2.333333333333333,3.2998316455372216,1.3333333333333333,1.8856180831641267,6.0,8.48528137423857,1.3333333333333333,1.8856180831641267,5.666666666666667,8.013876853447538,0.0,0.0,1.3333333333333333,1.8856180831641267,22.666666666666668,8.993825042154693,4.0,4.96655480858378,10.0,7.25718035235908,0.0,0.0,6.666666666666667,6.236095644623235,28.0,2.8284271247461903,1.0,1.4142135623730951,0.0,0.0,5.666666666666667,4.642796092394707,2.0,2.8284271247461903,-6.253148148148148,18.87899981511744,8.385589710159318,3.837676756550412,65.13472222222222,77.08763293814496,96.00043074455596,55.90492054023255,-4.623148148148151,83.8819181655398,119.25060971854822,10.106601353119252,1058.7148148148146,526.0758647621593,124.0066200025435,30.05035522623257,4.666666666666666
19,91_1,91,2.095,2.0801443860142657,1.0,0.816496580927726,0.3333333333333333,0.4714045207910317,0.0,0.0,1.0,1.4142135623730951,0.3333333333333333,0.4714045207910317,1.6666666666666667,1.699673171197595,3.333333333333333,4.714045207910316,1.0,1.4142135623730951,6.333333333333333,8.259674462242579,0.0,0.0,6.666666666666667,7.408703590297622,0.0,0.0,0.3333333333333333,0.4714045207910317,18.0,6.531972647421808,3.333333333333333,2.3570226039551585,5.0,1.632993161855452,0.0,0.0,4.333333333333333,4.189935029992179,26.0,4.320493798938574,0.3333333333333333,0.4714045207910317,0.0,0.0,3.0,0.816496580927726,1.3333333333333333,1.8856180831641267,-2.97186507936508,11.51381033880134,7.661335319659959,2.555463173572339,76.55657407407408,48.1269459124164,102.5181765360708,41.2728086462664,-11.349629629629632,75.09590874716422,125.4828718022763,13.579657652126556,1063.0442460317458,434.1084493431998,311.5781051078976,173.4366639560073,13.333333333333334
20,91_1,91,4.25,0.8759969558546803,1.3333333333333333,0.4714045207910317,18.0,24.752104287649296,1.0,0.816496580927726,0.3333333333333333,0.4714045207910317,0.0,0.0,1.0,1.4142135623730951,0.6666666666666666,0.9428090415820634,5.333333333333333,7.542472332656507,5.666666666666667,7.318166133366716,0.3333333333333333,0.4714045207910317,4.0,4.96655480858378,0.0,0.0,5.333333333333333,7.542472332656507,24.0,2.943920288775949,1.6666666666666667,1.247219128924647,6.0,5.0990195135927845,0.0,0.0,4.666666666666667,3.6817870057290873,25.33333333333333,3.299831645537222,0.3333333333333333,0.4714045207910317,0.0,0.0,3.0,2.943920288775949,0.3333333333333333,0.4714045207910317,-1.905555555555556,5.119499457110824,7.826595338816617,5.261346454428288,34.77518518518519,39.99842616588308,132.2344688559572,7.091871389028487,2.678703703703704,42.686112788185646,126.58899053505772,6.740301942340095,1138.1165740740742,646.4252332247779,345.60280477056614,176.38997185310842,14.0
21,91_1,91,4.320333333333333,2.081801516849182,1.6666666666666667,0.4714045207910317,0.6666666666666666,0.9428090415820634,2.0,2.8284271247461903,0.6666666666666666,0.9428090415820634,0.6666666666666666,0.9428090415820634,0.3333333333333333,0.4714045207910317,1.6666666666666667,2.357022603955158,4.333333333333333,6.128258770283412,5.0,7.071067811865476,0.0,0.0,4.333333333333333,5.436502143433364,0.0,0.0,3.333333333333333,4.714045207910316,25.33333333333333,3.681787005729087,3.0,1.4142135623730951,5.0,2.8284271247461903,0.0,0.0,1.3333333333333333,1.8856180831641267,27.666666666666668,1.699673171197595,0.3333333333333333,0.4714045207910317,0.0,0.0,2.0,2.160246899469287,0.3333333333333333,0.4714045207910317,-5.651851851851852,9.968771798957896,10.54450844960301,2.414906339013916,-39.3074074074074,84.92289241444657,119.35436416296288,4.541875248093207,1.1666666666666714,95.04288530077513,121.56816679419218,23.027940049356417,1177.2435185185186,499.9752959204869,201.96094438208897,36.58019329172265,12.333333333333334
22,91_1,91,4.163666666666667,3.3917543477609864,0.6666666666666666,0.4714045207910317,36.66666666666666,38.58612300930075,0.0,0.0,0.0,0.0,0.0,0.0,0.0,0.0,3.333333333333333,4.714045207910316,1.0,1.4142135623730951,4.0,5.656854249492381,0.0,0.0,3.6666666666666665,4.496912521077348,0.0,0.0,0.3333333333333333,0.4714045207910317,25.666666666666668,3.6817870057290873,0.6666666666666666,0.4714045207910317,5.0,3.559026084010437,0.0,0.0,5.333333333333333,5.557777333511022,28.0,2.8284271247461903,0.6666666666666666,0.9428090415820634,0.0,0.0,4.0,4.96655480858378,0.0,0.0,-5.406031746031746,8.90338574871242,7.430419649810646,1.953074730402748,40.12777777777778,62.12378485782823,131.3346405775492,22.05299657012566,-19.20928571428572,114.92365633848232,107.7134227098306,22.118320689020752,1203.3241666666663,509.3571343483608,187.6015173726356,91.9865136306421,14.0
23,91_1,91,0.7326666666666667,1.0361471366986874,0.3333333333333333,0.4714045207910317,35.0,49.49747468305833,0.0,0.0,1.3333333333333333,1.8856180831641267,0.0,0.0,0.3333333333333333,0.4714045207910317,0.0,0.0,6.0,8.48528137423857,13.0,10.424330514074594,0.0,0.0,11.666666666666666,9.46337971105226,0.0,0.0,6.0,7.788880963698615,27.33333333333333,3.0912061651652345,1.0,0.816496580927726,8.0,4.546060565661952,0.0,0.0,8.0,9.93310961716756,22.0,1.632993161855452,5.0,3.741657386773941,3.333333333333333,4.714045207910316,3.333333333333333,4.714045207910316,2.0,2.8284271247461903,-0.5412037037037036,6.758824852859583,9.487268588391103,3.7611843890557175,14.6280291005291,116.29798066480213,89.18694176847993,39.24983253794818,-6.1858465608465565,119.35200813915029,96.95200748111851,38.9802272680921,1415.5271891534392,596.4388605254541,495.3849719690911,189.71277081738825,13.666666666666666
24,91_1,91,1.0663333333333334,1.5080230620105102,0.3333333333333333,0.4714045207910317,0.0,0.0,0.0,0.0,0.0,0.0,0.0,0.0,0.3333333333333333,0.4714045207910317,1.3333333333333333,1.8856180831641267,3.6666666666666665,5.185449728701348,7.333333333333333,7.717224601860151,1.3333333333333333,1.247219128924647,8.333333333333334,6.944222218666553,0.0,0.0,5.0,7.071067811865476,26.33333333333333,3.858612300930076,1.3333333333333333,1.247219128924647,7.666666666666667,7.586537784494028,0.0,0.0,4.333333333333333,5.436502143433364,28.33333333333333,1.247219128924647,0.0,0.0,0.0,0.0,0.6666666666666666,0.4714045207910317,0.0,0.0,-4.817195767195766,10.48995123146692,14.70773630050131,4.97822676232662,-11.009179894179894,81.72250597009968,127.77177724419914,20.24372611295952,-7.144775132275129,115.12478105659372,83.73328757459966,24.90209269461743,1280.1625925925923,629.1505011769361,318.21458687508834,90.9621490746866,9.666666666666668
25,91_1,91,3.889333333333333,2.0773780482992388,1.6666666666666667,0.4714045207910317,0.0,0.0,0.0,0.0,2.6666666666666665,3.771236166328253,2.0,2.8284271247461903,0.0,0.0,0.6666666666666666,0.9428090415820634,3.333333333333333,4.714045207910316,5.0,7.071067811865476,1.0,1.4142135623730951,5.333333333333333,5.557777333511022,0.0,0.0,3.333333333333333,4.714045207910316,21.0,6.377042156569663,4.333333333333333,3.2998316455372216,7.333333333333333,8.339997335464536,0.0,0.0,7.666666666666667,7.039570693980958,21.0,8.286535263104035,0.3333333333333333,0.4714045207910317,0.0,0.0,1.3333333333333333,1.8856180831641267,1.0,1.4142135623730951,-0.0905158730158728,9.13441487212287,7.174572714101721,2.782499657964482,42.70525132275133,83.37184699591828,98.36093010731167,33.583010891817764,38.133240740740746,73.16005706046997,112.89617568426304,23.796719278169835,965.0691534391534,126.0987069135672,406.647479763816,333.3690771298667,4.666666666666666
26,91_1,91,2.396333333333333,1.269027536694492,1.0,0.0,0.0,0.0,0.0,0.0,2.333333333333333,3.2998316455372216,0.0,0.0,0.0,0.0,0.3333333333333333,0.4714045207910317,4.0,5.656854249492381,5.666666666666667,8.013876853447538,0.0,0.0,6.666666666666667,8.73053390247253,0.0,0.0,4.666666666666667,6.599663291074443,22.0,7.25718035235908,3.6666666666666665,2.494438257849294,5.333333333333333,3.771236166328253,0.0,0.0,4.333333333333333,3.0912061651652345,23.33333333333333,7.318166133366716,3.333333333333333,3.39934634239519,0.0,0.0,1.6666666666666667,1.699673171197595,1.0,0.0,1.4445767195767203,9.549360150423423,10.3558866539127,1.4183305800864745,49.27507936507936,85.00320885640502,110.44148458574703,28.687449391711645,-72.70044973544974,73.29194978879794,100.90341386253624,19.8872744498428,1294.8647883597882,783.6498038193487,358.6843578387954,218.80214717677296,13.333333333333334
27,91_1,91,3.0370000000000004,2.451349152337681,1.3333333333333333,0.4714045207910317,149.33333333333334,211.18922531438216,0.0,0.0,5.0,7.071067811865476,0.0,0.0,1.0,0.816496580927726,3.6666666666666665,4.496912521077348,4.333333333333333,6.128258770283412,7.666666666666667,10.842303978193728,1.6666666666666667,2.357022603955158,6.0,8.48528137423857,0.0,0.0,5.0,7.071067811865476,19.666666666666668,8.9566858950296,2.333333333333333,2.0548046676563256,9.0,6.97614984548545,0.0,0.0,3.6666666666666665,2.6246692913372702,25.33333333333333,2.6246692913372702,0.0,0.0,0.0,0.0,2.0,1.632993161855452,1.6666666666666667,2.357022603955158,-0.3990740740740734,18.36407360161524,9.047481493999197,4.316663677307385,-17.673148148148147,82.05380098970865,112.5964257241174,15.181398660367352,-23.4462962962963,58.09392150394434,117.81800779962477,19.870874214211664,1117.4587962962962,561.8363701688993,357.4395516781912,358.4209517141872,11.333333333333334
28,91_1,91,3.040666666666666,0.6062630525513565,1.3333333333333333,0.4714045207910317,0.0,0.0,0.0,0.0,0.6666666666666666,0.9428090415820634,0.0,0.0,0.3333333333333333,0.4714045207910317,4.666666666666667,4.642796092394707,3.333333333333333,4.714045207910316,8.333333333333334,8.9566858950296,0.0,0.0,11.333333333333334,4.027681991198191,0.0,0.0,4.666666666666667,5.2493385826745405,23.0,7.788880963698615,2.6666666666666665,3.091206165165235,6.0,4.898979485566356,0.0,0.0,4.666666666666667,6.599663291074443,26.0,3.741657386773941,1.0,0.816496580927726,0.0,0.0,1.3333333333333333,1.8856180831641267,1.0,1.4142135623730951,-0.8083333333333327,16.224163221017662,8.920660843551532,3.488244799464782,59.128518518518526,20.25245389965068,120.38491035499982,30.021163868379134,-8.764444444444445,72.82277111876228,97.51380289283549,32.416977340011684,1243.8662037037036,889.4644259851099,329.4788133491822,114.31409070392142,14.0
29,91_1,91,1.4720000000000002,1.047946881605488,0.6666666666666666,0.4714045207910317,0.0,0.0,0.0,0.0,0.6666666666666666,0.9428090415820634,0.0,0.0,0.3333333333333333,0.4714045207910317,0.0,0.0,5.666666666666667,8.013876853447538,8.333333333333334,11.08552609887726,2.333333333333333,3.2998316455372216,9.333333333333334,8.993825042154695,0.0,0.0,6.333333333333333,8.259674462242579,22.0,9.93310961716756,3.333333333333333,2.867441755680876,2.6666666666666665,3.091206165165235,0.0,0.0,1.3333333333333333,1.8856180831641267,21.33333333333333,6.182412330330469,5.333333333333333,3.858612300930076,1.3333333333333333,1.8856180831641267,1.6666666666666667,2.357022603955158,0.0,0.0,-4.36388888888889,8.62204174830214,13.0361475951129,4.315440315554745,21.73888888888889,31.92253121184461,124.3354658566588,14.138615334682376,5.3287037037037095,53.71847349579838,112.46860306347509,14.21050748551074,1135.5472222222222,505.9141557034165,361.1926435821079,199.6749556962569,14.0
30,91_1,91,2.705,2.35827323833916,1.0,0.816496580927726,0.0,0.0,0.0,0.0,2.333333333333333,3.2998316455372216,0.0,0.0,0.0,0.0,0.0,0.0,5.666666666666667,8.013876853447538,10.333333333333334,11.2644968324772,0.3333333333333333,0.4714045207910317,13.666666666666666,9.843215373488936,0.0,0.0,9.0,8.286535263104035,25.33333333333333,5.90668171555645,6.0,4.320493798938574,4.333333333333333,3.39934634239519,0.0,0.0,1.6666666666666667,2.357022603955158,27.0,2.943920288775949,1.0,0.816496580927726,0.0,0.0,0.6666666666666666,0.4714045207910317,4.666666666666667,5.9066817155564495,-1.169497354497354,14.406833027944613,9.919478040391398,5.992270738534068,80.4777380952381,38.63489568337452,100.45875495682736,30.240371574160665,-2.8473544973544995,75.12891820342631,102.71209576076475,40.87109650979699,1095.640548941799,744.6608724532244,278.5674255129392,156.68088858951475,12.0
31,91_1,91,0.4123333333333334,0.5831273922185062,0.3333333333333333,0.4714045207910317,0.0,0.0,0.0,0.0,0.6666666666666666,0.9428090415820634,0.0,0.0,1.0,0.816496580927726,0.0,0.0,5.0,7.071067811865476,11.333333333333334,8.576453553512405,0.3333333333333333,0.4714045207910317,11.666666666666666,9.809292646374772,0.0,0.0,8.0,7.483314773547883,25.33333333333333,5.2493385826745405,4.333333333333333,2.494438257849294,9.666666666666666,4.784233364802441,0.0,0.0,5.666666666666667,8.013876853447538,20.666666666666668,8.219218670625303,2.333333333333333,2.6246692913372702,0.0,0.0,2.6666666666666665,3.771236166328253,0.3333333333333333,0.4714045207910317,-0.5175,6.872149341659717,11.05288897025092,0.7093178088122291,54.78888888888889,95.06256451852909,65.93191337555625,45.11942242670699,45.72083333333334,91.73000860768884,103.85838919807908,15.188294222024428,1136.1407870370372,705.5789456785689,349.97843244721656,292.6815940070532,10.666666666666666
32,91_1,91,1.063,0.7537935172622982,0.6666666666666666,0.4714045207910317,0.0,0.0,0.0,0.0,1.3333333333333333,1.8856180831641267,0.0,0.0,0.0,0.0,2.6666666666666665,3.771236166328253,4.0,5.656854249492381,8.0,7.25718035235908,1.6666666666666667,2.357022603955158,5.666666666666667,4.9216076867444665,0.0,0.0,4.0,5.656854249492381,25.0,3.559026084010437,4.666666666666667,4.109609335312651,9.333333333333334,5.557777333511022,0.0,0.0,4.666666666666667,3.6817870057290873,25.0,5.0990195135927845,1.0,0.816496580927726,0.3333333333333333,0.4714045207910317,7.666666666666667,5.792715732327589,1.6666666666666667,2.357022603955158,0.6842063492063492,9.18231544155551,10.244073470827828,4.08706460945539,-0.2167063492063429,120.84490367156322,66.79098921685348,47.71618433584057,70.09757936507937,73.20127212388405,110.73816793336243,33.34646290900883,884.686626984127,305.4911996350048,378.7481541803427,300.6866888548714,11.666666666666666
33,91_1,91,2.4656666666666665,1.42304868348049,1.3333333333333333,0.4714045207910317,0.0,0.0,0.0,0.0,2.0,2.8284271247461903,1.3333333333333333,1.8856180831641267,0.3333333333333333,0.4714045207910317,0.3333333333333333,0.4714045207910317,7.666666666666667,2.357022603955158,8.666666666666666,3.858612300930075,1.0,1.4142135623730951,12.0,2.160246899469287,0.0,0.0,10.333333333333334,2.494438257849294,21.33333333333333,7.039570693980958,3.0,2.160246899469287,7.0,3.741657386773941,0.0,0.0,4.0,5.656854249492381,22.33333333333333,5.792715732327588,2.6666666666666665,3.771236166328253,0.6666666666666666,0.9428090415820634,1.3333333333333333,1.247219128924647,0.0,0.0,-2.832380952380953,13.521212678241897,14.013899227419309,3.184922716179288,42.87330687830687,91.05968675802995,91.28509486521408,26.602949597574,-4.771111111111115,70.68538151468479,110.8886601164146,11.65719178192585,999.0231481481482,293.64267307614404,535.6091151648926,219.76734633151884,13.333333333333334
34,91_1,91,3.9506666666666654,2.142392639602326,1.3333333333333333,0.4714045207910317,0.0,0.0,0.0,0.0,4.333333333333333,6.128258770283412,1.3333333333333333,1.8856180831641267,0.6666666666666666,0.9428090415820634,0.3333333333333333,0.4714045207910317,7.333333333333333,6.944222218666553,12.333333333333334,4.027681991198191,2.333333333333333,3.2998316455372216,13.666666666666666,2.494438257849294,0.0,0.0,13.0,5.887840577551898,26.33333333333333,5.185449728701348,5.0,7.071067811865476,7.666666666666667,9.46337971105226,0.0,0.0,1.0,1.4142135623730951,16.333333333333332,8.379870059984357,7.333333333333333,4.496912521077348,4.0,3.265986323710904,0.6666666666666666,0.9428090415820634,1.0,1.4142135623730951,-3.899999999999999,24.431664904381773,12.191515905241488,8.235551046733603,19.77777777777777,89.2840010276543,107.60577554746622,3.9125314262830657,28.1,39.47927902358682,136.4318263524913,17.656206252611806,1563.6416666666669,1024.593353143361,536.087819517024,279.4804768105646,11.333333333333334
35,91_1,91,2.933666666666667,0.1963098457937238,1.0,0.0,0.0,0.0,0.0,0.0,2.0,2.8284271247461903,0.0,0.0,0.0,0.0,1.6666666666666667,1.247219128924647,1.3333333333333333,1.247219128924647,2.333333333333333,1.247219128924647,0.3333333333333333,0.4714045207910317,8.666666666666666,4.496912521077347,0.0,0.0,7.0,1.632993161855452,22.0,3.265986323710904,1.3333333333333333,0.9428090415820634,6.0,4.546060565661952,0.0,0.0,6.0,4.898979485566356,20.666666666666668,5.2493385826745405,6.666666666666667,5.9066817155564495,2.333333333333333,2.0548046676563256,1.0,1.4142135623730951,0.3333333333333333,0.4714045207910317,-1.0348809523809517,12.422486950644249,9.56563288703702,4.710459475772226,61.59095238095238,77.7427596772673,77.06771458915958,42.46263546790144,60.59678571428572,90.5915735809039,96.27953543384588,11.09165785855158,947.6403373015874,370.353246324003,489.7420938899016,432.3379437097379,14.0
36,91_1,91,2.923,3.0925990148525018,0.6666666666666666,0.4714045207910317,0.0,0.0,0.0,0.0,0.3333333333333333,0.4714045207910317,0.0,0.0,1.3333333333333333,1.8856180831641267,1.6666666666666667,0.4714045207910317,9.333333333333334,7.71722460186015,13.666666666666666,5.312459150169743,2.0,2.8284271247461903,14.666666666666666,4.988876515698588,0.0,0.0,12.0,5.887840577551898,21.666666666666668,2.6246692913372702,1.6666666666666667,0.4714045207910317,2.0,0.816496580927726,0.0,0.0,2.6666666666666665,1.8856180831641267,20.33333333333333,5.2493385826745405,7.666666666666667,0.4714045207910317,1.3333333333333333,1.8856180831641267,0.0,0.0,1.6666666666666667,2.357022603955158,-3.992116402116402,9.541634290991809,11.051573575874448,5.188446787384721,73.3032275132275,52.39071113686352,104.2580007897588,36.61125416960018,66.12538359788361,72.54636790328382,108.34867071114986,25.793938760014427,1336.931646825397,856.7553183870972,445.48742792652,291.9803620401981,14.0
37,91_1,91,4.216666666666666,3.3819030474308724,2.0,0.816496580927726,0.0,0.0,0.0,0.0,0.0,0.0,0.0,0.0,0.6666666666666666,0.9428090415820634,0.6666666666666666,0.9428090415820634,6.666666666666667,6.649979114420001,6.666666666666667,3.6817870057290873,3.0,4.242640687119285,8.0,2.8284271247461903,0.0,0.0,8.666666666666666,4.642796092394707,22.666666666666668,1.699673171197595,4.666666666666667,2.867441755680876,2.333333333333333,1.247219128924647,0.0,0.0,1.3333333333333333,1.247219128924647,21.33333333333333,7.586537784494028,3.6666666666666665,3.299831645537222,1.0,1.4142135623730951,1.3333333333333333,1.247219128924647,1.6666666666666667,2.357022603955158,-4.247777777777777,4.294304223670244,11.095703740807954,3.4813908959343323,56.67333333333334,80.36182932812669,99.98069541180944,41.91526437425364,9.032222222222222,107.39663201089664,97.90713206460362,35.40384704136982,1240.7083333333333,576.3365251747133,523.1590730669291,303.67129936652776,14.0
38,91_1,91,1.4613333333333334,2.066637419147883,0.3333333333333333,0.4714045207910317,0.0,0.0,0.0,0.0,3.333333333333333,4.714045207910316,0.0,0.0,0.3333333333333333,0.4714045207910317,1.0,1.4142135623730951,9.666666666666666,4.496912521077347,11.666666666666666,5.185449728701348,0.6666666666666666,0.9428090415820634,12.333333333333334,4.027681991198191,0.0,0.0,9.666666666666666,3.771236166328253,20.666666666666668,6.599663291074443,8.333333333333334,6.128258770283412,6.666666666666667,5.2493385826745405,0.0,0.0,3.333333333333333,2.867441755680876,16.666666666666668,8.498365855987975,8.333333333333334,2.494438257849294,2.6666666666666665,1.247219128924647,0.6666666666666666,0.9428090415820634,0.6666666666666666,0.9428090415820634,2.681111111111111,14.750899867926032,8.177404948968347,3.701580764003378,22.45777777777778,129.7405593891798,59.513952707205256,30.321747967938823,48.23722222222222,58.026310704288434,133.93437932125752,25.530895221858355,917.2533333333334,162.47748679233027,417.1138703450853,105.0933935641814,3.0
39,91_1,91,3.103666666666667,0.7236616766295024,1.3333333333333333,0.4714045207910317,0.0,0.0,0.0,0.0,1.6666666666666667,2.357022603955158,0.6666666666666666,0.9428090415820634,0.0,0.0,0.3333333333333333,0.4714045207910317,14.666666666666666,12.256517540566824,15.333333333333334,11.897712198383164,0.6666666666666666,0.9428090415820634,16.333333333333332,12.119772641798562,0.0,0.0,15.666666666666666,12.283683848458852,24.0,3.559026084010437,15.333333333333334,9.843215373488931,15.0,9.201449161228174,0.0,0.0,7.666666666666667,7.039570693980958,18.33333333333333,13.123346456686352,10.0,11.430952132988164,1.0,0.816496580927726,3.0,4.242640687119285,1.0,1.4142135623730951,7.6305555555555555,12.080268449106136,8.062376217995352,4.414964231332731,15.324444444444444,115.82996438212967,82.89156624650435,26.74130178445517,-18.84611111111111,120.57528969051089,81.2126804715085,30.573994094522902,828.9833333333335,206.4017674219565,162.73386376299246,70.29645105926102,4.333333333333334
40,91_1,91,0.0,0.0,0.0,0.0,0.0,0.0,0.0,0.0,0.6666666666666666,0.9428090415820634,0.0,0.0,0.3333333333333333,0.4714045207910317,4.0,3.265986323710904,8.333333333333334,8.498365855987974,6.0,5.887840577551898,0.3333333333333333,0.4714045207910317,8.333333333333334,4.784233364802441,0.0,0.0,10.333333333333334,8.259674462242577,14.0,3.741657386773941,13.0,6.97614984548545,7.333333333333333,1.247219128924647,0.0,0.0,3.6666666666666665,2.867441755680876,18.0,12.727922061357855,5.333333333333333,4.714045207910317,1.0,0.0,0.3333333333333333,0.4714045207910317,0.0,0.0,6.067301587301588,4.741161966948841,6.347578036402865,1.4271641017932126,55.88601851851852,99.80554520939152,71.29474977396544,17.52528862004876,-21.759629629629632,98.06046511298824,101.81181994202836,6.821805673238949,755.5074074074073,226.15841041071795,283.1930632470906,68.69685751684902,13.333333333333334
41,91_1,91,2.442333333333333,0.7238924106676505,1.6666666666666667,0.4714045207910317,0.0,0.0,0.0,0.0,1.6666666666666667,1.699673171197595,0.0,0.0,8.666666666666666,7.408703590297622,0.6666666666666666,0.4714045207910317,2.0,2.8284271247461903,3.0,4.242640687119285,0.0,0.0,3.0,4.242640687119285,0.0,0.0,2.0,2.8284271247461903,18.33333333333333,4.988876515698588,3.0,2.449489742783178,1.0,0.816496580927726,0.0,0.0,5.0,4.320493798938574,20.666666666666668,10.402991022884825,3.333333333333333,3.39934634239519,0.6666666666666666,0.9428090415820634,0.0,0.0,0.0,0.0,-1.1668518518518518,2.9693579252660323,6.754432906366212,2.921187537252716,-4.081666666666667,45.390839812553466,107.90092681509007,17.251371912885038,-0.7137037037037027,43.10307466221032,112.91370723913622,12.83429300661552,802.5602314814815,218.28340420115364,293.7940887748236,149.40555182136458,14.0
42,91_1,91,1.340666666666667,0.4585464958855196,1.0,0.0,0.0,0.0,0.0,0.0,1.6666666666666667,1.247219128924647,0.0,0.0,0.6666666666666666,0.9428090415820634,2.0,0.816496580927726,0.0,0.0,0.3333333333333333,0.4714045207910317,0.0,0.0,0.6666666666666666,0.4714045207910317,0.0,0.0,0.0,0.0,14.333333333333334,8.178562764256865,2.0,2.160246899469287,2.333333333333333,1.699673171197595,0.0,0.0,1.6666666666666667,0.9428090415820634,20.666666666666668,4.027681991198191,2.0,1.632993161855452,0.0,0.0,0.6666666666666666,0.9428090415820634,0.6666666666666666,0.9428090415820634,-0.992857142857143,8.089635984360015,7.733752764307089,1.5851692973277558,23.082671957671952,70.70350276261462,100.46393865677938,23.05935047937725,4.2788359788359855,73.37631014831351,110.56758445243037,20.68298396090204,630.1832671957671,171.96237461327584,333.7480916973232,70.6950409945039,14.0
43,91_1,91,6.360666666666666,5.117230131841074,1.6666666666666667,0.4714045207910317,141.0,199.4041122946064,0.0,0.0,5.333333333333333,3.858612300930076,0.6666666666666666,0.9428090415820634,0.6666666666666666,0.9428090415820634,1.0,0.816496580927726,1.6666666666666667,1.247219128924647,1.6666666666666667,2.357022603955158,0.0,0.0,4.0,2.160246899469287,0.0,0.0,2.0,1.632993161855452,12.0,12.96148139681572,5.666666666666667,6.64997911442,2.6666666666666665,3.091206165165235,0.0,0.0,1.3333333333333333,1.8856180831641267,19.33333333333333,6.944222218666553,5.333333333333333,4.714045207910317,0.6666666666666666,0.4714045207910317,0.6666666666666666,0.9428090415820634,0.0,0.0,-1.4050925925925928,8.292171361069688,7.332349397116608,0.8794444319756303,29.58981481481482,104.81646771861216,73.19065968980853,42.46579743710213,28.897685185185185,116.89042274252672,69.41175331039491,43.42783279713712,717.8770833333333,204.54381096032543,198.90502315073988,63.28634604566224,14.0
44,91_1,91,4.043333333333333,1.7577306075985846,1.0,0.0,0.3333333333333333,0.4714045207910317,0.3333333333333333,0.4714045207910317,2.333333333333333,2.0548046676563256,0.3333333333333333,0.4714045207910317,0.3333333333333333,0.4714045207910317,0.3333333333333333,0.4714045207910317,6.0,8.48528137423857,7.333333333333333,8.993825042154695,0.0,0.0,13.333333333333334,11.08552609887726,0.0,0.0,7.333333333333333,8.993825042154695,20.666666666666668,1.699673171197595,3.333333333333333,2.867441755680876,7.0,2.449489742783178,0.0,0.0,1.6666666666666667,2.357022603955158,16.333333333333332,10.143416036468626,12.333333333333334,10.49867716534908,6.333333333333333,6.18241233033047,1.0,1.4142135623730951,0.0,0.0,2.7032671957671965,5.9100500830413445,6.136321764908352,0.3813596663223593,0.4331613756613753,89.387140974639,97.08561810707565,31.610403737044777,49.522208994709,79.63535146094237,102.26659542912664,28.220268505555712,794.7821825396826,539.4859907252699,183.1035794269344,54.79633468590831,14.0
45,91_1,91,4.603666666666666,1.5681352691085748,3.0,0.816496580927726,0.0,0.0,0.0,0.0,0.0,0.0,0.0,0.0,1.0,0.816496580927726,0.6666666666666666,0.9428090415820634,0.0,0.0,1.3333333333333333,1.247219128924647,0.0,0.0,1.3333333333333333,0.9428090415820634,0.0,0.0,0.0,0.0,19.33333333333333,11.115554667022044,9.333333333333334,9.10433352249844,10.333333333333334,6.599663291074444,0.0,0.0,4.666666666666667,6.599663291074443,26.666666666666668,2.494438257849294,1.0,1.4142135623730951,0.3333333333333333,0.4714045207910317,1.6666666666666667,2.357022603955158,0.0,0.0,1.8104761904761904,4.964828271519978,7.058909468303045,2.199015723698011,-0.333412698412701,72.38132423419867,108.15148560417894,22.217148510795035,-51.87853174603174,51.29538777212325,114.0844645319292,16.35982545213979,588.9053571428572,223.9161883442911,92.64989716407412,21.900292344575487,14.0
46,91_1,91,6.3133333333333335,4.530085380603279,1.6666666666666667,0.4714045207910317,0.0,0.0,0.0,0.0,1.3333333333333333,1.8856180831641267,0.0,0.0,0.6666666666666666,0.9428090415820634,0.3333333333333333,0.4714045207910317,5.0,4.546060565661952,4.0,2.943920288775949,0.0,0.0,6.333333333333333,1.699673171197595,0.0,0.0,6.666666666666667,4.988876515698588,18.33333333333333,2.6246692913372702,8.333333333333334,4.921607686744467,6.666666666666667,4.784233364802441,0.0,0.0,3.0,2.449489742783178,18.666666666666668,6.847546194724712,3.6666666666666665,1.699673171197595,2.333333333333333,2.0548046676563256,0.3333333333333333,0.4714045207910317,0.6666666666666666,0.9428090415820634,2.417592592592592,10.76726323055188,9.138336171960994,2.1662233098142,40.46351851851852,72.28841141684792,105.1656918802118,42.026870647212206,29.644629629629623,70.19824973245903,119.35240598508923,18.15242576026575,895.3039351851852,574.5078309058092,287.3654012310245,193.453240998326,14.0
47,91_1,91,2.9190000000000005,1.8583978763081568,1.6666666666666667,0.4714045207910317,0.0,0.0,0.0,0.0,1.0,1.4142135623730951,0.3333333333333333,0.4714045207910317,0.0,0.0,0.0,0.0,11.666666666666666,7.039570693980959,13.0,8.04155872120988,3.333333333333333,3.2998316455372216,13.0,6.97614984548545,0.0,0.0,12.0,6.164414002968976,22.666666666666668,5.436502143433364,8.333333333333334,6.018490028422597,10.0,2.160246899469287,0.0,0.0,2.333333333333333,2.0548046676563256,16.0,3.741657386773941,6.333333333333333,0.4714045207910317,1.0,0.816496580927726,1.0,0.816496580927726,5.333333333333333,3.299831645537222,6.31728835978836,9.042746213813675,9.832512896642678,0.9782499073470704,15.917605820105829,89.82251723131743,104.30459914469776,42.15961963116095,-15.778822751322751,60.65405020144453,119.95769590639216,18.417435312114065,924.2016997354498,556.4938541958353,366.74624273563546,176.7779478139441,14.0
48,91_1,91,3.3349999999999995,2.9735961393571926,1.3333333333333333,0.9428090415820634,0.0,0.0,0.0,0.0,3.333333333333333,2.494438257849294,1.0,1.4142135623730951,0.3333333333333333,0.4714045207910317,0.0,0.0,4.666666666666667,3.0912061651652345,5.666666666666667,3.0912061651652345,0.6666666666666666,0.4714045207910317,11.333333333333334,5.312459150169743,0.0,0.0,7.333333333333333,4.784233364802441,22.666666666666668,5.436502143433364,3.0,1.632993161855452,5.0,3.741657386773941,0.0,0.0,2.0,1.632993161855452,22.666666666666668,5.557777333511022,5.333333333333333,2.6246692913372702,0.6666666666666666,0.4714045207910317,0.3333333333333333,0.4714045207910317,0.0,0.0,-7.370555555555555,16.230999223783765,7.510084501292661,1.206629928123682,28.59611111111111,93.8636067834337,94.12573093445496,57.73809159839767,-67.75888888888889,59.41946199335912,119.121205784415,29.48719328203752,1138.3694444444443,476.2552585538078,262.76551305980587,105.69082233812728,14.0
49,91_1,91,3.4126666666666665,1.5265063234574414,2.0,0.816496580927726,0.0,0.0,0.0,0.0,4.0,4.96655480858378,2.0,2.8284271247461903,0.3333333333333333,0.4714045207910317,1.0,1.4142135623730951,7.0,4.320493798938574,10.333333333333334,4.189935029992178,1.3333333333333333,0.9428090415820634,11.666666666666666,3.2998316455372216,0.0,0.0,8.0,5.0990195135927845,21.666666666666668,6.548960901462833,7.666666666666667,6.018490028422596,9.666666666666666,4.027681991198191,0.0,0.0,2.333333333333333,1.699673171197595,20.0,7.25718035235908,4.333333333333333,3.0912061651652345,1.6666666666666667,1.247219128924647,1.0,1.4142135623730951,1.0,0.816496580927726,-3.238888888888888,14.703965094700571,9.135777872494767,0.5340137536864984,50.989417989418,66.87551171056927,117.40483942909503,49.41148974626277,28.518518518518515,77.20029439315354,129.4032313219352,18.016556862462604,976.2124338624338,362.5157546939906,242.65446826138773,46.3147424451944,13.333333333333334
50,91_1,91,2.806,2.58117686337066,0.6666666666666666,0.4714045207910317,0.0,0.0,0.0,0.0,0.6666666666666666,0.9428090415820634,0.0,0.0,0.0,0.0,1.3333333333333333,1.8856180831641267,1.3333333333333333,1.8856180831641267,7.333333333333333,10.370899457402697,0.3333333333333333,0.4714045207910317,7.0,6.164414002968976,0.0,0.0,1.3333333333333333,1.247219128924647,23.666666666666668,5.312459150169742,2.6666666666666665,2.3570226039551585,9.0,2.160246899469287,0.0,0.0,6.333333333333333,4.496912521077348,29.33333333333333,0.4714045207910317,1.0,1.4142135623730951,0.3333333333333333,0.4714045207910317,2.333333333333333,1.699673171197595,2.6666666666666665,3.771236166328253,-5.486851851851853,9.22559878317355,8.58830042115008,2.338793565301121,26.79138888888889,81.87538365851115,105.54051880471116,53.56750198636253,62.13425925925926,77.34484779291856,114.379856062438,26.07286143229487,896.2410648148148,489.4075583353991,154.55091660275957,71.56964768365815,13.333333333333334
51,91_1,91,0.8536666666666667,1.207266977745832,0.3333333333333333,0.4714045207910317,0.0,0.0,0.0,0.0,7.333333333333333,10.370899457402697,3.0,4.242640687119285,0.0,0.0,0.0,0.0,1.6666666666666667,1.699673171197595,10.0,7.118052168020874,0.3333333333333333,0.4714045207910317,14.0,4.96655480858378,0.0,0.0,5.0,2.943920288775949,23.666666666666668,6.944222218666553,13.0,7.788880963698615,14.666666666666666,8.339997335464535,0.0,0.0,3.0,3.559026084010437,20.666666666666668,9.877021593352705,1.6666666666666667,1.247219128924647,0.0,0.0,3.6666666666666665,2.6246692913372702,0.0,0.0,-1.4433333333333327,15.04895240601546,10.255171465669532,0.8775602050122622,43.195,79.92152739244128,104.26521890161251,57.39717211861256,2.345555555555554,103.68237212518903,108.35695042698644,29.740817189959067,952.8283333333331,444.934909613817,140.81906550308247,33.22427744393999,13.333333333333334
52,91_1,91,0.0,0.0,0.0,0.0,0.0,0.0,0.0,0.0,3.0,4.242640687119285,2.0,2.8284271247461903,0.3333333333333333,0.4714045207910317,0.0,0.0,9.0,6.48074069840786,12.666666666666666,8.806563209081938,2.333333333333333,3.2998316455372216,17.666666666666668,5.2493385826745405,0.0,0.0,13.333333333333334,4.189935029992179,23.666666666666668,7.586537784494028,5.333333333333333,3.6817870057290873,5.666666666666667,4.027681991198191,0.0,0.0,2.6666666666666665,3.091206165165235,16.0,7.118052168020874,10.0,4.320493798938574,1.6666666666666667,1.247219128924647,1.3333333333333333,1.8856180831641267,1.0,1.4142135623730951,-7.782870370370371,17.681977348688513,8.349472771454844,1.8926361358284456,77.82037037037037,69.84363319890008,89.70343269027494,50.87714810786416,34.66435185185185,117.4518537551943,75.85118386402473,47.335185319261576,1407.3236111111112,880.8851875066766,493.01507693029134,342.82594005589186,14.0
53,91_1,91,0.6363333333333333,0.4627788048541357,0.6666666666666666,0.4714045207910317,0.0,0.0,0.0,0.0,1.6666666666666667,2.357022603955158,0.3333333333333333,0.4714045207910317,0.0,0.0,0.0,0.0,16.666666666666668,7.408703590297623,19.666666666666668,8.576453553512405,3.0,2.160246899469287,21.666666666666668,4.109609335312651,0.0,0.0,18.666666666666668,6.944222218666553,22.0,7.483314773547883,8.666666666666666,6.182412330330469,9.666666666666666,7.1336448530109,0.0,0.0,0.3333333333333333,0.4714045207910317,15.0,4.546060565661952,6.666666666666667,1.247219128924647,0.3333333333333333,0.4714045207910317,1.0,0.816496580927726,5.0,2.943920288775949,-1.6716666666666669,20.52916317682581,12.646579397378892,2.9065046637854546,9.40888888888889,100.31348465844952,110.1882798527918,25.94140148219855,-3.553888888888887,107.28975984353748,103.35950081968608,26.71318925400196,1335.8961111111112,768.1728946284298,346.930641119089,201.0718994226196,13.666666666666666
54,91_1,91,1.5326666666666668,1.1118202292736998,0.6666666666666666,0.4714045207910317,3.333333333333333,4.714045207910316,0.0,0.0,4.333333333333333,4.189935029992178,0.0,0.0,0.6666666666666666,0.9428090415820634,0.6666666666666666,0.9428090415820634,10.666666666666666,6.79869268479038,13.666666666666666,10.96458946893235,6.0,7.788880963698615,17.333333333333332,8.259674462242577,0.0,0.0,13.0,6.531972647421808,22.0,5.887840577551898,8.0,5.354126134736337,11.0,4.320493798938574,0.0,0.0,1.3333333333333333,0.9428090415820634,19.0,2.449489742783178,4.666666666666667,3.299831645537222,1.3333333333333333,1.8856180831641267,0.6666666666666666,0.4714045207910317,5.333333333333333,4.109609335312651,-4.670555555555556,14.595810937168933,12.057842532953217,4.495115572047059,-2.971111111111109,82.81872847002028,115.28148126495178,30.158489386756163,-1.1720370370370383,64.78645502890726,125.31384684246444,17.639777123630225,1102.9275925925926,606.7971947567213,268.5812205038712,104.40534066300188,9.0
55,91_1,91,1.688666666666667,0.5272711720631889,1.3333333333333333,0.4714045207910317,4.0,5.656854249492381,0.0,0.0,1.3333333333333333,1.8856180831641267,0.0,0.0,1.0,0.816496580927726,0.3333333333333333,0.4714045207910317,13.333333333333334,6.847546194724712,15.0,5.887840577551898,3.333333333333333,4.027681991198191,21.0,6.164414002968976,0.0,0.0,19.666666666666668,6.182412330330469,22.666666666666668,1.699673171197595,4.666666666666667,5.9066817155564495,3.6666666666666665,4.496912521077348,0.0,0.0,3.333333333333333,4.027681991198191,11.0,5.354126134736337,14.666666666666666,3.0912061651652345,5.333333333333333,4.784233364802441,0.3333333333333333,0.4714045207910317,2.333333333333333,2.6246692913372702,-6.149259259259257,9.705153803863848,15.287812531574938,6.0850600741830085,35.96933862433863,81.45643964262285,97.02958761391864,64.62166826025238,73.62444444444445,87.08957612215026,81.52460323399886,55.41679228843061,1364.1711772486774,722.8896370368187,436.3903630025932,253.76190474235148,14.0
56,91_1,91,1.1556666666666666,0.928344165107364,0.6666666666666666,0.4714045207910317,0.0,0.0,0.0,0.0,1.6666666666666667,2.357022603955158,1.0,1.4142135623730951,0.3333333333333333,0.4714045207910317,2.0,2.8284271247461903,2.333333333333333,3.2998316455372216,7.0,2.943920288775949,0.0,0.0,9.0,3.559026084010437,0.0,0.0,3.6666666666666665,2.494438257849294,19.0,5.887840577551898,5.666666666666667,6.599663291074443,6.333333333333333,5.312459150169743,0.0,0.0,3.333333333333333,4.714045207910316,21.0,4.320493798938574,4.666666666666667,4.642796092394706,1.0,0.816496580927726,0.6666666666666666,0.9428090415820634,0.3333333333333333,0.4714045207910317,-1.8331481481481475,10.827292620996529,10.610754215499234,3.92106153727384,36.38212962962963,59.95360219768327,98.32764794754728,36.10430167212497,22.95990740740741,66.28158103797533,99.994099011297,15.941349305412052,925.9157407407408,367.1899757202824,467.8408988234523,362.1617161069093,7.0
57,91_1,91,3.3880000000000003,2.4281862915902206,1.0,0.816496580927726,0.0,0.0,0.0,0.0,0.6666666666666666,0.9428090415820634,0.0,0.0,0.0,0.0,0.0,0.0,7.333333333333333,7.717224601860151,4.333333333333333,6.128258770283412,0.0,0.0,6.0,5.715476066494082,0.0,0.0,7.333333333333333,7.717224601860151,21.666666666666668,3.39934634239519,11.666666666666666,7.84573486395988,10.333333333333334,7.363574011458175,0.0,0.0,4.0,4.320493798938574,18.0,7.788880963698615,3.0,2.449489742783178,0.0,0.0,0.0,0.0,1.3333333333333333,1.8856180831641267,-2.100555555555556,0.9767406115352334,9.790394815301957,4.259524575280926,-19.93944444444444,78.24983820175491,110.41756186282946,12.30231378019672,43.61287037037038,79.75119446140768,94.15300515391294,26.55347116875061,821.9847685185185,322.80129801653777,379.6172905550701,350.8159879370394,13.333333333333334
58,91_1,91,4.747,2.3403465555340297,1.0,0.0,0.0,0.0,0.0,0.0,0.0,0.0,0.0,0.0,0.6666666666666666,0.9428090415820634,1.3333333333333333,1.8856180831641267,11.333333333333334,8.219218670625303,11.0,9.899494936611664,4.333333333333333,5.436502143433364,12.333333333333334,9.10433352249844,0.0,0.0,13.0,9.41629792788369,23.666666666666668,6.342099196813483,7.666666666666667,10.842303978193728,4.333333333333333,6.128258770283413,0.0,0.0,8.666666666666666,10.873004286866728,19.666666666666668,6.599663291074443,6.333333333333333,4.027681991198191,1.0,0.816496580927726,0.0,0.0,4.333333333333333,4.189935029992178,-7.06111111111111,11.694453681706564,11.086049759397753,6.593512579768428,24.850000000000005,100.29958550189454,114.42730156904774,5.347192762658048,71.20833333333333,98.93634387265828,77.76469681824949,49.74422829042764,1262.2652777777778,743.8181720572318,374.60176886688487,283.63700078914616,13.333333333333334
59,91_1,91,4.442333333333333,1.7102111630504058,1.0,0.0,0.0,0.0,0.0,0.0,5.0,7.071067811865476,1.3333333333333333,1.8856180831641267,0.0,0.0,0.3333333333333333,0.4714045207910317,7.0,5.354126134736337,8.333333333333334,4.496912521077348,1.6666666666666667,1.247219128924647,7.333333333333333,4.109609335312651,0.0,0.0,7.666666666666667,6.128258770283412,19.666666666666668,5.312459150169742,10.0,7.483314773547883,16.333333333333332,9.741092797468305,0.0,0.0,4.0,3.265986323710904,19.0,6.97614984548545,3.0,0.816496580927726,0.3333333333333333,0.4714045207910317,2.6666666666666665,3.771236166328253,1.3333333333333333,1.8856180831641267,-2.075,14.67215964057502,10.346230312689142,3.833222798181193,-17.96388888888889,81.3312913374507,115.6546221952552,8.705501084488981,40.38611111111111,46.97728437142339,117.8434612680116,14.4779334737711,1303.1555555555556,795.325247295306,339.747412583024,214.35574556030588,13.333333333333334
60,91_1,91,2.193,0.9560850729232556,1.3333333333333333,0.4714045207910317,0.3333333333333333,0.4714045207910317,0.0,0.0,0.3333333333333333,0.4714045207910317,0.0,0.0,0.0,0.0,0.0,0.0,4.333333333333333,6.128258770283412,5.666666666666667,4.496912521077348,1.6666666666666667,2.357022603955158,6.333333333333333,4.496912521077348,0.0,0.0,5.0,5.0990195135927845,22.666666666666668,5.792715732327588,1.6666666666666667,0.4714045207910317,7.333333333333333,3.39934634239519,0.0,0.0,1.0,0.816496580927726,19.33333333333333,12.283683848458852,3.6666666666666665,3.091206165165235,0.0,0.0,2.0,1.632993161855452,1.6666666666666667,2.357022603955158,0.4533333333333334,4.584217490477518,8.111975127992261,3.1608575788772986,-2.375370370370367,117.44457562129868,80.00704874598783,28.83907191217293,84.81481481481481,53.93402912447253,97.33215845499576,19.635374755997585,996.4535185185186,117.84016796502527,549.0629509758375,580.7992455954768,13.333333333333334
61,91_1,91,0.0,0.0,0.0,0.0,4.333333333333333,6.128258770283412,0.3333333333333333,0.4714045207910317,7.666666666666667,6.548960901462833,0.0,0.0,0.0,0.0,5.333333333333333,4.496912521077348,8.0,11.31370849898476,8.0,11.31370849898476,3.0,4.242640687119285,6.666666666666667,9.428090415820632,0.0,0.0,8.0,11.31370849898476,14.333333333333334,9.568466729604882,6.0,4.320493798938574,16.333333333333332,3.771236166328253,0.0,0.0,0.0,0.0,17.333333333333332,10.143416036468626,3.0,2.943920288775949,0.0,0.0,2.333333333333333,3.2998316455372216,2.6666666666666665,3.771236166328253,6.662962962962962,4.988829772258284,5.488486168921999,0.5325486371385859,-1.4703703703703703,43.80665939174627,132.93923586496138,4.200742726097941,-8.139814814814818,90.65077504422104,111.53270147481174,33.793414268521936,906.3592592592591,322.7742164142099,470.5206416885208,185.02546404084745,12.0
1,91_2,91,1.653,1.653,0.5,0.5,0.0,0.0,0.0,0.0,14.5,10.5,7.0,6.0,0.0,0.0,2.0,2.0,3.0,3.0,4.5,4.5,0.5,0.5,5.0,5.0,0.0,0.0,3.0,3.0,11.0,9.0,20.0,7.0,22.0,0.0,0.0,0.0,0.0,0.0,22.0,8.0,0.0,0.0,0.0,0.0,0.0,0.0,1.5,1.5,13.718551587301588,4.691170634920635,7.007941513586861,0.5200870904796271,62.05525793650793,25.3094246031746,110.9667805627558,21.466126695102595,6.38767857142857,7.79287698412698,142.475304130349,1.4987613122220296,732.0825,47.76861111111117,280.5995931321369,21.134079923989503,1.5
2,91_2,91,0.6075,0.6075,0.5,0.5,1.5,1.5,1.5,1.5,15.5,12.5,7.0,7.0,0.0,0.0,1.0,1.0,2.0,2.0,2.5,2.5,0.0,0.0,7.5,2.5,0.0,0.0,3.5,2.5,14.5,8.5,17.0,2.0,21.0,3.0,0.0,0.0,0.0,0.0,12.0,7.0,5.0,0.0,2.5,0.5,0.0,0.0,1.0,1.0,14.491666666666667,2.75,3.6589159594756646,0.1107454606285631,83.25416666666666,47.87083333333334,120.9868079880059,29.99558244949587,-10.30416666666667,57.579166666666666,148.9699329773884,1.6466103536813108,1177.7895833333332,48.977083333333326,222.75886226181305,55.21225571729562,14.0
3,91_2,91,3.5569999999999995,1.2839999999999996,1.5,0.5,0.0,0.0,0.0,0.0,13.5,6.5,5.5,2.5,0.0,0.0,0.0,0.0,2.0,2.0,5.0,5.0,0.0,0.0,8.0,2.0,0.0,0.0,3.5,3.5,11.5,2.5,13.0,4.0,16.0,4.0,0.0,0.0,3.0,1.0,9.5,1.5,9.0,4.0,4.0,0.0,0.0,0.0,0.0,0.0,11.029166666666669,4.854166666666667,5.37772999633304,0.2749733883808236,94.83333333333334,3.191666666666669,113.37402263381291,5.100635052499428,110.71666666666668,0.5499999999999972,108.63224581957184,0.8280843868042354,1144.0770833333331,0.0437500000000454,241.6419792832972,17.301144063263678,14.0
4,91_2,91,0.0,0.0,0.0,0.0,7.0,7.0,0.0,0.0,8.5,8.5,0.0,0.0,0.0,0.0,1.0,1.0,1.0,1.0,1.5,1.5,0.0,0.0,4.0,2.0,0.0,0.0,2.0,2.0,25.0,4.0,10.5,5.5,14.0,6.0,0.0,0.0,8.5,0.5,24.0,1.0,1.0,1.0,1.0,1.0,3.5,3.5,1.0,1.0,9.3125,3.5541666666666667,3.6658908380533255,1.1092545931234978,122.525,29.875,99.66758542810248,31.32364519440901,103.9875,1.1375000000000028,122.21983597069304,3.0430808615974883,933.2541666666666,60.32916666666671,139.31898336314774,15.854711653114606,3.5
5,91_2,91,0.0,0.0,0.0,0.0,15.0,15.0,2.0,2.0,15.5,14.5,5.5,5.5,0.0,0.0,0.0,0.0,0.0,0.0,1.5,1.5,0.0,0.0,1.5,1.5,0.0,0.0,1.5,1.5,16.0,1.0,18.0,4.0,23.5,0.5,0.0,0.0,1.5,1.5,16.0,5.0,0.5,0.5,0.0,0.0,1.5,1.5,1.5,0.5,12.55,3.1000000000000005,3.346682644462916,0.5587622725727859,113.29166666666666,56.31666666666666,72.46987642309705,68.48517477526667,95.94166666666666,0.56666666666667,131.58379094201365,1.4009630400374675,1004.55625,93.66458333333333,81.41107709941818,16.917870631174132,1.5
6,91_2,91,1.9575,0.8155000000000001,1.0,0.0,0.0,0.0,0.0,0.0,14.5,13.5,7.0,7.0,0.0,0.0,0.5,0.5,0.0,0.0,1.0,1.0,0.0,0.0,3.5,3.5,0.0,0.0,0.0,0.0,12.5,9.5,16.0,0.0,20.0,1.0,0.0,0.0,1.0,1.0,11.5,8.5,4.0,4.0,3.5,3.5,0.0,0.0,0.5,0.5,10.754166666666666,0.7125000000000004,5.439257736030975,0.2804936183161306,135.83333333333334,35.18333333333334,63.26302787118003,58.31499234629184,-1.5124999999999955,107.44583333333333,119.13469644688976,0.7382212154783474,1178.9770833333332,147.23124999999993,347.7802019773554,238.26396705391784,1.0
7,91_2,91,0.0,0.0,0.0,0.0,14.0,14.0,2.0,2.0,14.5,14.5,7.5,7.5,0.0,0.0,0.5,0.5,0.0,0.0,0.0,0.0,0.0,0.0,0.0,0.0,0.0,0.0,0.0,0.0,16.5,13.5,15.0,8.0,27.5,2.5,0.0,0.0,0.5,0.5,17.0,10.0,0.5,0.5,0.0,0.0,0.0,0.0,0.5,0.5,14.291666666666668,1.0750000000000002,2.606644146261789,0.0655376506142297,33.175,100.36666666666666,126.44626143072335,23.00019892845978,-58.57083333333334,35.47083333333333,138.15675253595396,3.108226020893852,1141.6354166666667,124.9520833333334,106.79338698545,9.909934934803076,1.5
8,91_2,91,0.0,0.0,0.0,0.0,22.5,22.5,0.0,0.0,15.0,15.0,6.0,6.0,0.0,0.0,0.0,0.0,0.0,0.0,0.0,0.0,0.0,0.0,0.0,0.0,0.0,0.0,0.0,0.0,19.0,6.0,22.5,3.5,23.0,4.0,0.0,0.0,0.5,0.5,14.5,9.5,0.0,0.0,0.0,0.0,0.0,0.0,0.5,0.5,12.75,1.875,2.356971546722762,0.1577766182697757,135.325,34.99999999999999,66.39628504471975,63.56553867671007,41.29583333333333,49.7375,150.98616937333236,14.744858743178,1039.1208333333334,157.97916666666663,131.08468888198894,69.8474135597729,1.5
9,91_2,91,2.0265,2.0265,0.5,0.5,14.0,14.0,0.0,0.0,15.0,15.0,7.0,7.0,0.0,0.0,0.0,0.0,0.0,0.0,0.0,0.0,0.0,0.0,0.0,0.0,0.0,0.0,0.0,0.0,19.0,8.0,10.0,10.0,12.0,8.0,0.0,0.0,1.5,1.5,19.0,11.0,0.0,0.0,0.0,0.0,0.0,0.0,0.0,0.0,10.691666666666666,0.4833333333333334,1.514565015958543,0.0811105637115712,151.975,22.941666666666663,55.37828894962077,53.698341860506886,-45.53333333333334,113.89166666666668,101.54429367379326,45.55760812862697,1018.9375,99.33333333333331,67.97434141946724,7.964402283196748,1.5
10,91_2,91,1.5945,1.5945,0.5,0.5,10.0,10.0,0.0,0.0,13.0,12.0,5.0,5.0,0.0,0.0,0.5,0.5,0.0,0.0,0.5,0.5,0.0,0.0,6.0,6.0,0.0,0.0,3.5,3.5,16.0,7.0,21.5,3.5,22.5,6.5,0.0,0.0,0.5,0.5,14.0,5.0,1.0,1.0,0.5,0.5,0.0,0.0,0.0,0.0,14.833333333333332,2.3083333333333327,5.676758037578863,3.2457517301689736,130.36666666666667,7.949999999999996,92.55319882972884,12.913804962399864,36.175,75.85,132.49886503908897,32.916082265157605,915.7125,151.02499999999998,251.8259014101495,25.017968830069748,2.0
11,91_2,91,4.9335,0.6774999999999998,1.0,0.0,6.0,6.0,0.0,0.0,12.5,12.5,1.5,1.5,0.0,0.0,0.0,0.0,6.0,6.0,5.0,5.0,0.0,0.0,8.5,8.5,0.0,0.0,11.0,11.0,10.5,5.5,14.0,6.0,11.5,0.5,0.0,0.0,2.5,1.5,15.5,10.5,5.5,5.5,2.0,2.0,0.5,0.5,1.5,1.5,12.354166666666666,6.0375,6.275252371041572,4.335607500911418,145.07500000000002,19.56666666666667,48.43209744892751,20.45862166878496,73.89999999999999,65.675,120.5696010866304,48.13379185988585,893.3208333333333,19.22916666666663,139.12156415083237,56.31518481727298,2.0
12,91_2,91,0.0,0.0,0.0,0.0,0.0,0.0,0.0,0.0,15.5,14.5,13.0,12.0,8.0,8.0,0.0,0.0,1.0,1.0,0.5,0.5,1.0,1.0,4.0,4.0,0.0,0.0,2.0,2.0,11.0,8.0,9.5,8.5,14.5,13.5,0.0,0.0,1.5,1.5,15.0,14.0,0.0,0.0,0.0,0.0,0.0,0.0,0.0,0.0,12.831944444444444,4.7652777777777775,13.488038495991336,2.539687529343944,-39.05416666666667,2.5791666666666657,120.7453781868422,20.205652760079232,10.7,22.641666666666666,109.66972683560684,29.592850144794543,867.3305555555556,459.8527777777778,182.21244646697016,19.05019737325061,0.0
13,91_2,91,0.0,0.0,0.0,0.0,8.0,5.0,0.0,0.0,11.5,11.5,1.5,1.5,2.5,2.5,1.0,0.0,0.0,0.0,0.5,0.5,0.0,0.0,1.5,0.5,0.0,0.0,0.5,0.5,9.5,0.5,5.5,1.5,6.5,1.5,0.0,0.0,4.0,2.0,22.5,0.5,0.5,0.5,0.0,0.0,0.5,0.5,0.0,0.0,9.445833333333333,3.2875,5.293976303036688,1.2368409562405982,50.68472222222223,22.94861111111112,136.28984977696436,6.529627380584259,-2.538888888888888,52.33611111111111,138.60296374224708,4.64392031345119,847.8430555555556,178.55694444444453,237.8651555134397,104.68875933153365,2.0
14,91_2,91,1.6525,1.6525,0.5,0.5,17.5,1.5,1.0,0.0,12.5,12.5,0.0,0.0,2.5,2.5,0.0,0.0,0.0,0.0,0.0,0.0,0.0,0.0,0.0,0.0,0.0,0.0,0.0,0.0,16.5,0.5,4.5,2.5,11.0,6.0,0.0,0.0,3.0,3.0,22.5,0.5,1.5,1.5,0.0,0.0,0.5,0.5,0.5,0.5,10.304166666666667,2.1708333333333334,4.362283842144205,2.67936310062896,92.74166666666667,17.833333333333336,107.48572280215268,12.14666812243486,82.3625,8.112499999999997,114.45943621108162,30.84745167337713,782.1583333333333,164.89999999999998,139.78286444100937,30.184089863512888,9.0
15,91_2,91,1.808,0.902,1.0,0.0,4.0,3.0,3.5,2.5,13.0,12.0,8.5,8.5,1.0,1.0,0.5,0.5,0.0,0.0,1.0,1.0,0.0,0.0,1.0,1.0,0.0,0.0,0.0,0.0,11.0,3.0,11.0,10.0,12.5,4.5,0.0,0.0,4.0,3.0,16.5,5.5,2.5,0.5,1.0,0.0,0.0,0.0,0.5,0.5,10.404166666666669,1.9708333333333328,4.954451871988772,0.5170399010309246,72.175,46.583333333333336,116.65745970168048,28.556842901594685,45.9125,9.020833333333332,145.16250009368264,10.567336526949845,934.78125,37.76458333333335,186.4089832433286,40.21220969061912,13.5
16,91_2,91,0.6515,0.6515,0.5,0.5,12.0,12.0,0.5,0.5,10.5,10.5,2.0,2.0,3.0,3.0,0.0,0.0,0.0,0.0,0.5,0.5,0.0,0.0,0.5,0.5,0.0,0.0,0.0,0.0,14.5,4.5,9.0,1.0,6.0,2.0,0.0,0.0,3.0,3.0,20.5,3.5,2.5,0.5,0.5,0.5,0.5,0.5,0.5,0.5,9.929166666666667,5.029166666666667,6.952277025448113,0.9312721259317532,75.65833333333333,14.558333333333334,120.08914438650328,3.851159344320671,19.008333333333333,65.88333333333333,123.4675922187166,17.47451690769033,838.9041666666667,82.39166666666665,206.6610022974064,19.067296962579107,6.0
17,91_2,91,4.761,4.761,0.5,0.5,18.5,11.5,2.5,1.5,0.0,0.0,0.0,0.0,4.0,4.0,0.0,0.0,0.0,0.0,1.0,1.0,0.0,0.0,0.5,0.5,0.0,0.0,0.0,0.0,25.5,4.5,0.5,0.5,1.0,1.0,0.0,0.0,9.0,2.0,28.5,1.5,0.0,0.0,0.0,0.0,0.0,0.0,0.0,0.0,2.908333333333333,6.741666666666667,5.1165409702025775,1.8907766335599336,124.8875,41.9875,65.61145798484148,49.54599943759381,93.31666666666666,31.766666666666666,108.90062238519874,38.15759171157769,840.7625,2.2291666666666856,120.1404975742843,32.852516745179194,2.0
18,91_2,91,0.0,0.0,0.0,0.0,28.5,7.5,0.0,0.0,0.5,0.5,0.0,0.0,7.5,7.5,0.0,0.0,0.0,0.0,0.0,0.0,0.0,0.0,1.5,1.5,0.0,0.0,0.0,0.0,21.5,1.5,0.0,0.0,1.0,1.0,0.0,0.0,8.5,4.5,26.0,2.0,2.5,0.5,1.5,1.5,0.0,0.0,0.0,0.0,6.375,6.641666666666667,6.2867625069506845,3.6120870333859214,72.8375,58.47083333333334,100.90642249725764,13.10442737629117,24.67083333333333,60.99583333333334,116.1731193745376,47.832967275724656,833.4729166666666,65.31041666666664,156.49180458627714,67.66685423134841,2.0
19,91_2,91,4.315,4.315,0.5,0.5,17.5,5.5,0.0,0.0,2.5,2.5,0.5,0.5,5.0,5.0,0.0,0.0,0.0,0.0,1.0,1.0,0.0,0.0,0.5,0.5,0.0,0.0,0.0,0.0,17.5,5.5,1.0,0.0,1.0,0.0,0.0,0.0,4.5,2.5,24.5,3.5,5.0,4.0,1.5,1.5,0.0,0.0,0.5,0.5,4.830555555555557,5.563888888888889,8.013448373443648,1.6449277009832408,93.02916666666668,44.10416666666666,104.6475738788239,9.538826179735324,78.04027777777779,23.92361111111112,108.72103457148204,35.60861896128609,937.9458333333332,191.7125,192.6996323768264,31.053246406640724,2.0
20,91_2,91,0.0,0.0,0.0,0.0,13.5,13.5,0.5,0.5,16.0,14.0,10.5,10.5,7.0,7.0,0.0,0.0,0.0,0.0,3.0,2.0,1.0,1.0,4.5,3.5,0.0,0.0,3.5,3.5,15.0,6.0,15.0,9.0,13.0,9.0,0.0,0.0,3.0,3.0,13.5,10.5,4.0,4.0,4.0,4.0,0.0,0.0,1.0,1.0,15.2825,0.2924999999999995,6.859503142843105,4.069528531250137,95.20666666666666,69.14333333333333,65.84264306335879,44.38400067076244,37.07416666666666,15.8575,133.64100203267665,28.23592824324488,1065.534583333333,411.3945833333333,414.3555988203877,174.31989777781362,1.5
21,91_2,91,0.0,0.0,0.0,0.0,0.5,0.5,0.0,0.0,7.0,7.0,0.5,0.5,3.5,3.5,0.0,0.0,0.0,0.0,0.5,0.5,0.0,0.0,0.0,0.0,0.0,0.0,0.0,0.0,15.0,3.0,6.5,6.5,16.0,11.0,0.0,0.0,2.0,1.0,23.0,7.0,0.0,0.0,0.0,0.0,0.5,0.5,0.5,0.5,5.366666666666667,1.8833333333333333,9.483737153436795,3.81584512905948,133.1875,37.837500000000006,47.4410835386352,42.66599627939759,50.74166666666666,16.60833333333333,132.90543680970617,33.88343588735223,650.3395833333333,324.56041666666664,232.8444305077266,71.52455417501922,0.5
22,91_2,91,0.0,0.0,0.0,0.0,0.0,0.0,0.0,0.0,10.5,10.5,5.0,5.0,1.5,0.5,0.0,0.0,0.0,0.0,0.5,0.5,0.5,0.5,3.5,3.5,0.0,0.0,0.0,0.0,10.5,7.5,5.0,3.0,6.5,0.5,0.0,0.0,5.0,4.0,15.5,11.5,3.5,3.5,3.5,3.5,3.0,3.0,1.0,1.0,10.445833333333333,0.7791666666666668,4.470390386795477,1.3663943064714907,121.225,36.925,83.94395689102238,37.67433942988488,136.87916666666666,34.24583333333333,58.42380862887981,55.50922604012603,910.275,21.095833333333303,209.38214224810565,25.250708542526155,0.0
23,91_2,91,0.0,0.0,0.0,0.0,0.0,0.0,0.0,0.0,11.5,11.5,6.0,6.0,0.0,0.0,1.0,1.0,0.0,0.0,0.5,0.5,0.0,0.0,2.0,2.0,0.0,0.0,0.0,0.0,16.0,2.0,10.0,6.0,12.5,7.5,0.0,0.0,9.0,0.0,21.0,7.0,2.0,2.0,2.0,2.0,2.0,1.0,0.5,0.5,13.158333333333331,1.4916666666666671,6.333108932340798,1.8529055639408525,124.80833333333334,10.616666666666674,88.08483735156824,21.08041741029372,124.76666666666668,6.7833333333333385,95.3159786062612,16.333322282230178,1109.7604166666663,12.893750000000068,247.71177074110167,3.666827532774647,0.0
24,91_2,91,3.3595,3.3595,0.5,0.5,97.5,97.5,0.0,0.0,15.0,14.0,10.5,10.5,0.0,0.0,0.5,0.5,3.5,0.5,3.0,1.0,0.0,0.0,5.0,3.0,0.0,0.0,7.0,1.0,9.0,6.0,17.5,2.5,14.5,3.5,0.0,0.0,5.0,5.0,16.5,3.5,3.0,3.0,3.0,3.0,2.5,2.5,0.0,0.0,14.474999999999998,4.866666666666666,9.700176711186732,0.6476256588283098,104.70833333333331,6.375,104.55782506423458,8.718520902412635,85.32916666666667,54.704166666666666,101.73995056752749,39.58598403637553,1147.2875,335.8291666666666,736.0312549401974,543.3959011914919,2.0
25,91_2,91,0.0,0.0,0.0,0.0,0.0,0.0,0.0,0.0,14.0,9.0,11.0,8.0,0.0,0.0,0.5,0.5,3.0,0.0,1.0,0.0,0.0,0.0,3.5,0.5,0.0,0.0,4.5,0.5,15.0,2.0,16.5,5.5,15.0,5.0,0.0,0.0,6.0,2.0,18.0,6.0,0.5,0.5,0.5,0.5,2.0,2.0,1.0,1.0,17.35972222222222,3.981944444444444,8.029374408576807,1.8773748340130936,66.42777777777778,21.813888888888886,130.18499816832053,8.57838370777585,-1.7097222222222257,56.74027777777778,141.12488627726572,1.0607963118520018,968.748611111111,111.8805555555556,247.93693731987568,54.74985591912858,0.0
26,91_2,91,0.0,0.0,0.0,0.0,22.0,17.0,1.0,1.0,6.5,6.5,0.0,0.0,0.0,0.0,4.0,4.0,0.0,0.0,0.5,0.5,0.0,0.0,1.0,0.0,0.0,0.0,0.0,0.0,9.5,3.5,1.0,1.0,7.0,5.0,0.0,0.0,5.0,3.0,16.0,5.0,4.0,0.0,0.0,0.0,1.0,1.0,0.5,0.5,10.733333333333334,0.5666666666666673,3.862748012062647,0.6812040123319776,113.05,35.475,99.3835826739445,39.01087395275714,118.31666666666666,24.724999999999994,107.22020457076812,30.83041240439146,1120.7125,148.1125,135.90699037317347,67.9312103727449,2.0
27,91_2,91,0.0,0.0,0.0,0.0,12.5,12.5,0.0,0.0,7.5,7.5,4.0,4.0,0.0,0.0,0.5,0.5,0.5,0.5,0.0,0.0,0.0,0.0,0.0,0.0,0.0,0.0,0.5,0.5,16.5,8.5,16.0,2.0,14.0,9.0,0.0,0.0,3.5,3.5,21.0,4.0,0.0,0.0,0.0,0.0,0.0,0.0,0.5,0.5,15.170833333333334,0.7708333333333329,3.874115793614053,1.416474648125151,145.37083333333334,4.229166666666657,77.93616133345989,10.86379369968688,163.625,8.775000000000006,39.179350425127474,30.92793640489232,946.2791666666668,140.6875,110.64632114498868,7.464700661709024,1.5
28,91_2,91,2.5435,0.8694999999999999,1.0,0.0,0.0,0.0,4.0,4.0,11.5,10.5,4.0,4.0,0.0,0.0,7.5,7.5,0.0,0.0,0.0,0.0,0.0,0.0,0.0,0.0,0.0,0.0,0.0,0.0,5.5,1.5,13.5,1.5,6.0,3.0,0.0,0.0,0.5,0.5,14.5,3.5,4.5,1.5,0.5,0.5,0.0,0.0,0.0,0.0,10.541666666666668,0.0499999999999998,4.616046833596613,0.6194423720289917,12.3,7.233333333333334,133.29441024183694,0.4396064563174349,-4.816666666666668,32.766666666666666,134.9009083771003,5.142408334392769,999.3979166666666,62.21874999999994,175.85559574224868,33.58018817923299,13.0
29,91_2,91,0.0,0.0,0.0,0.0,37.0,37.0,0.0,0.0,15.0,9.0,1.5,1.5,0.0,0.0,0.0,0.0,0.0,0.0,0.0,0.0,0.0,0.0,0.5,0.5,0.0,0.0,0.0,0.0,3.5,0.5,15.0,7.0,3.0,3.0,0.0,0.0,0.5,0.5,14.0,9.0,1.0,0.0,0.5,0.5,2.5,2.5,4.5,4.5,11.395833333333332,1.0375000000000003,4.245712022296198,0.5479180102458301,19.629166666666663,67.1375,114.24518220971568,11.654471670754646,-12.008333333333333,97.33333333333334,102.141250523664,27.709948771272536,877.1979166666667,93.49375000000003,122.08311172295316,25.84034287481809,6.5
30,91_2,91,1.744,0.5700000000000001,1.5,0.5,0.5,0.5,0.0,0.0,14.5,12.5,8.0,8.0,0.0,0.0,0.5,0.5,0.0,0.0,0.0,0.0,0.0,0.0,1.0,0.0,0.0,0.0,0.0,0.0,7.0,2.0,15.5,2.5,12.0,4.0,0.0,0.0,1.0,0.0,10.5,0.5,5.5,1.5,0.0,0.0,0.0,0.0,0.0,0.0,9.525,0.1416666666666666,6.4480212343392544,1.7091160630763578,23.1125,39.52916666666667,119.6858422422622,11.033152381914569,-31.083333333333336,19.258333333333336,118.71345697389036,1.369988839149734,895.7270833333333,160.55208333333337,261.1653180858106,51.56035809327555,14.0
31,91_2,91,0.0,0.0,0.0,0.0,0.0,0.0,0.0,0.0,8.0,8.0,4.5,4.5,0.5,0.5,0.0,0.0,0.0,0.0,1.5,1.5,0.0,0.0,0.5,0.5,0.0,0.0,0.0,0.0,22.5,6.5,6.0,6.0,4.0,3.0,0.0,0.0,3.0,2.0,25.5,3.5,1.0,1.0,0.0,0.0,1.5,0.5,0.0,0.0,8.958333333333334,0.7833333333333332,8.475647546027941,2.0366765706140733,117.675,26.99166666666666,85.54102284682997,28.82986384301878,42.829166666666666,18.5625,106.35928221560926,34.92799433075526,1251.4625,345.69166666666666,276.1501244319447,119.54763175764027,0.0
32,91_2,91,1.493,1.493,0.5,0.5,0.0,0.0,0.0,0.0,7.5,7.5,3.0,3.0,0.0,0.0,1.0,1.0,0.0,0.0,0.0,0.0,0.0,0.0,1.5,1.5,0.0,0.0,0.0,0.0,16.5,10.5,4.5,1.5,3.5,0.5,0.0,0.0,3.0,3.0,21.0,5.0,2.0,2.0,1.0,1.0,0.0,0.0,1.0,1.0,9.933333333333334,0.4749999999999996,6.270701630493825,1.155738559051156,74.94166666666666,2.1083333333333343,125.63879537649083,3.628423549611576,42.6375,73.79583333333333,83.01649087413584,13.958740786095603,1367.2395833333333,316.4354166666667,192.51284593595523,52.26345645421807,0.0
33,91_2,91,0.4215,0.4215,0.5,0.5,0.0,0.0,0.0,0.0,15.0,15.0,12.5,12.5,0.0,0.0,1.0,1.0,0.0,0.0,0.0,0.0,0.0,0.0,0.0,0.0,0.0,0.0,0.0,0.0,16.5,11.5,14.0,13.0,16.5,8.5,0.0,0.0,0.0,0.0,16.0,14.0,1.0,1.0,0.5,0.5,0.0,0.0,0.0,0.0,15.083333333333332,1.6249999999999991,7.400295655201065,3.0734976987954794,65.84583333333333,61.1625,111.81917274852756,28.82588779593504,-24.025,12.266666666666666,122.33521095683484,22.200916062982948,1307.0166666666669,124.2458333333334,286.02029977582407,121.07152589898608,0.0
34,91_2,91,0.0,0.0,0.0,0.0,0.0,0.0,0.0,0.0,7.0,7.0,6.0,6.0,0.0,0.0,6.0,6.0,0.0,0.0,0.5,0.5,0.0,0.0,2.5,2.5,0.0,0.0,0.5,0.5,12.5,0.5,5.5,5.5,6.5,5.5,0.0,0.0,0.0,0.0,21.0,8.0,2.5,2.5,2.5,2.5,1.5,1.5,0.0,0.0,10.033333333333331,2.0416666666666665,10.17341079696605,1.3232342450547838,15.3125,85.0125,118.50051940429756,6.763175788417129,-66.2,42.9,114.22532923696892,33.88748531104154,1214.0958333333333,60.92083333333335,391.97806241369625,82.4417617019165,0.0
35,91_2,91,1.986,1.986,0.5,0.5,0.0,0.0,0.0,0.0,1.0,1.0,0.5,0.5,0.0,0.0,3.0,3.0,0.0,0.0,3.0,3.0,0.0,0.0,0.0,0.0,0.0,0.0,0.0,0.0,17.5,2.5,9.5,8.5,13.0,13.0,0.0,0.0,2.0,1.0,29.0,1.0,0.0,0.0,0.0,0.0,8.0,0.0,3.0,3.0,9.8,4.783333333333334,4.88845302240499,0.8300597990275969,0.8624999999999972,119.47083333333332,69.0690106579303,4.070847756540879,-24.0875,124.34583333333332,80.77652596238246,37.17592708780023,955.2854166666666,352.8270833333333,251.5297720055497,77.41826459179805,0.0
36,91_2,91,0.0,0.0,0.0,0.0,0.0,0.0,0.0,0.0,8.0,5.0,6.5,6.5,0.0,0.0,0.0,0.0,0.0,0.0,4.5,4.5,0.0,0.0,0.0,0.0,0.0,0.0,0.0,0.0,17.5,7.5,17.0,11.0,20.0,9.0,0.0,0.0,0.0,0.0,21.0,2.0,0.0,0.0,0.0,0.0,6.5,4.5,4.0,4.0,16.516666666666666,1.9416666666666664,6.194111104715866,0.5864216914587836,18.979166666666664,111.59583333333332,97.01561248803677,27.38003878464864,61.18333333333333,55.19166666666666,119.68634526295202,31.195720759561823,933.20625,251.51041666666669,202.62572385625785,42.23732180084458,0.0
37,91_2,91,0.0,0.0,0.0,0.0,0.0,0.0,0.0,0.0,11.0,9.0,9.5,8.5,0.0,0.0,0.5,0.5,0.5,0.5,2.0,2.0,0.0,0.0,2.5,2.5,0.0,0.0,2.5,0.5,13.0,3.0,6.0,1.0,10.0,4.0,0.0,0.0,1.0,1.0,17.0,7.0,4.0,4.0,2.0,2.0,3.5,1.5,1.0,1.0,12.179166666666667,7.070833333333333,7.726097495358402,1.6759597558795178,7.30833333333333,86.24166666666667,117.3738155785758,12.406927942521705,-20.2,52.516666666666666,132.83548096913563,8.099828264884493,1027.6895833333333,5.31041666666664,388.5190444172466,146.81806265810408,0.0
38,91_2,91,3.072,1.2699999999999998,1.0,0.0,0.0,0.0,0.0,0.0,4.5,1.5,0.0,0.0,0.0,0.0,2.0,2.0,3.0,3.0,0.0,0.0,0.0,0.0,0.5,0.5,0.0,0.0,3.5,2.5,17.5,7.5,11.0,9.0,10.0,10.0,0.0,0.0,0.0,0.0,20.0,7.0,1.0,1.0,0.0,0.0,0.0,0.0,0.5,0.5,13.783333333333337,2.8833333333333337,9.40263417363789,5.297082376917313,-11.395833333333332,63.99583333333334,122.72991225410904,28.07052983189191,21.6625,24.570833333333333,111.21249256985512,48.05213173684883,993.45625,127.51458333333328,411.6014577812137,232.4541118752838,0.0
39,91_2,91,1.994,1.994,0.5,0.5,0.0,0.0,0.0,0.0,5.0,1.0,1.0,0.0,0.0,0.0,1.0,1.0,5.0,5.0,0.0,0.0,0.0,0.0,4.5,4.5,0.0,0.0,6.0,6.0,4.0,2.0,16.5,0.5,3.0,1.0,0.0,0.0,0.0,0.0,14.5,2.5,3.0,3.0,0.0,0.0,0.0,0.0,2.5,2.5,14.55,1.7583333333333335,5.895829764181603,0.8460429149945785,-9.633333333333336,68.8,114.38443421245212,1.2186462924471186,10.229166666666668,23.645833333333336,121.96127835951738,14.177993670594802,1562.5645833333333,605.0645833333333,524.9370903887542,18.98251197615926,0.0
40,91_2,91,2.368,0.3949999999999999,1.5,0.5,14.0,14.0,4.0,4.0,4.5,0.5,1.0,1.0,0.0,0.0,0.5,0.5,0.0,0.0,0.0,0.0,0.0,0.0,0.5,0.5,0.0,0.0,0.0,0.0,10.0,3.0,4.5,4.5,2.5,2.5,0.0,0.0,0.5,0.5,17.5,2.5,0.0,0.0,0.0,0.0,0.0,0.0,0.0,0.0,13.979166666666666,3.0458333333333325,7.548489443259234,1.7818709463505908,32.1,32.575,142.51902531204502,3.282740080787832,-27.320833333333333,36.0125,123.23187260386314,34.12048787167031,1114.9333333333334,257.9833333333333,283.99389823922047,218.9229865991745,1.5
41,91_2,91,0.0,0.0,0.0,0.0,32.0,32.0,0.5,0.5,8.5,8.5,1.0,1.0,0.0,0.0,0.0,0.0,0.0,0.0,0.0,0.0,0.0,0.0,0.0,0.0,0.0,0.0,0.0,0.0,9.0,5.0,5.5,2.5,13.5,7.5,0.0,0.0,2.0,1.0,13.0,8.0,0.0,0.0,0.0,0.0,0.5,0.5,1.0,0.0,16.916666666666664,0.6583333333333332,5.406216082875098,2.984540239809208,78.67083333333333,81.39583333333333,87.58702151246895,48.38902340598965,64.15,97.99166666666667,80.27212992188109,34.12004061682122,1012.4125,231.16666666666669,210.30245081221057,180.7051451329393,1.5
42,91_2,91,2.048,2.048,0.5,0.5,16.5,16.5,0.0,0.0,7.0,7.0,0.5,0.5,0.0,0.0,2.0,2.0,0.0,0.0,0.0,0.0,0.0,0.0,0.0,0.0,0.0,0.0,0.0,0.0,14.5,1.5,4.5,4.5,4.0,2.0,0.0,0.0,1.5,1.5,19.5,3.5,0.5,0.5,0.0,0.0,0.5,0.5,0.0,0.0,15.675,2.1499999999999995,5.305122036087804,2.014130544151065,-4.4375,33.44583333333333,141.39511717873958,12.65225761406748,48.47083333333333,8.520833333333332,136.5147164645545,17.419298078474057,950.6375,132.3291666666667,263.43931500615923,167.15660555690823,0.5
43,91_2,91,0.576,0.576,0.5,0.5,25.5,25.5,0.0,0.0,9.0,7.0,0.0,0.0,0.0,0.0,0.5,0.5,0.0,0.0,0.0,0.0,0.0,0.0,0.0,0.0,0.0,0.0,0.0,0.0,8.0,5.0,8.5,7.5,9.5,7.5,0.0,0.0,0.5,0.5,13.5,1.5,0.5,0.5,0.0,0.0,0.0,0.0,2.0,2.0,16.566666666666666,3.0,4.059009276691775,0.2835769982779648,61.52916666666666,49.070833333333326,129.6098666971255,25.939162059798008,119.69583333333333,53.395833333333336,76.73286277324497,68.840492160502,1091.1041666666667,194.8333333333333,114.57018759977896,48.21304873384969,0.5
44,91_2,91,3.6005,1.8085,1.0,0.0,19.0,19.0,0.0,0.0,13.5,13.5,1.5,1.5,0.0,0.0,0.5,0.5,0.0,0.0,0.5,0.5,0.0,0.0,1.0,1.0,0.0,0.0,0.0,0.0,8.5,2.5,12.5,1.5,16.5,11.5,0.0,0.0,0.0,0.0,13.0,5.0,1.0,1.0,0.0,0.0,0.0,0.0,1.0,1.0,16.066666666666666,2.3500000000000005,4.140770264706978,1.920284832294607,45.78333333333333,18.541666666666668,142.04862731607588,10.133548098421612,76.19166666666666,18.325,141.4128737952442,0.5087702748396197,1122.28125,143.30625000000003,154.18562102489776,29.50833698225427,0.5
45,91_2,91,6.403,6.403,0.5,0.5,0.0,0.0,0.0,0.0,2.5,2.5,0.0,0.0,8.0,8.0,0.0,0.0,1.0,1.0,4.5,3.5,0.0,0.0,2.0,0.0,0.0,0.0,2.0,2.0,17.5,5.5,2.5,1.5,9.0,7.0,0.0,0.0,0.0,0.0,25.0,1.0,2.0,2.0,0.5,0.5,0.0,0.0,0.0,0.0,13.9875,2.8291666666666666,8.542365366220553,4.628456762847761,109.75,52.29166666666666,69.42281585914105,36.64699376588321,72.76666666666667,94.725,51.85663888955744,20.485375278482483,1273.60625,72.79375000000005,284.2689004972216,139.68876340478877,0.0
46,91_2,91,5.5575,1.4705000000000004,1.5,0.5,0.0,0.0,0.0,0.0,1.5,1.5,0.5,0.5,1.0,1.0,2.5,2.5,0.5,0.5,0.5,0.5,0.0,0.0,1.0,0.0,0.0,0.0,0.5,0.5,14.5,8.5,6.0,6.0,10.5,8.5,0.0,0.0,0.0,0.0,20.5,6.5,1.0,0.0,0.0,0.0,0.0,0.0,0.0,0.0,16.72083333333333,1.7958333333333325,7.04451481581224,4.9115070281512985,-51.47916666666667,67.95416666666667,124.04588192826478,10.915059180635325,-61.675,7.025000000000002,113.80212963875432,30.95383454464873,1204.1041666666663,68.53750000000002,229.33023458446607,113.97568270683584,0.0
47,91_2,91,0.0,0.0,0.0,0.0,0.0,0.0,0.0,0.0,5.0,5.0,0.5,0.5,1.0,1.0,2.0,1.0,0.0,0.0,2.5,1.5,0.0,0.0,2.5,2.5,0.0,0.0,0.0,0.0,10.0,5.0,8.5,8.5,9.5,8.5,0.0,0.0,0.0,0.0,13.0,4.0,4.5,4.5,3.0,3.0,0.0,0.0,0.0,0.0,13.2,2.458333333333333,5.27557920646575,1.9794430004073769,31.725,88.48333333333333,126.44887899777238,14.247254616086693,31.6375,90.9875,125.81040036059989,15.267276234009977,1199.7666666666669,162.4708333333333,366.4810921720698,236.27587960946835,0.0
48,91_2,91,0.704,0.704,0.5,0.5,0.0,0.0,0.0,0.0,10.5,10.5,5.0,5.0,0.0,0.0,2.5,2.5,0.0,0.0,0.0,0.0,0.0,0.0,3.0,1.0,0.0,0.0,1.0,1.0,17.0,6.0,9.5,9.5,16.5,6.5,0.0,0.0,2.0,1.0,20.5,9.5,1.5,1.5,1.0,1.0,0.0,0.0,2.0,2.0,13.2375,2.8125,5.828285297808243,1.3719461799522708,48.55833333333334,115.74166666666667,72.54615077162359,51.07694802287983,19.679166666666667,95.35416666666666,113.4157787187869,22.49269461897086,992.4875,208.2958333333333,284.1275084577096,69.92019568052592,0.0
49,91_2,91,1.408,1.408,0.5,0.5,0.0,0.0,0.0,0.0,5.5,4.5,3.0,3.0,0.5,0.5,2.5,1.5,0.0,0.0,0.0,0.0,0.0,0.0,0.5,0.5,0.0,0.0,0.5,0.5,18.0,2.0,6.5,1.5,13.5,1.5,0.0,0.0,6.0,6.0,24.0,3.0,1.0,1.0,1.0,1.0,1.5,1.5,0.0,0.0,11.241666666666667,2.325,8.098077908540137,1.3967306144838476,47.3875,82.6375,118.9098914704992,32.94004816289898,-8.666666666666664,71.49166666666667,134.84850568659334,10.51083568849682,958.4416666666666,177.45416666666665,243.7248057001317,23.929334761490907,0.0
50,91_2,91,2.0,2.0,0.5,0.5,0.0,0.0,0.0,0.0,0.5,0.5,0.0,0.0,0.0,0.0,0.0,0.0,0.0,0.0,1.0,1.0,0.0,0.0,1.5,1.5,0.0,0.0,0.5,0.5,27.0,1.0,17.0,12.0,17.5,11.5,0.0,0.0,2.5,2.5,29.5,0.5,0.0,0.0,0.0,0.0,0.0,0.0,0.0,0.0,14.141666666666666,4.3500000000000005,3.538427880645354,0.3086940594836846,100.68333333333334,4.31666666666667,111.46712634554592,22.24288325233971,7.095833333333331,111.8125,102.1787560888504,12.702368762981642,937.3208333333332,376.5125,139.45983136429217,48.63442230627826,0.0
51,91_2,91,0.0,0.0,0.0,0.0,0.0,0.0,0.0,0.0,8.5,6.5,6.5,6.5,0.0,0.0,0.0,0.0,0.5,0.5,0.5,0.5,0.0,0.0,1.5,1.5,0.0,0.0,0.5,0.5,17.0,3.0,18.5,9.5,14.0,11.0,0.0,0.0,0.5,0.5,19.0,4.0,2.5,0.5,1.0,1.0,0.0,0.0,0.5,0.5,14.375,4.408333333333334,5.650047794189427,0.0842544495209818,109.10833333333336,24.15833333333334,89.40276177455448,1.953897351459254,83.125,62.975,96.45559809044556,35.349317725821834,1044.2833333333333,132.49166666666673,260.87615281840897,138.84263027234786,14.0
52,91_2,91,2.459,2.459,0.5,0.5,0.0,0.0,0.0,0.0,11.5,11.5,4.5,4.5,0.0,0.0,0.5,0.5,0.0,0.0,0.0,0.0,0.0,0.0,3.5,3.5,0.0,0.0,0.0,0.0,20.0,10.0,10.0,8.0,11.0,8.0,0.0,0.0,4.5,3.5,22.5,6.5,0.0,0.0,0.0,0.0,0.0,0.0,2.0,2.0,13.445833333333333,0.1208333333333335,5.051170307238907,1.324613958245614,90.32083333333333,74.27916666666665,94.1696090850381,47.23230160651593,76.11666666666667,96.25,70.8718967776126,69.60907366164497,1107.6770833333333,153.4395833333333,119.30556121468982,45.497978233294525,6.5
53,91_2,91,3.2525000000000004,1.0445000000000002,1.0,0.0,0.0,0.0,0.0,0.0,6.5,6.5,1.0,1.0,0.0,0.0,0.0,0.0,0.0,0.0,0.0,0.0,0.0,0.0,3.5,3.5,0.0,0.0,0.0,0.0,23.5,6.5,4.0,1.0,17.5,12.5,0.0,0.0,0.5,0.5,26.0,3.0,1.5,1.5,0.0,0.0,0.0,0.0,0.0,0.0,11.270833333333332,4.454166666666667,3.7426989641210726,2.333872620434007,84.75,90.48333333333332,78.80557830535477,77.38411583467341,53.37916666666667,120.02083333333334,72.02080578226298,71.0664298954483,1126.5875,151.25000000000006,202.18466045411412,174.90037105679494,0.0
54,91_2,91,0.741,0.741,0.5,0.5,0.0,0.0,0.0,0.0,12.0,12.0,1.0,1.0,0.0,0.0,0.0,0.0,0.0,0.0,1.0,1.0,0.0,0.0,2.5,1.5,0.0,0.0,0.0,0.0,17.0,10.0,5.5,2.5,13.5,0.5,0.0,0.0,0.0,0.0,15.0,8.0,5.0,5.0,2.5,2.5,0.0,0.0,3.0,3.0,16.033333333333335,2.1416666666666666,3.606762058057591,0.4578976242938533,123.88333333333333,25.050000000000004,95.83754025490684,8.74367486308438,97.8125,56.57916666666667,104.79558795316214,52.14161994293312,1317.675,10.1875,324.26615726212896,257.64134214356125,0.0
55,91_2,91,2.6345,0.3515000000000001,1.0,0.0,0.0,0.0,0.0,0.0,3.5,0.5,2.5,0.5,0.0,0.0,0.5,0.5,7.5,0.5,8.5,2.5,0.0,0.0,9.5,2.5,0.0,0.0,9.0,2.0,23.5,3.5,6.0,0.0,8.0,5.0,0.0,0.0,3.5,1.5,21.0,7.0,8.0,7.0,5.5,4.5,0.0,0.0,0.0,0.0,10.466666666666669,3.533333333333333,6.57758874585028,2.2388101158669524,109.1125,2.504166666666663,103.25969844971408,2.7999483560129192,34.104166666666664,39.22916666666666,148.8275206648436,18.838637593166226,1034.16875,171.47291666666666,204.991883066814,83.96473075287156,5.5
56,91_2,91,4.3575,0.0055,1.0,0.0,0.0,0.0,0.0,0.0,8.0,8.0,5.5,5.5,0.0,0.0,1.0,1.0,0.0,0.0,0.5,0.5,0.0,0.0,0.0,0.0,0.0,0.0,0.0,0.0,21.0,1.0,8.5,3.5,16.5,5.5,0.0,0.0,2.5,1.5,24.0,1.0,1.0,1.0,0.0,0.0,0.0,0.0,0.0,0.0,12.475,1.7666666666666666,5.120290128063909,0.9981530744363988,84.47916666666666,53.62083333333333,117.69625240299276,30.13592558009121,31.633333333333333,28.975,155.3410192263569,18.175400305692648,1059.8895833333331,84.28125,183.5628642819338,32.31252773501711,0.0
57,91_2,91,1.5735,1.5735,0.5,0.5,8.0,8.0,3.0,3.0,2.0,2.0,1.0,1.0,0.0,0.0,0.0,0.0,0.0,0.0,2.0,2.0,0.5,0.5,6.5,3.5,0.0,0.0,2.0,2.0,24.0,3.0,6.5,6.5,7.0,7.0,0.0,0.0,3.0,2.0,26.5,2.5,3.5,3.5,1.0,1.0,0.0,0.0,0.0,0.0,5.893055555555556,2.459722222222222,13.639576216763214,1.9643673730975093,38.05583333333333,15.95583333333333,145.3454155967268,1.4455582402227378,120.39805555555556,19.53527777777778,96.74775753247934,16.268284649292802,1216.3283333333334,387.73666666666657,167.5919441154222,34.90530695645447,1.5
58,91_2,91,1.8235,1.8235,0.5,0.5,4.5,4.5,0.0,0.0,2.5,0.5,0.5,0.5,0.0,0.0,1.0,1.0,0.0,0.0,1.5,1.5,0.0,0.0,2.5,0.5,0.0,0.0,0.5,0.5,19.5,5.5,5.0,5.0,7.0,7.0,0.0,0.0,1.0,0.0,23.0,2.0,4.5,4.5,2.5,2.5,0.0,0.0,0.0,0.0,5.966666666666667,0.5249999999999999,7.9318937851393585,0.3735972030897874,73.65416666666667,31.637500000000003,138.43075265145052,16.34923815987996,119.525,12.133333333333333,112.53780240387,0.1634339715822221,1037.3895833333331,141.50624999999997,242.5670152476053,89.43004655436141,1.5
59,91_2,91,0.0,0.0,0.0,0.0,0.0,0.0,0.0,0.0,8.0,4.0,4.5,3.5,1.0,1.0,7.5,4.5,0.0,0.0,0.5,0.5,0.0,0.0,2.5,2.5,0.0,0.0,0.0,0.0,6.5,5.5,13.0,13.0,12.5,7.5,0.0,0.0,1.0,0.0,12.0,5.0,4.5,4.5,3.0,3.0,0.0,0.0,0.0,0.0,18.0625,0.1125000000000007,3.635638132763616,1.613726908204039,41.34583333333333,107.82083333333333,103.2023836251019,34.10371222768003,23.370833333333337,134.1875,89.34979360888487,24.509969062374708,1146.4479166666663,160.78958333333333,277.4283649593855,118.22796599239166,0.0
60,91_2,91,1.1995,1.1995,0.5,0.5,0.0,0.0,0.0,0.0,1.5,0.5,0.0,0.0,0.0,0.0,3.0,1.0,0.5,0.5,4.0,1.0,0.0,0.0,4.0,3.0,0.0,0.0,2.5,1.5,18.0,3.0,5.0,5.0,10.0,9.0,0.0,0.0,1.5,0.5,21.0,2.0,3.5,2.5,0.5,0.5,0.0,0.0,0.0,0.0,13.0875,2.4375,6.240882245652699,1.69042439323096,-19.37083333333333,74.82083333333333,130.20659520926156,11.76510678330689,77.0375,41.67916666666667,141.3952875922338,16.09006468078094,1084.55625,277.85624999999993,147.29377780823305,59.52231438379956,5.5
61,91_2,91,0.843,0.843,0.5,0.5,0.0,0.0,0.0,0.0,0.0,0.0,0.0,0.0,0.0,0.0,1.0,0.0,0.0,0.0,0.0,0.0,0.0,0.0,2.0,2.0,0.0,0.0,0.0,0.0,9.0,5.0,9.0,9.0,13.0,13.0,0.0,0.0,1.5,1.5,14.0,4.0,8.0,8.0,2.0,2.0,0.0,0.0,0.0,0.0,15.304166666666667,4.004166666666666,3.13428354522738,0.207622098762787,77.62083333333334,63.87083333333334,122.48717983933597,34.43178810272004,84.41666666666666,56.525,120.05171901822092,24.309036892872264,1172.0708333333334,256.00416666666666,189.87595504951423,46.53118346133718,0.0
62,91_2,91,0.3945,0.3945,0.5,0.5,27.0,27.0,0.0,0.0,13.5,0.5,8.5,0.5,0.0,0.0,1.0,1.0,5.0,5.0,0.0,0.0,0.0,0.0,2.0,1.0,0.0,0.0,8.5,8.5,11.0,3.0,16.0,6.0,16.0,6.0,0.0,0.0,0.5,0.5,16.0,4.0,2.0,0.0,0.5,0.5,0.0,0.0,3.0,0.0,19.675,7.875,6.602751558523588,0.8497088852940564,67.83333333333334,17.31666666666667,136.56524353574034,10.320184226474687,-4.991666666666667,72.98333333333332,129.24578585028277,3.9842702452627847,1140.1041666666667,170.2666666666667,302.89630411627024,93.84332916301692,1.5
63,91_2,91,0.6715,0.6715,0.5,0.5,0.0,0.0,0.0,0.0,10.0,7.0,1.5,1.5,0.0,0.0,0.5,0.5,4.0,2.0,5.5,0.5,0.5,0.5,10.5,3.5,0.0,0.0,8.0,1.0,17.5,6.5,18.5,2.5,16.0,2.0,0.0,0.0,0.0,0.0,12.0,1.0,7.0,4.0,2.0,2.0,0.0,0.0,1.5,0.5,17.617083333333333,3.72986111111111,8.140214194033462,0.9313813650539432,26.65875,10.33236111111111,135.3942775222052,3.202908244566956,-22.17111111111112,28.26777777777778,143.55405972552305,3.0254076186912187,895.4775694444444,33.00326388888891,380.0870152982547,68.36100371322902,14.0
64,91_2,91,0.0,0.0,0.0,0.0,0.0,0.0,0.0,0.0,9.5,2.5,2.0,1.0,0.0,0.0,0.0,0.0,4.5,2.5,1.0,0.0,0.0,0.0,11.0,7.0,0.0,0.0,14.0,4.0,12.5,9.5,25.5,3.5,13.5,1.5,0.0,0.0,1.0,1.0,12.5,5.5,2.5,0.5,0.5,0.5,0.0,0.0,1.5,0.5,17.512777777777778,2.409444444444444,8.85917154057836,3.0901026767533195,88.22583333333334,31.77583333333334,95.93264055924752,14.584258601016664,27.56083333333333,35.60583333333333,130.78921027690257,16.309740178224736,770.5327777777777,103.02722222222216,233.48515440107903,13.502038514882033,7.0
65,91_2,91,0.8965,0.8965,0.5,0.5,0.0,0.0,1.5,1.5,11.0,2.0,2.5,1.5,0.0,0.0,2.5,2.5,0.5,0.5,2.0,2.0,0.0,0.0,7.5,7.5,0.0,0.0,6.0,6.0,11.5,1.5,17.5,2.5,7.0,7.0,0.0,0.0,0.5,0.5,6.5,1.5,6.5,6.5,2.0,2.0,1.0,1.0,0.0,0.0,14.091666666666663,3.925,7.660214967173806,1.6415172490438934,90.70833333333334,0.1166666666666671,115.68686115140456,3.8591635164566753,16.516666666666666,37.25,144.3192472559461,4.976864176632375,734.3854166666667,76.06874999999997,192.12977387812143,34.03291296508637,5.5
66,91_2,91,0.0,0.0,0.0,0.0,6.5,6.5,0.5,0.5,14.0,2.0,9.0,1.0,0.0,0.0,0.0,0.0,2.0,2.0,3.0,1.0,0.0,0.0,6.0,0.0,0.0,0.0,7.5,6.5,10.5,0.5,22.0,7.0,13.5,4.5,0.0,0.0,0.0,0.0,7.0,6.0,4.0,0.0,1.5,1.5,0.0,0.0,0.5,0.5,14.858333333333333,4.1083333333333325,10.122026560705024,2.045895748930805,106.42916666666666,1.3125,85.87941711749465,15.586022058720523,79.12916666666666,10.045833333333334,116.44827140321811,5.782251073780252,811.7354166666667,62.91041666666666,365.0745393136686,113.0776114223416,4.5
67,91_2,91,1.3555,0.0534999999999999,1.0,0.0,0.0,0.0,0.0,0.0,14.5,7.5,5.0,1.0,0.0,0.0,0.5,0.5,4.5,0.5,1.5,1.5,0.0,0.0,5.0,0.0,0.0,0.0,5.0,0.0,13.0,7.0,16.0,1.0,17.5,1.5,0.0,0.0,3.5,3.5,14.0,6.0,2.5,2.5,0.0,0.0,1.0,1.0,3.0,3.0,15.294444444444444,0.7277777777777779,10.168377606463489,1.9837903147423903,96.09972222222224,5.394722222222221,108.88339437953056,0.1645349683563282,25.43861111111112,78.75861111111112,116.14772563728818,3.20315244913396,736.5398611111111,88.2593055555555,149.53492448051617,42.77364974126149,4.0
68,91_2,91,0.571,0.571,0.5,0.5,0.0,0.0,0.0,0.0,14.0,14.0,2.5,2.5,0.0,0.0,2.5,1.5,0.0,0.0,0.0,0.0,0.0,0.0,0.0,0.0,0.0,0.0,0.0,0.0,17.5,5.5,15.5,5.5,17.0,2.0,0.0,0.0,1.0,1.0,18.0,0.0,0.0,0.0,0.0,0.0,0.0,0.0,0.0,0.0,15.333333333333334,1.2666666666666675,4.862277442167714,1.2504142726171896,141.58749999999998,7.637500000000003,75.66854979133615,6.463620113843739,103.08333333333334,28.13333333333333,113.21936555435984,9.145839194920626,884.275,28.462499999999977,83.42339668691551,14.233450177927176,0.0
69,91_2,91,0.661,0.661,0.5,0.5,0.0,0.0,0.0,0.0,15.5,14.5,3.5,3.5,3.0,3.0,0.0,0.0,1.5,1.5,8.5,8.5,0.0,0.0,2.0,1.0,0.0,0.0,1.5,1.5,14.5,5.5,15.5,9.5,19.0,1.0,0.0,0.0,2.0,2.0,20.0,0.0,1.0,1.0,0.5,0.5,4.5,4.5,0.5,0.5,17.329166666666666,4.812499999999999,4.726718837886505,1.9145923194745835,99.69583333333333,42.43749999999999,97.2761462118505,25.32903793855789,99.90833333333332,49.54166666666666,109.4354900692845,27.41716386511637,671.4729166666666,159.21458333333334,335.1112837432522,180.99324270679,0.0
70,91_2,91,0.0,0.0,0.0,0.0,0.0,0.0,0.0,0.0,15.0,14.0,7.0,6.0,1.5,1.5,0.5,0.5,3.0,3.0,12.0,6.0,0.0,0.0,3.5,2.5,0.0,0.0,3.5,2.5,9.0,3.0,2.5,1.5,11.5,5.5,0.0,0.0,0.5,0.5,14.0,9.0,2.5,2.5,2.5,2.5,4.5,4.5,1.5,1.5,15.7125,0.7958333333333334,5.308109749192211,2.9422648214291462,37.175,91.55833333333332,126.95011987564698,28.18417320260472,5.112499999999997,81.6375,138.14870791862612,1.4126734397807184,874.2458333333334,391.9875,460.5924818759564,51.56585945729009,0.0
71,91_2,91,0.0,0.0,0.0,0.0,0.0,0.0,0.0,0.0,13.0,11.0,5.5,4.5,0.0,0.0,1.5,1.5,3.0,2.0,5.5,4.5,0.0,0.0,8.5,4.5,0.0,0.0,2.5,0.5,15.0,0.0,10.0,2.0,6.0,2.0,0.0,0.0,0.0,0.0,11.0,1.0,1.5,0.5,0.0,0.0,0.0,0.0,0.5,0.5,14.775,2.0166666666666675,10.912645452865918,6.4762977934105015,80.49166666666667,45.79166666666667,86.60592447296884,27.04224239888764,32.11388888888889,19.63888888888889,117.52335666244512,22.471425234357483,688.3152777777777,305.5472222222222,351.23004759906934,143.79541093107375,13.0
72,91_2,91,4.027,1.0620000000000005,1.5,0.5,0.0,0.0,0.0,0.0,5.0,5.0,2.0,2.0,0.0,0.0,1.0,1.0,3.5,1.5,7.5,3.5,0.0,0.0,10.5,4.5,0.0,0.0,4.5,4.5,18.0,5.0,3.0,3.0,5.0,2.0,0.0,0.0,3.0,3.0,10.0,1.0,4.0,4.0,1.0,1.0,0.0,0.0,0.5,0.5,12.51388888888889,0.0027777777777782,14.453502168397886,4.758156778870899,54.13472222222222,43.59861111111111,93.95516171727748,31.645095934616776,-4.9208333333333325,28.72083333333333,103.38941194302043,48.88077942927526,562.5534722222222,523.7673611111112,154.19296448011534,106.6543401576853,7.0
73,91_2,91,0.853,0.853,0.5,0.5,0.0,0.0,0.0,0.0,5.0,5.0,1.0,1.0,0.0,0.0,0.0,0.0,0.0,0.0,3.5,3.5,0.0,0.0,1.5,0.5,0.0,0.0,0.0,0.0,9.0,3.0,3.5,2.5,3.5,1.5,0.0,0.0,2.0,2.0,19.0,0.0,2.5,2.5,1.0,1.0,2.5,2.5,2.5,2.5,10.797222222222222,4.588888888888889,11.032443186818114,4.897473975630317,4.620833333333334,0.2291666666666665,94.77912818761816,9.923181627187496,8.331944444444446,4.609722222222221,107.93789058569116,6.763418679819068,541.0125,485.39166666666665,145.81615113254983,88.34830248243748,14.0
74,91_2,91,1.4340000000000002,0.1869999999999999,1.0,0.0,0.0,0.0,0.0,0.0,1.0,1.0,0.0,0.0,0.0,0.0,0.0,0.0,0.5,0.5,3.5,2.5,0.0,0.0,3.0,1.0,0.0,0.0,0.5,0.5,16.0,10.0,0.0,0.0,0.5,0.5,0.0,0.0,0.0,0.0,17.0,10.0,1.0,1.0,0.5,0.5,0.5,0.5,0.0,0.0,3.513888888888889,6.747222222222222,11.758784517953744,5.103919964694812,-44.90694444444445,78.15138888888889,78.88972957560574,8.103964720143189,76.675,51.325,94.488229662457,11.494866473986704,490.27777777777777,470.12638888888887,145.9835352371503,112.29217073446998,5.5
75,91_2,91,4.011,1.6849999999999998,1.5,0.5,0.0,0.0,0.0,0.0,0.0,0.0,0.0,0.0,0.0,0.0,0.0,0.0,1.5,1.5,1.5,1.5,0.0,0.0,2.5,2.5,0.0,0.0,1.5,1.5,16.5,12.5,1.5,1.5,2.0,2.0,0.0,0.0,0.0,0.0,18.0,12.0,0.5,0.5,0.0,0.0,1.5,1.5,0.5,0.5,7.7125,2.1041666666666665,15.386442681744883,0.5648743136912238,-12.925,47.04166666666667,104.82363756310934,38.738032305820354,-17.7875,51.19583333333333,91.37828525243444,23.988483744919783,468.91875,312.41875,231.6108735546391,90.93421211814967,0.0
76,91_2,91,4.3885000000000005,1.0715,1.0,0.0,2.5,2.5,0.0,0.0,3.5,2.5,2.5,2.5,1.0,1.0,0.0,0.0,0.0,0.0,3.5,3.5,0.0,0.0,0.5,0.5,0.0,0.0,0.0,0.0,23.0,2.0,4.5,1.5,15.0,8.0,0.0,0.0,0.0,0.0,18.0,7.0,0.0,0.0,0.0,0.0,1.5,1.5,0.5,0.5,13.554166666666667,10.295833333333334,12.100749055229144,1.6070042253051984,-13.325,65.01666666666667,128.3751336938007,3.86414884819672,-58.66250000000001,70.10416666666667,107.32199662912134,31.9093558525984,933.3208333333332,1.8041666666666745,271.0862587284916,77.40344510873166,1.5
77,91_2,91,0.0,0.0,0.0,0.0,16.0,16.0,1.0,1.0,8.0,8.0,5.0,5.0,0.5,0.5,2.0,2.0,0.0,0.0,11.5,11.5,0.0,0.0,8.0,3.0,0.0,0.0,0.0,0.0,21.0,9.0,4.5,4.5,13.0,2.0,0.0,0.0,0.5,0.5,10.5,0.5,3.0,3.0,2.5,2.5,0.5,0.5,2.0,2.0,18.05,4.391666666666667,8.367408184218448,0.9668216834365292,110.01666666666668,58.25833333333333,83.37319960567882,48.2821662068175,89.5,75.45,101.73361218058736,38.0424497899804,1013.3166666666668,214.27083333333337,291.9334002796807,70.52042793407338,1.5
78,91_2,91,0.0,0.0,0.0,0.0,8.5,8.5,1.0,1.0,0.0,0.0,0.0,0.0,1.0,0.0,0.0,0.0,0.0,0.0,6.5,6.5,0.0,0.0,6.5,5.5,0.0,0.0,0.5,0.5,28.5,0.5,2.5,2.5,5.0,5.0,0.0,0.0,0.0,0.0,24.5,3.5,0.5,0.5,0.5,0.5,2.0,2.0,0.5,0.5,6.566666666666666,4.35,8.992586916311247,5.670480823952231,133.7875,41.42916666666667,55.69597870693175,54.64175440020718,-47.875,61.48333333333333,123.51920114946353,1.5710276744627194,619.35625,81.31458333333336,237.06343273438856,118.07482450280663,1.5
79,91_2,91,5.8345,3.7335,1.5,0.5,15.0,15.0,0.5,0.5,0.5,0.5,0.5,0.5,0.0,0.0,0.0,0.0,0.0,0.0,2.5,2.5,0.0,0.0,3.5,2.5,0.0,0.0,0.0,0.0,15.5,7.5,3.0,2.0,7.5,6.5,0.0,0.0,0.0,0.0,17.0,3.0,3.0,3.0,1.5,1.5,3.0,3.0,1.0,1.0,5.4375,5.445833333333334,12.0890227899814,4.220974712118915,103.64583333333331,45.69583333333334,73.36903709901034,10.031565194755885,-4.568055555555553,71.26527777777778,107.7141173245624,26.64196015448412,337.5076388888889,184.5423611111111,220.2215786496145,86.21098127637188,1.5
80,91_2,91,0.0,0.0,0.0,0.0,12.0,12.0,1.0,1.0,0.5,0.5,0.0,0.0,1.0,1.0,0.0,0.0,0.0,0.0,3.5,2.5,0.0,0.0,2.0,1.0,0.0,0.0,0.0,0.0,17.5,5.5,2.5,1.5,7.0,7.0,0.0,0.0,3.0,3.0,20.5,5.5,1.5,1.5,1.5,1.5,1.5,1.5,2.0,1.0,15.494444444444444,10.88611111111111,15.051633138595305,8.05202501464373,101.84861111111113,71.30972222222222,53.138357657629264,48.44018277559025,84.99583333333332,82.2625,64.10526038044401,29.32856300194708,475.81527777777774,91.36805555555554,377.1855961586066,100.7937062530676,1.5
81,91_2,91,0.0,0.0,0.0,0.0,0.0,0.0,0.0,0.0,1.0,1.0,0.0,0.0,0.0,0.0,0.0,0.0,1.0,1.0,10.0,10.0,0.0,0.0,1.0,1.0,0.0,0.0,1.0,1.0,23.5,5.5,2.5,1.5,2.0,2.0,0.0,0.0,0.5,0.5,28.5,0.5,0.0,0.0,0.0,0.0,2.0,2.0,2.0,1.0,9.491666666666664,15.908333333333331,7.68614893594186,1.8027919954793064,72.79166666666667,91.63333333333334,56.367832988834536,51.97268888804937,58.712500000000006,101.9375,68.25734550906019,35.109846860343616,496.5333333333333,300.775,235.82980446163697,87.84712412182301,0.0
82,91_2,91,4.064500000000001,0.0314999999999998,1.0,0.0,0.0,0.0,0.0,0.0,0.5,0.5,0.5,0.5,0.0,0.0,0.0,0.0,1.0,1.0,4.5,4.5,0.0,0.0,2.0,2.0,0.0,0.0,0.5,0.5,24.5,2.5,5.0,3.0,1.5,1.5,0.0,0.0,0.0,0.0,28.0,1.0,0.0,0.0,0.0,0.0,1.5,1.5,4.5,3.5,9.379166666666666,12.470833333333331,11.631141093060991,4.081725184823086,-11.562499999999996,53.27083333333333,130.73441667108716,23.4663464503132,-24.5375,30.5125,134.6816365982158,35.36617959377965,508.68125,257.66875000000005,191.16324859556988,136.73984676633222,0.0
83,91_2,91,0.901,0.901,0.5,0.5,0.0,0.0,0.0,0.0,0.0,0.0,0.0,0.0,0.0,0.0,0.0,0.0,1.0,1.0,5.5,5.5,0.0,0.0,0.0,0.0,0.0,0.0,1.0,1.0,25.0,5.0,1.5,1.5,1.5,1.5,0.0,0.0,0.0,0.0,29.0,1.0,0.0,0.0,0.0,0.0,0.0,0.0,0.0,0.0,5.749999999999999,14.583333333333332,6.428121939597119,3.687734700132189,-24.387500000000003,8.4625,123.360505390602,22.919237311523386,-73.825,20.38333333333333,115.9253403297107,26.002371366146,468.28541666666666,248.26041666666663,160.69230728249428,117.34145565527068,0.0
84,91_2,91,0.0,0.0,0.0,0.0,0.0,0.0,0.0,0.0,0.5,0.5,0.0,0.0,1.0,1.0,0.0,0.0,0.0,0.0,1.5,1.5,0.0,0.0,0.5,0.5,0.0,0.0,0.0,0.0,21.5,0.5,3.5,3.5,11.5,3.5,0.0,0.0,0.0,0.0,25.0,4.0,0.0,0.0,0.0,0.0,0.0,0.0,0.0,0.0,10.779166666666669,16.254166666666666,8.225843611478195,1.0359394242012736,102.02083333333334,64.37916666666666,86.16766025324156,51.02962293374026,-13.30833333333333,97.68333333333334,121.76764119651776,19.28450267824463,854.0104166666666,84.53958333333333,321.093937165862,255.54172607827,0.0
1,95_1,95,4.987666666666667,1.7767028138911944,1.3333333333333333,0.4714045207910317,6.333333333333333,8.956685895029603,5.333333333333333,7.542472332656507,6.75,5.931905258852336,0.75,0.82915619758885,0.25,0.4330127018922193,3.25,2.0463381929681126,3.25,3.418698582794336,5.0,5.338539126015656,1.5,2.598076211353316,7.25,5.448623679425842,0.0,0.0,4.75,3.191786333700926,11.5,1.6583123951777,9.75,10.256095748383007,6.0,6.164414002968976,0.0,0.0,2.0,3.4641016151377544,21.75,5.165994579942956,4.5,3.2015621187164243,1.5,1.5,0.25,0.4330127018922193,0.75,0.82915619758885,5.519381359381359,2.825219563571975,7.132465215305844,3.123941766864509,-1.897332112332113,56.30442686409213,107.81921765606528,7.097744606892383,16.914819139194147,53.01946240154373,114.314821569257,12.717810592723565,757.1330266839641,114.47460082470388,416.002018766311,206.10491243700312,0.0
2,95_1,95,2.3553333333333333,0.8526008575073228,1.0,0.0,4.333333333333333,6.128258770283412,1.6666666666666667,2.357022603955158,6.25,7.39509972887452,1.0,1.7320508075688772,0.0,0.0,3.25,3.2691742076555053,3.25,1.920286436967152,4.25,3.191786333700926,0.0,0.0,7.75,3.191786333700926,0.0,0.0,4.0,2.345207879911715,8.75,1.299038105676658,11.75,11.755317945508748,8.0,8.12403840463596,0.0,0.0,2.0,3.4641016151377544,17.75,5.7608593109014565,5.75,2.277608394786075,0.0,0.0,0.0,0.0,0.25,0.4330127018922193,9.12096920289855,3.350614913705667,3.938808598150098,1.64473650823599,-8.887937801932367,58.34059821217779,104.6455143435628,3.638916677846307,-10.90218900966184,77.97049162145196,81.96913396105523,16.428703395406128,509.9454106280193,168.8388489795102,331.0690323387126,111.82841142028413,5.666666666666667
3,95_1,95,6.843999999999999,1.8980159816678748,2.333333333333333,0.9428090415820634,13.666666666666666,19.3275853524323,0.6666666666666666,0.9428090415820634,8.5,8.5,5.5,5.545268253204709,0.0,0.0,4.25,4.264680527307995,0.5,0.5,0.75,1.299038105676658,0.75,1.299038105676658,5.5,3.5,0.0,0.0,3.0,3.0,12.25,9.283722313813572,7.5,7.365459931328117,11.0,11.0,0.0,0.0,6.0,10.392304845413264,14.75,13.7908484148003,3.75,3.2691742076555053,0.0,0.0,0.5,0.5,0.25,0.4330127018922193,11.890277777777778,6.451612542469373,6.1519930894451775,0.6985342963815295,-54.96597222222224,109.02759760025806,84.10275993484429,18.205041806892844,-73.03055555555557,112.78333282022233,75.74821455024549,9.860554883184756,726.9185763888888,134.57242236560285,129.32408077843735,23.639928601774155,5.666666666666667
4,95_1,95,5.998333333333334,3.840876664975791,1.6666666666666667,0.4714045207910317,3.0,4.242640687119285,0.6666666666666666,0.9428090415820634,7.75,4.493050188902857,5.5,3.3541019662496847,0.0,0.0,3.25,3.418698582794336,5.25,4.322904116447646,9.0,4.636809247747852,3.0,5.196152422706632,7.75,3.112474899497183,0.0,0.0,8.0,6.59545297913646,3.5,2.8722813232690143,16.5,7.0178344238091,8.75,5.068283733178324,0.0,0.0,2.75,4.763139720814412,15.25,9.310612224768036,5.25,2.947456530637899,1.0,1.0,0.0,0.0,1.5,2.598076211353316,17.521527777777777,4.287263281717052,7.873243909024742,0.9641025348842532,39.83645833333334,91.6016641390694,99.4863041323005,19.866454585942503,-70.0,77.83037400691042,94.34973176091772,23.84133759286472,748.6232638888888,48.67054110591175,286.46605982337167,149.35308988810988,7.0
5,95_1,95,3.2000000000000006,0.4980983838560411,1.3333333333333333,0.4714045207910317,16.333333333333332,23.098821518760555,5.0,7.071067811865476,4.75,3.418698582794336,2.5,2.5,0.0,0.0,2.5,2.5,1.0,1.0,1.25,0.82915619758885,0.0,0.0,3.25,2.7726341266023544,0.0,0.0,2.25,2.277608394786075,10.5,4.716990566028302,4.25,5.629165124598851,12.0,7.035623639735144,0.0,0.0,7.25,11.986972094736853,18.25,7.628073151196179,2.75,2.277608394786075,0.0,0.0,0.25,0.4330127018922193,0.0,0.0,14.78888888888889,4.089478086323305,4.641341713317786,1.1965757605908638,24.27638888888889,75.93576731752864,111.0220611427089,37.76137244643235,-51.21597222222222,90.17300694776854,81.51555541677025,9.155440652246812,613.5920138888889,129.4993952210983,230.4333334865809,133.68988353918084,6.666666666666667
6,95_1,95,4.685666666666666,1.890415180735585,2.333333333333333,0.4714045207910317,6.0,8.48528137423857,3.6666666666666665,5.185449728701348,1.25,1.6393596310755,0.5,0.5,0.0,0.0,3.25,2.0463381929681126,2.5,1.6583123951777,3.25,1.920286436967152,0.0,0.0,3.25,2.0463381929681126,0.0,0.0,2.5,1.6583123951777,6.5,5.024937810560445,8.5,8.986100377805714,5.25,3.2691742076555053,0.0,0.0,4.5,7.794228634059948,19.25,2.165063509461097,3.5,3.0413812651491097,0.5,0.5,0.0,0.0,0.0,0.0,13.18622685185185,4.11938209089226,7.218804235910744,1.9748762613508624,1.798148148148151,66.1239604012501,110.02926825372673,7.499844950024531,-21.13032407407408,91.2675728338592,77.51919026148191,8.705329768345173,592.0777777777778,109.85871433419396,257.27503934228264,126.60909959049532,7.0
7,95_1,95,3.2776666666666667,0.582987897720775,1.6666666666666667,0.9428090415820634,0.3333333333333333,0.4714045207910317,0.0,0.0,0.5,0.5,0.0,0.0,1.5,1.5,6.5,3.774917217635375,1.0,1.7320508075688772,1.0,1.7320508075688772,0.5,0.8660254037844386,3.0,2.1213203435596424,0.0,0.0,1.0,1.7320508075688772,6.5,6.18465843842649,10.5,12.05197079319395,4.25,3.960744879438715,0.0,0.0,0.75,1.299038105676658,23.0,1.7320508075688772,2.5,1.8027756377319943,0.0,0.0,0.0,0.0,0.25,0.4330127018922193,7.826512896825397,11.492606965270893,7.970984899893535,2.1836499185915974,-12.742865410052907,90.89178110182073,86.66522945477297,13.255920563235552,-27.44036871693121,21.87748961334568,97.93602944900736,46.87394156899841,568.0347470238095,298.248219872023,268.0885978218866,169.9553177730533,7.0
8,95_1,95,6.589333333333333,0.92383848997298,3.0,0.816496580927726,8.333333333333334,9.741092797468305,1.3333333333333333,1.8856180831641267,1.25,1.6393596310755,0.5,0.8660254037844386,0.0,0.0,7.75,7.75806032459145,0.75,0.82915619758885,3.25,5.629165124598851,0.0,0.0,3.75,5.931905258852336,0.0,0.0,0.75,0.82915619758885,9.25,9.310612224768036,6.75,4.493050188902857,5.25,5.931905258852336,0.0,0.0,7.75,8.13557004763649,25.25,1.299038105676658,0.0,0.0,0.0,0.0,0.75,1.299038105676658,0.75,1.299038105676658,5.605117753623188,6.72382540331111,4.677910149423486,2.018669593723968,49.9952536231884,69.30403892833714,81.70098561588759,14.721213604828623,54.02096014492754,63.67530017152368,86.56992470152697,37.24259940526634,484.2304393115942,145.94610505664693,191.3351096598429,91.66946545925416,7.0
9,95_1,95,3.0256666666666665,2.4390960529580537,1.0,0.816496580927726,11.666666666666666,16.49915822768611,0.0,0.0,3.5,6.06217782649107,1.75,3.031088913245535,0.0,0.0,9.5,7.632168761236874,0.0,0.0,0.25,0.4330127018922193,0.0,0.0,0.5,0.5,0.0,0.0,0.0,0.0,5.0,8.093207028119323,8.5,12.010412149464312,7.0,7.842193570679061,0.0,0.0,2.75,3.6996621467371855,26.25,4.763139720814412,0.5,0.5,0.0,0.0,1.25,2.165063509461097,0.25,0.4330127018922193,5.849814073226544,3.2574801116260272,4.343824584123745,1.484114316095235,-8.911600559369436,40.0431810652782,87.65102222712129,30.139566500296905,14.650591946351383,34.57790499697107,70.43588057212352,44.95877211480057,342.2321490433511,192.53954601516423,138.62720757152877,38.98100103841985,7.0
10,95_1,95,3.3383333333333334,2.37448413110909,1.3333333333333333,0.9428090415820634,15.666666666666666,22.15601247717849,0.6666666666666666,0.9428090415820634,1.75,1.0897247358851685,0.75,0.82915619758885,0.0,0.0,0.25,0.4330127018922193,0.0,0.0,4.25,7.361215932167728,0.0,0.0,2.5,3.2015621187164243,0.0,0.0,0.5,0.5,11.0,8.774964387392123,5.75,5.584576975922169,3.25,1.6393596310755,0.0,0.0,7.5,9.836157786453,25.75,3.491060010942235,0.25,0.4330127018922193,0.0,0.0,0.5,0.5,0.0,0.0,6.647599637681159,3.368793933892991,5.543383164086692,2.0316675436188034,24.359088164251204,78.77474831070822,103.47291259799673,15.196006493111058,33.40083031400966,54.21666111442463,116.2207205819881,8.337108811238467,581.1677838164252,57.06668967176657,230.2834324645666,172.95925908431826,13.666666666666666
11,95_1,95,6.167666666666666,3.650976155617685,2.333333333333333,0.9428090415820634,12.333333333333334,17.441967269268172,0.3333333333333333,0.4714045207910317,2.5,3.2015621187164243,0.5,0.8660254037844386,1.75,1.7853571071357126,0.0,0.0,0.75,0.82915619758885,4.0,3.4641016151377544,1.5,2.598076211353316,2.25,2.48746859276655,0.0,0.0,0.75,1.299038105676658,6.25,4.493050188902857,13.25,2.8613807855648994,9.75,3.418698582794336,0.0,0.0,3.5,4.387482193696061,22.0,5.049752469181039,2.25,0.4330127018922193,0.25,0.4330127018922193,0.25,0.4330127018922193,2.5,3.278719262151,8.796481733091788,5.951720431891727,7.92218044177554,3.04995653554184,76.72318957997852,77.41135983506334,74.44833436777779,26.97556963162766,68.73754839304884,82.98424708019034,82.44549253033176,21.51038017465269,725.0287886221819,174.3512658973912,295.8443827939176,141.99777411723218,0.3333333333333333
12,95_1,95,3.6153333333333335,2.4227593543084067,1.3333333333333333,0.4714045207910317,9.666666666666666,13.67073110293992,0.3333333333333333,0.4714045207910317,5.25,7.949056547792323,2.5,4.330127018922194,1.75,1.7853571071357126,1.75,1.920286436967152,2.5,1.8027756377319943,2.25,2.7726341266023544,1.0,1.7320508075688772,4.75,2.277608394786075,0.0,0.0,4.5,2.0615528128088303,2.75,2.48746859276655,22.25,6.759252917297888,14.0,6.442049363362563,0.0,0.0,0.5,0.8660254037844386,18.75,4.602988159880492,0.75,1.299038105676658,0.0,0.0,0.0,0.0,1.75,3.031088913245535,11.449512151560024,1.9971931048117768,12.146961947158731,3.836092782096301,57.797004918102,72.62195611623962,87.27756756024979,27.79959373446494,46.93323838100434,93.39088414327504,78.896337441206,33.4432793601364,661.7333863015679,128.52519725576883,274.06892974886875,125.81228376015976,0.3333333333333333
13,95_1,95,3.794000000000001,2.764890715139871,1.6666666666666667,0.9428090415820634,0.3333333333333333,0.4714045207910317,0.3333333333333333,0.4714045207910317,4.75,2.48746859276655,0.0,0.0,0.75,0.82915619758885,1.75,1.0897247358851685,3.0,3.0,3.0,3.0,0.0,0.0,3.25,2.7726341266023544,0.0,0.0,3.75,3.766629793329841,5.5,1.8027756377319943,12.75,6.49519052838329,8.0,6.519202405202649,0.0,0.0,2.25,3.344772040064913,17.0,4.301162633521313,0.25,0.4330127018922193,0.0,0.0,0.0,0.0,0.0,0.0,9.420027556710366,8.47053536886449,7.220974217913229,0.8457502621626116,69.37173906113635,52.66182080858943,82.42593394875115,14.86844271259408,22.87517742222915,39.44366733183035,110.35074180635732,22.593365776249144,623.6810252231782,170.3667391856022,407.1970443922504,191.351693552988,7.0
14,95_1,95,2.7236666666666665,1.5217271619957224,1.3333333333333333,0.4714045207910317,0.0,0.0,0.0,0.0,8.75,4.763139720814412,1.75,2.48746859276655,1.75,1.299038105676658,1.75,2.48746859276655,3.75,3.2691742076555053,3.75,3.2691742076555053,0.0,0.0,4.0,3.082207001484488,0.0,0.0,5.25,3.031088913245535,6.0,4.898979485566356,14.5,6.020797289396148,6.0,5.873670062235365,0.0,0.0,0.5,0.8660254037844386,21.0,3.9370039370059056,4.0,3.082207001484488,2.5,2.0615528128088303,0.0,0.0,0.0,0.0,8.961029040404041,7.78464982660391,7.061383255536514,0.4852299108558969,45.26065972222222,51.4607695745245,99.15346794558428,14.66022097517011,-37.03316919191919,63.19108314745447,92.8613993836328,28.78711238822119,1071.0768166035352,333.48358239119256,730.675234947812,427.4572640580163,0.0
15,95_1,95,4.650000000000001,0.932568853579545,1.6666666666666667,0.4714045207910317,0.0,0.0,0.0,0.0,3.75,1.479019945774904,0.25,0.4330127018922193,0.5,0.5,4.75,2.5860201081971503,0.0,0.0,0.0,0.0,0.0,0.0,0.0,0.0,0.0,0.0,0.0,0.0,1.0,1.7320508075688772,13.0,2.7386127875258306,8.5,4.609772228646444,0.0,0.0,0.25,0.4330127018922193,24.75,3.031088913245535,0.25,0.4330127018922193,0.0,0.0,0.0,0.0,0.0,0.0,6.550983962431332,4.815436768692166,4.964523639945301,0.794055853704724,28.712212918660285,54.66658314060928,82.73051613345507,7.1448001973002775,-25.130177432216904,75.44534105441458,87.60826831542455,15.70822050290636,633.4656340266703,53.11664048205026,468.78681816086646,251.0119893751284,7.0
16,95_1,95,1.4506666666666668,2.05155247448257,0.3333333333333333,0.4714045207910317,0.6666666666666666,0.9428090415820634,0.6666666666666666,0.9428090415820634,1.25,0.82915619758885,0.0,0.0,1.5,1.5,1.75,0.82915619758885,0.0,0.0,2.0,2.0,1.0,1.0,0.25,0.4330127018922193,0.0,0.0,0.0,0.0,3.0,4.636809247747852,8.5,1.5,6.75,2.7726341266023544,0.0,0.0,1.75,3.031088913245535,17.25,5.584576975922169,2.0,2.1213203435596424,0.5,0.8660254037844386,0.0,0.0,0.25,0.4330127018922193,5.626024122807018,5.160538172199629,6.903561288474902,1.111520594196375,54.02500934048084,45.564764384185054,86.43837067793183,13.929320150958898,1.8937485380116952,20.016735373481524,106.6462321014593,26.24577691594224,900.1706377517869,442.6446246691469,833.5001768415584,875.6524732714304,7.0
17,95_1,95,5.305666666666666,2.104295501006348,2.6666666666666665,0.4714045207910317,4.0,5.656854249492381,2.0,2.8284271247461903,1.75,1.299038105676658,0.25,0.4330127018922193,0.0,0.0,2.5,2.5,0.0,0.0,0.25,0.4330127018922193,0.0,0.0,0.25,0.4330127018922193,0.0,0.0,0.0,0.0,8.0,12.727922061357855,1.0,0.7071067811865476,3.5,1.6583123951777,0.0,0.0,7.25,11.986972094736853,17.75,10.059199769365357,0.25,0.4330127018922193,0.0,0.0,0.0,0.0,5.0,8.660254037844387,7.257054093567251,4.273381749961393,3.021076729636164,1.1726386075195758,69.0982456140351,60.04700078045333,48.38619875933493,35.280852861168746,55.57796052631579,48.09290221055405,65.68886068243019,18.382338474570577,382.2786092836257,120.54164423598398,383.4505514302023,211.71021793174043,6.666666666666667
18,95_1,95,1.9806666666666668,0.5556649670039993,1.0,0.0,10.666666666666666,8.576453553512405,0.6666666666666666,0.4714045207910317,2.5,3.2015621187164243,1.0,1.7320508075688772,0.25,0.4330127018922193,3.0,2.1213203435596424,0.0,0.0,0.25,0.4330127018922193,0.0,0.0,0.0,0.0,0.0,0.0,0.0,0.0,5.0,8.093207028119323,7.25,1.479019945774904,5.75,3.6996621467371855,0.0,0.0,3.0,4.06201920231798,20.25,6.609652033201143,0.0,0.0,0.0,0.0,0.25,0.4330127018922193,0.75,1.299038105676658,2.319499669312169,1.689780864763785,7.180253646709414,5.58021721056195,22.84262533068783,36.04843277447889,100.8631732571892,25.20374087750536,21.44949371693121,38.466106860080046,85.7675351766339,21.257732052693296,587.766281084656,315.4627823371368,405.72938820765233,15.640806859220898,0.3333333333333333
19,95_1,95,1.6566666666666665,0.1512378553434585,1.0,0.0,6.333333333333333,8.956685895029603,4.333333333333333,6.128258770283412,0.5,0.8660254037844386,0.0,0.0,0.0,0.0,4.0,2.449489742783178,1.25,1.0897247358851685,1.5,1.5,0.75,1.299038105676658,2.75,0.82915619758885,0.0,0.0,1.5,1.118033988749895,6.0,7.516648189186454,6.25,4.968651728587948,0.75,0.82915619758885,0.0,0.0,1.75,3.031088913245535,24.0,4.636809247747852,1.75,1.299038105676658,0.0,0.0,0.0,0.0,1.75,2.48746859276655,-0.0342451651158547,2.558575151249827,8.386366779685268,2.6832076175444177,12.117476042236817,48.34558762801655,89.23395256252306,8.07777156683058,-19.352351156267105,38.17855422700508,95.530119467738,20.72318050860756,704.9614861111112,485.3254191439876,421.8006235077331,167.97150082682404,7.0
20,95_1,95,4.89,2.8977620100116344,2.0,0.816496580927726,13.0,18.384776310850235,0.0,0.0,1.25,0.4330127018922193,0.0,0.0,0.25,0.4330127018922193,4.0,3.5355339059327378,1.5,1.118033988749895,3.75,4.322904116447646,1.25,2.165063509461097,4.25,3.2691742076555053,0.0,0.0,2.0,1.4142135623730951,7.0,8.396427811873332,7.5,3.840572873934304,3.75,3.2691742076555053,0.0,0.0,2.5,4.330127018922194,20.0,5.873670062235365,4.25,2.48746859276655,0.0,0.0,0.0,0.0,0.25,0.4330127018922193,3.9366863715325495,4.883176567093013,11.160005379186858,2.613930403264864,8.351380192487017,43.8020626710051,102.45873678896037,6.450215013044142,-19.651256584772284,28.735672276741443,100.31740852133537,24.545712514209427,626.8917854233991,400.85512483532585,280.2215832053976,90.06268482493235,5.666666666666667
21,95_1,95,5.283,1.6329537654201964,1.6666666666666667,0.4714045207910317,7.0,9.201449161228174,0.6666666666666666,0.4714045207910317,0.75,0.82915619758885,0.0,0.0,0.0,0.0,3.5,2.598076211353316,1.5,2.598076211353316,3.5,4.387482193696061,0.5,0.5,2.75,4.763139720814412,0.0,0.0,2.5,4.330127018922194,13.0,6.6332495807108,4.25,2.165063509461097,0.75,0.4330127018922193,0.0,0.0,2.0,2.9154759474226504,27.5,2.0615528128088303,0.0,0.0,0.0,0.0,0.0,0.0,0.0,0.0,1.547808413808414,5.92845629721394,5.887467199300928,3.156713641168809,40.08969481906982,72.85513093985931,83.48488193579283,8.792548405533168,1.4354855352980334,60.86949420609056,100.014923301038,28.762188708523706,697.3338255563881,513.0372628915057,334.30627644942865,104.01746117209984,7.0
22,95_1,95,7.903333333333333,3.606373647986144,3.0,0.816496580927726,10.0,14.142135623730953,1.0,1.4142135623730951,2.0,2.345207879911715,1.0,0.7071067811865476,0.25,0.4330127018922193,3.25,2.7726341266023544,1.0,1.7320508075688772,1.25,1.6393596310755,0.5,0.8660254037844386,2.0,1.4142135623730951,0.0,0.0,1.0,1.7320508075688772,6.5,10.136567466356649,9.0,2.1213203435596424,1.5,0.8660254037844386,0.0,0.0,3.25,5.629165124598851,20.5,7.697402159170326,1.0,0.7071067811865476,0.0,0.0,0.0,0.0,0.5,0.5,6.52127239967234,4.235076860965866,6.775197735115859,1.2222650189554347,40.96795480996969,49.93059938387901,73.90394858447883,8.98574214039813,-17.63700628628004,12.429859599900691,77.63207706358128,30.29584109726083,565.1043623613484,422.5019808290318,372.944290478176,87.77117829181799,5.666666666666667
23,95_1,95,7.010333333333333,1.8717268912839704,1.6666666666666667,0.4714045207910317,8.0,9.273618495495704,0.6666666666666666,0.9428090415820634,2.0,2.345207879911715,1.25,2.165063509461097,0.0,0.0,0.75,0.4330127018922193,1.0,1.7320508075688772,4.75,7.084313657652377,0.75,1.299038105676658,5.0,6.4031242374328485,0.0,0.0,1.25,2.165063509461097,11.25,6.417748826496718,6.75,3.897114317029974,6.0,6.96419413859206,0.0,0.0,6.75,6.759252917297888,28.0,2.345207879911715,0.75,0.4330127018922193,0.0,0.0,1.75,3.031088913245535,0.0,0.0,8.562664688241197,2.5745910363920053,5.263411597892791,0.1547859135348133,51.62652156312716,37.26895762677284,92.85654962780362,33.94688730586194,33.303038793103454,61.71552868039952,93.5818527750801,19.391094083230584,433.2652514795429,152.43540949417223,232.14059755941807,66.31601897076031,6.0
24,95_1,95,6.165666666666667,2.077121779985201,3.0,0.816496580927726,9.0,12.727922061357855,2.333333333333333,3.2998316455372216,0.0,0.0,0.0,0.0,0.0,0.0,3.5,3.0413812651491097,1.75,3.031088913245535,2.0,2.0,0.0,0.0,1.75,2.48746859276655,0.0,0.0,2.0,3.4641016151377544,5.25,6.796138609534093,7.5,9.096702699330129,3.5,2.598076211353316,0.0,0.0,1.75,1.920286436967152,22.75,12.55736835487436,0.0,0.0,0.0,0.0,0.75,1.299038105676658,0.0,0.0,2.252686995811996,2.940922184063834,5.743458147040312,3.6630429350784577,18.46474025130275,27.855000427900137,88.7266285392088,28.86718556930493,-17.036347153222152,64.15095885528052,81.16040585719443,20.97777344078177,536.0077029606717,416.91931380189374,273.1741256359727,223.6086214465773,14.0
25,95_1,95,3.566666666666667,1.5479798304744017,1.0,0.0,13.666666666666666,19.3275853524323,0.6666666666666666,0.9428090415820634,2.25,3.897114317029974,0.25,0.4330127018922193,0.75,0.4330127018922193,0.75,0.4330127018922193,1.25,2.165063509461097,1.0,1.0,0.0,0.0,0.25,0.4330127018922193,0.0,0.0,1.75,3.031088913245535,9.25,9.01041064547005,5.75,9.390819985496474,5.25,4.085033659592048,0.0,0.0,5.25,7.46240577829965,27.25,4.763139720814412,0.0,0.0,0.0,0.0,5.0,8.660254037844387,0.25,0.4330127018922193,6.472262335651315,1.7699876895287157,4.394642529169368,2.740858968123111,53.52327963665084,32.79778546915122,85.3408500403696,27.61282794884743,35.46279368675765,37.3067274524032,87.93135173591801,48.35566793203584,440.2046704171595,270.3413120089611,186.67055187629617,143.397029503382,0.3333333333333333
26,95_1,95,4.187666666666667,0.4968784783246526,1.6666666666666667,0.4714045207910317,15.0,10.98483803552272,2.333333333333333,3.2998316455372216,2.0,3.4641016151377544,0.5,0.8660254037844386,2.5,2.5,1.75,1.299038105676658,0.5,0.8660254037844386,1.25,2.165063509461097,0.0,0.0,1.0,1.7320508075688772,0.0,0.0,0.5,0.8660254037844386,4.75,3.031088913245535,8.25,8.437268515343103,3.25,3.418698582794336,0.0,0.0,3.5,3.5,24.0,3.6742346141747673,0.75,0.82915619758885,0.0,0.0,1.5,2.598076211353316,0.0,0.0,4.6598224031075866,3.7184256799301454,6.216336214492124,4.250006632505825,30.082873293263024,41.0150604767744,100.9522528995382,21.447340713151387,47.36922080837103,70.80790060694144,89.46032849528413,31.553277957300097,819.6317149457128,234.7847206547464,442.4437040852728,116.81397618712008,7.0
27,95_1,95,6.542000000000001,0.8532854153212744,2.6666666666666665,0.4714045207910317,9.666666666666666,13.67073110293992,1.3333333333333333,1.8856180831641267,1.25,1.0897247358851685,0.75,1.299038105676658,8.0,7.035623639735144,1.75,1.7853571071357126,0.0,0.0,5.25,7.39509972887452,3.5,6.06217782649107,2.25,3.897114317029974,0.0,0.0,0.0,0.0,11.5,5.024937810560445,10.0,10.606601717798211,3.75,3.897114317029974,0.0,0.0,2.5,0.8660254037844386,24.25,4.264680527307995,0.25,0.4330127018922193,0.0,0.0,1.0,1.0,2.5,3.278719262151,7.411638099219621,7.821194516393396,13.93515322854102,1.9441279471951112,28.0302059444179,62.76338305186963,99.65734975093469,14.809233325323737,39.13862043451718,76.68754661079143,76.91585115798634,3.95294864724613,726.6351330161383,183.7901942040357,474.4374262983825,229.40664290234872,7.0
28,95_1,95,0.8570000000000001,1.2119810229537424,0.3333333333333333,0.4714045207910317,14.666666666666666,12.256517540566824,1.3333333333333333,1.247219128924647,2.25,1.920286436967152,0.0,0.0,1.5,1.5,2.75,2.277608394786075,1.5,2.598076211353316,4.75,8.227241335952167,0.25,0.4330127018922193,4.75,8.227241335952167,0.0,0.0,2.25,3.897114317029974,9.25,6.977642868476432,11.0,8.154753215150045,8.25,9.175374651751284,0.0,0.0,6.0,3.0,26.0,4.301162633521313,0.25,0.4330127018922193,0.0,0.0,1.25,0.82915619758885,0.0,0.0,14.891794708427774,9.185010926069,7.775122968197418,1.3057468824149547,75.59168545388303,42.21647947185764,105.40734546767304,34.819625045881075,9.246305274027051,80.8608806618519,108.76089875360468,17.931100665259983,658.7266858141859,155.37617200850588,259.11210036525847,102.9026818900315,7.0
29,95_1,95,2.410333333333333,0.431176169203365,1.6666666666666667,0.4714045207910317,19.33333333333333,18.90913947157711,3.6666666666666665,2.6246692913372702,5.0,8.093207028119323,0.75,1.299038105676658,0.75,0.82915619758885,1.0,0.7071067811865476,0.75,1.299038105676658,4.25,7.361215932167728,0.5,0.8660254037844386,4.25,7.361215932167728,0.0,0.0,2.5,4.330127018922194,6.25,5.7608593109014565,14.5,13.047988350699889,8.25,7.917543811056558,0.0,0.0,3.75,4.9180788932265,14.75,6.977642868476432,4.25,3.766629793329841,0.0,0.0,0.0,0.0,2.0,2.449489742783178,16.445138888888888,8.892818006397487,7.471954887058765,0.6460827802754925,93.6875,30.09288716023919,106.07546017293836,16.74203760518548,39.1111111111111,92.62710317750177,104.4900553211815,7.967874458725489,826.5746527777777,235.10074012373383,342.64701866448416,188.61150915426305,7.0
30,95_1,95,5.056,1.3721926492539838,1.6666666666666667,0.4714045207910317,7.0,9.899494936611664,0.6666666666666666,0.9428090415820634,4.75,8.227241335952167,1.75,3.031088913245535,0.0,0.0,9.0,9.0,2.5,4.330127018922194,2.75,4.763139720814412,0.25,0.4330127018922193,3.25,5.629165124598851,0.0,0.0,2.75,4.763139720814412,5.5,6.5383484153110105,9.0,8.860022573334675,7.5,1.118033988749895,0.0,0.0,2.5,4.330127018922194,23.5,2.0615528128088303,1.5,2.598076211353316,0.5,0.8660254037844386,0.75,0.82915619758885,1.5,2.598076211353316,14.243700899661578,6.812330699674987,6.186960481293977,1.933142717399644,43.0493710857202,2.531032467123046,92.71758516129864,29.448071519019013,-7.871520941050992,35.922009011568015,62.103003393649125,45.78293883246968,305.92722633948176,258.73394335939173,104.0489097618498,100.4115033417832,7.0
31,95_1,95,1.3196666666666668,1.8662904978116943,0.3333333333333333,0.4714045207910317,9.333333333333334,13.199326582148888,0.6666666666666666,0.9428090415820634,2.25,2.277608394786075,1.0,1.0,0.0,0.0,3.0,3.0,3.75,2.48746859276655,3.5,2.8722813232690143,1.75,3.031088913245535,3.75,2.165063509461097,0.0,0.0,4.0,2.345207879911715,11.5,7.533259586659682,10.75,5.356071321407137,4.0,3.6742346141747673,0.0,0.0,4.0,6.928203230275509,20.5,9.013878188659971,2.25,1.7853571071357126,0.0,0.0,0.25,0.4330127018922193,0.75,0.82915619758885,11.565710160818714,5.363069366150606,10.765373221158873,1.7387915157879963,-16.159751659240698,70.72211656209957,106.94249664014312,20.650328025368367,-52.92741287245893,79.06811721681646,102.527326204983,14.949765882416948,670.7136035081918,105.12825448982532,343.9372786597886,127.92468632159418,7.0
32,95_1,95,5.27,2.947653643154161,1.6666666666666667,0.4714045207910317,11.666666666666666,8.498365855987974,0.0,0.0,2.0,1.5811388300841898,0.0,0.0,0.75,0.82915619758885,2.75,1.6393596310755,0.0,0.0,2.0,3.4641016151377544,0.25,0.4330127018922193,3.25,5.629165124598851,0.0,0.0,0.0,0.0,5.75,5.84700778176325,6.0,2.9154759474226504,4.5,4.387482193696061,0.0,0.0,5.25,6.53356717268599,25.0,2.1213203435596424,0.25,0.4330127018922193,0.0,0.0,0.25,0.4330127018922193,0.25,0.4330127018922193,8.344431180818553,1.266745957163219,5.136848184186421,2.7825745280182748,43.71209421906889,65.86580363970418,74.77896394741015,25.88032452725169,15.322038495194832,89.02476888588366,63.20253250745415,16.762946422502075,503.0638971209728,314.767237024017,281.2850129982397,229.19300453136245,14.0
33,95_1,95,4.781333333333333,2.242340642176285,2.0,0.816496580927726,19.666666666666668,14.383632673594278,2.333333333333333,2.0548046676563256,8.0,8.336666000266533,2.25,3.897114317029974,0.0,0.0,3.75,2.7726341266023544,0.5,0.5,2.75,4.763139720814412,0.25,0.4330127018922193,2.5,4.330127018922194,0.0,0.0,0.5,0.5,6.25,8.1967981553775,7.0,7.54983443527075,7.5,6.020797289396148,0.0,0.0,5.5,5.545268253204709,21.5,8.5,0.25,0.4330127018922193,0.0,0.0,2.25,3.897114317029974,0.5,0.5,11.278891419461836,3.775667777736031,6.219928728711492,0.8716119964337248,44.62732626708699,27.2034953007116,91.59194217665346,18.371717521957123,3.393733055748964,72.84301195064708,77.65125841858591,28.88784261471654,601.6548439838591,471.23570891595136,361.9824064774261,385.07454018315553,14.0
34,95_1,95,8.095666666666666,1.096179527064593,2.6666666666666665,0.4714045207910317,13.333333333333334,11.469767022723502,0.3333333333333333,0.4714045207910317,7.25,8.13557004763649,2.5,4.330127018922194,0.0,0.0,5.25,4.322904116447646,1.25,0.82915619758885,5.0,8.093207028119323,0.0,0.0,5.5,6.652067347825035,0.0,0.0,1.75,1.0897247358851685,9.25,11.431863365173676,6.0,9.273618495495704,8.75,7.562241731127087,0.0,0.0,6.75,9.03811374126261,21.25,8.104782538723663,1.5,0.5,0.0,0.0,1.75,3.031088913245535,0.0,0.0,10.052443979831573,3.6277775220655055,6.562711335491465,2.749813634459981,33.554157073471984,57.5944192400921,111.82249053003147,21.26913698580271,-14.133328862439322,54.12115909797858,107.8646571079644,13.899968121327,579.7959646873485,245.4092508768632,251.36373322949729,108.22679404921386,14.0
1,95_2,95,4.2876666666666665,1.6620437886997912,1.6666666666666667,0.4714045207910317,0.0,0.0,0.0,0.0,10.333333333333334,6.128258770283412,3.6666666666666665,5.185449728701348,2.0,2.8284271247461903,0.3333333333333333,0.4714045207910317,7.333333333333333,4.189935029992178,12.333333333333334,2.494438257849294,0.6666666666666666,0.4714045207910317,17.0,5.656854249492381,0.0,0.0,10.333333333333334,6.128258770283412,14.0,7.788880963698615,12.666666666666666,10.274023338281626,6.0,2.160246899469287,0.0,0.0,1.3333333333333333,1.247219128924647,13.333333333333334,5.792715732327589,9.666666666666666,5.436502143433363,1.0,0.816496580927726,2.0,2.8284271247461903,3.333333333333333,2.867441755680876,11.24962962962963,7.862521524218097,11.082956309645724,3.210843128348482,-2.2835185185185165,21.24643775677555,130.10444408115248,9.33258945365092,9.953148148148149,24.25960087545729,120.75794945760538,15.41342648953616,782.0211111111112,399.18815860857205,380.3826215531022,112.65072900719464,0.0
2,95_2,95,2.968666666666666,0.8975560644822633,1.6666666666666667,0.4714045207910317,0.0,0.0,0.0,0.0,14.0,9.899494936611664,7.333333333333333,5.312459150169743,1.0,0.816496580927726,3.6666666666666665,4.496912521077348,2.0,0.816496580927726,8.333333333333334,8.993825042154695,1.6666666666666667,2.357022603955158,13.0,3.559026084010437,0.0,0.0,6.333333333333333,3.0912061651652345,9.0,5.887840577551898,13.0,7.3484692283495345,10.333333333333334,9.285592184789412,0.0,0.0,0.0,0.0,10.666666666666666,8.178562764256865,4.0,4.320493798938574,0.3333333333333333,0.4714045207910317,0.6666666666666666,0.9428090415820634,4.666666666666667,4.642796092394706,11.92759259259259,8.85489707033347,9.401855590680343,3.902498781557607,25.20018518518518,70.63340597461487,97.15324039533232,15.440687343690827,47.37444444444446,76.71993438270944,88.64095255710053,13.735242426049988,619.0889814814815,496.1095409631188,201.61742432159065,16.638803682607815,0.0
3,95_2,95,1.127,1.593818684794478,0.3333333333333333,0.4714045207910317,0.0,0.0,0.0,0.0,14.666666666666666,9.568466729604882,8.0,8.48528137423857,0.6666666666666666,0.9428090415820634,5.0,4.546060565661952,2.333333333333333,1.699673171197595,8.0,5.656854249492381,1.6666666666666667,1.247219128924647,10.666666666666666,6.548960901462833,0.0,0.0,6.0,7.118052168020874,5.333333333333333,6.18241233033047,20.666666666666668,5.312459150169742,12.0,8.524474568362947,0.0,0.0,0.0,0.0,14.333333333333334,11.469767022723502,1.3333333333333333,1.8856180831641267,0.3333333333333333,0.4714045207910317,0.0,0.0,4.0,4.96655480858378,13.89537037037037,5.616442431200589,10.466501945401829,4.497527222991531,-9.046296296296292,64.17035604807002,105.54641587675182,23.825566827809165,14.314814814814818,74.07534207248054,110.00809015153654,3.9174189423978096,574.0462962962962,543.3417994780996,135.47189492664117,104.0668196136576,0.0
4,95_2,95,3.3023333333333333,0.7589169183045591,1.6666666666666667,0.4714045207910317,1.3333333333333333,1.8856180831641267,0.0,0.0,15.0,9.626352718795768,5.666666666666667,6.599663291074443,0.0,0.0,7.666666666666667,5.436502143433364,0.6666666666666666,0.9428090415820634,5.666666666666667,7.318166133366716,0.0,0.0,6.666666666666667,4.784233364802441,0.0,0.0,2.6666666666666665,2.494438257849294,8.333333333333334,6.018490028422597,9.0,9.93310961716756,5.333333333333333,5.557777333511022,0.0,0.0,1.6666666666666667,1.699673171197595,14.0,11.224972160321824,3.0,3.559026084010437,2.0,2.8284271247461903,0.6666666666666666,0.9428090415820634,5.0,4.242640687119285,6.960449735449735,4.76921414691426,8.920201243922248,6.270576354549439,7.806613756613757,82.71943222722831,84.48136114732871,26.74792328583124,76.34272486772487,53.12608783025406,77.75919429494884,27.33060248817245,559.3833664021164,287.7275311136764,300.7640116304951,181.30266260916827,7.0
5,95_2,95,4.966666666666666,1.5408245267460603,1.6666666666666667,0.4714045207910317,13.333333333333334,18.856180831641264,1.3333333333333333,1.8856180831641267,17.333333333333332,2.494438257849294,3.6666666666666665,1.8856180831641267,0.3333333333333333,0.4714045207910317,1.6666666666666667,1.699673171197595,0.6666666666666666,0.9428090415820634,3.333333333333333,3.39934634239519,0.0,0.0,10.0,7.874007874011811,0.0,0.0,5.666666666666667,6.018490028422596,15.666666666666666,3.2998316455372216,5.0,0.816496580927726,4.666666666666667,3.0912061651652345,0.0,0.0,9.666666666666666,7.408703590297623,20.0,1.632993161855452,9.0,5.354126134736337,4.333333333333333,3.2998316455372216,1.3333333333333333,1.8856180831641267,5.0,1.632993161855452,1.857407407407408,3.944653967657264,6.271148558039793,2.1989265716531285,35.6638888888889,87.83234274513443,95.58067201069582,23.555600576918938,64.46666666666667,72.8183483186199,93.89790387116264,37.25226201380407,1074.3444444444442,433.8273660367411,333.3860910318188,171.98476200323032,7.0
6,95_2,95,1.8096666666666668,1.986848817152987,0.6666666666666666,0.4714045207910317,8.0,10.614455552060438,3.333333333333333,4.027681991198191,10.666666666666666,5.436502143433364,0.3333333333333333,0.4714045207910317,0.0,0.0,3.0,4.242640687119285,2.333333333333333,1.247219128924647,3.6666666666666665,1.247219128924647,0.0,0.0,11.0,6.683312551921141,0.0,0.0,4.333333333333333,0.9428090415820634,19.666666666666668,7.363574011458174,5.333333333333333,3.6817870057290873,6.333333333333333,8.259674462242579,0.0,0.0,7.333333333333333,5.436502143433363,22.0,1.4142135623730951,6.666666666666667,2.0548046676563256,2.6666666666666665,1.699673171197595,1.6666666666666667,2.357022603955158,2.0,2.8284271247461903,1.8798941798941804,8.5041296634864,7.403720728102862,3.82691737229164,-48.84550264550265,37.37552024462605,130.14672712159822,32.84753056642831,-37.882407407407406,82.44177772633024,116.41526838798744,24.576304197850387,1115.6507275132274,576.2636644323401,253.1447378472868,65.80902005566976,7.0
7,95_2,95,3.427,1.7007988319218317,1.6666666666666667,0.9428090415820634,7.0,8.524474568362947,0.3333333333333333,0.4714045207910317,12.666666666666666,6.548960901462833,6.0,0.0,0.0,0.0,6.0,2.943920288775949,3.333333333333333,2.494438257849294,5.333333333333333,3.858612300930076,0.0,0.0,11.0,4.546060565661952,0.0,0.0,6.666666666666667,0.9428090415820634,20.666666666666668,7.408703590297623,6.0,4.242640687119285,7.666666666666667,4.988876515698588,0.0,0.0,3.6666666666666665,2.6246692913372702,19.33333333333333,4.027681991198191,6.666666666666667,3.0912061651652345,4.0,3.741657386773941,1.3333333333333333,0.9428090415820634,1.6666666666666667,2.357022603955158,0.1429365079365077,7.180640440819859,7.582497370217573,1.6668397457390491,-23.18809523809524,92.29141815714662,103.6118176207641,36.90828483289895,51.16761904761905,83.54883790518049,116.43224125034128,39.79838477998577,1118.1934523809523,472.29774112620095,343.0996107993517,170.75732809481303,7.0
8,95_2,95,0.0,0.0,0.0,0.0,14.333333333333334,20.27039439401436,3.6666666666666665,5.185449728701348,11.333333333333334,8.576453553512405,5.0,4.546060565661952,0.0,0.0,1.3333333333333333,1.8856180831641267,1.6666666666666667,2.357022603955158,2.333333333333333,3.2998316455372216,0.0,0.0,5.333333333333333,7.542472332656507,0.0,0.0,2.333333333333333,3.2998316455372216,13.333333333333334,10.656244908763853,6.666666666666667,4.988876515698588,3.6666666666666665,3.299831645537222,0.0,0.0,0.0,0.0,13.666666666666666,11.556623882239812,4.333333333333333,6.128258770283412,2.0,2.8284271247461903,0.0,0.0,0.6666666666666666,0.4714045207910317,0.643148148148148,8.846162665006087,7.334507864297883,0.6270338477033549,10.412592592592588,73.18908215136409,102.74612065500824,19.09405428584436,63.73037037037037,82.2031913165178,80.42063424766114,30.978628670799026,832.6099074074074,136.6595236627627,456.6347534964695,284.66777362136503,0.3333333333333333
9,95_2,95,3.260333333333333,1.8629482607475232,1.0,0.0,5.666666666666667,6.64997911442,2.333333333333333,2.0548046676563256,10.666666666666666,12.970050972229147,4.0,5.656854249492381,0.0,0.0,1.0,0.816496580927726,4.0,3.559026084010437,6.333333333333333,6.342099196813483,0.3333333333333333,0.4714045207910317,9.666666666666666,6.018490028422597,0.0,0.0,5.333333333333333,4.784233364802441,15.666666666666666,7.363574011458175,5.666666666666667,4.496912521077348,7.0,8.48528137423857,0.0,0.0,5.333333333333333,4.109609335312651,19.0,6.164414002968976,6.0,5.656854249492381,1.0,0.816496580927726,0.0,0.0,2.0,2.160246899469287,0.737037037037037,7.151953866008149,7.161679601722277,1.1420059486718064,-3.112037037037041,68.12856274269596,100.03564299364967,9.418835633707747,75.30092592592592,52.1499210064017,97.1230346055908,7.183485098306543,930.6685185185185,195.98767047523503,594.4180520725487,339.57707601090874,7.0
10,95_2,95,1.308,1.2413283207918846,0.6666666666666666,0.4714045207910317,6.0,8.48528137423857,1.3333333333333333,1.8856180831641267,14.333333333333334,10.624918300339486,5.0,4.546060565661952,0.3333333333333333,0.4714045207910317,1.0,0.816496580927726,6.333333333333333,5.557777333511022,7.333333333333333,7.717224601860151,0.0,0.0,10.0,11.430952132988164,0.0,0.0,8.666666666666666,9.568466729604882,10.666666666666666,8.993825042154695,10.0,5.656854249492381,9.0,7.118052168020874,0.0,0.0,0.0,0.0,7.333333333333333,8.339997335464536,7.0,8.524474568362947,2.0,2.8284271247461903,0.0,0.0,0.0,0.0,5.478148148148147,7.979013836119233,4.607844186438734,1.2483655729426886,-0.4955555555555548,60.533680345513766,89.80093181813032,32.87697253383549,66.14537037037037,55.222784590499145,89.51980173339695,25.729001254131774,920.9101851851852,516.3716693709354,360.90764307501627,252.9183331967093,7.0
11,95_2,95,4.512,3.7636562896559327,2.0,0.816496580927726,16.0,17.281975195754296,0.3333333333333333,0.4714045207910317,14.333333333333334,11.469767022723502,5.666666666666667,4.921607686744467,0.0,0.0,0.6666666666666666,0.4714045207910317,3.0,4.242640687119285,6.333333333333333,2.867441755680876,0.0,0.0,13.0,8.831760866327848,0.0,0.0,3.333333333333333,4.027681991198191,17.666666666666668,5.734883511361751,9.666666666666666,9.46337971105226,8.0,9.273618495495704,0.0,0.0,3.0,1.4142135623730951,19.666666666666668,7.1336448530109,6.0,3.559026084010437,2.0,1.632993161855452,0.6666666666666666,0.4714045207910317,0.0,0.0,0.708333333333333,12.18635393471822,9.463986264439074,2.8615710696239125,-50.81944444444445,58.94080376755505,115.19182419791792,24.138294724674186,43.57777777777778,42.99927988917552,126.1733317259113,12.110618239632034,1152.5791666666669,519.5185708881687,338.5092870410442,118.52778282362463,6.0
12,95_2,95,2.7976666666666667,2.504695102313964,0.6666666666666666,0.4714045207910317,4.0,5.656854249492381,0.0,0.0,14.0,8.524474568362947,8.666666666666666,6.236095644623235,0.0,0.0,0.6666666666666666,0.9428090415820634,7.0,6.164414002968976,6.333333333333333,7.586537784494029,0.0,0.0,12.666666666666666,9.843215373488931,0.0,0.0,10.0,9.092121131323903,22.666666666666668,4.496912521077347,6.333333333333333,5.312459150169743,10.333333333333334,10.402991022884825,0.0,0.0,3.6666666666666665,3.858612300930076,17.666666666666668,9.741092797468305,3.6666666666666665,5.185449728701348,0.3333333333333333,0.4714045207910317,0.0,0.0,0.0,0.0,-0.7777777777777771,12.04012837797109,7.674369283177349,3.039468854954558,-36.33333333333333,88.90621697421764,100.88036758131204,50.7549610929637,38.02944444444444,128.8666284871856,70.80675630268927,38.68302077334227,1055.8866666666668,421.4871478769703,259.30679628129207,107.28601129008484,5.666666666666667
13,95_2,95,3.043333333333333,2.464845138250181,1.0,0.816496580927726,6.0,8.48528137423857,0.0,0.0,16.0,10.677078252031311,9.333333333333334,6.79869268479038,0.0,0.0,3.0,0.816496580927726,6.666666666666667,9.428090415820632,8.0,10.614455552060438,0.3333333333333333,0.4714045207910317,10.666666666666666,9.568466729604882,0.0,0.0,8.333333333333334,11.785113019775793,16.333333333333332,6.342099196813483,6.666666666666667,5.734883511361751,12.0,12.96148139681572,0.0,0.0,1.6666666666666667,2.357022603955158,17.333333333333332,5.436502143433363,1.6666666666666667,0.4714045207910317,0.0,0.0,0.0,0.0,1.3333333333333333,1.247219128924647,7.231944444444444,9.921761127874465,5.6403822154311465,2.6515479354126184,10.206812169312173,87.82476692442972,103.42177178231736,7.162039123042084,19.568099647266312,86.07197956345861,97.25878624981618,13.385202802362471,850.2340828924162,498.0476002738399,324.69244032647447,336.66048123606765,5.666666666666667
14,95_2,95,2.3716666666666666,1.1147365408721273,1.3333333333333333,0.4714045207910317,10.0,8.602325267042627,2.333333333333333,3.2998316455372216,12.333333333333334,1.699673171197595,5.333333333333333,3.299831645537222,0.0,0.0,5.666666666666667,3.6817870057290873,4.0,3.559026084010437,5.0,4.546060565661952,0.3333333333333333,0.4714045207910317,9.333333333333334,3.2998316455372216,0.0,0.0,6.333333333333333,4.496912521077348,17.0,5.715476066494082,8.666666666666666,3.771236166328253,4.333333333333333,3.0912061651652345,0.0,0.0,5.0,4.08248290463863,21.33333333333333,3.2998316455372216,6.666666666666667,4.921607686744467,2.333333333333333,3.2998316455372216,0.6666666666666666,0.9428090415820634,3.333333333333333,1.699673171197595,3.0544444444444445,6.821667051243756,10.71307426728138,3.157704998068159,-13.750383597883598,36.4942234422183,122.42144193987406,7.621123152390156,15.4935582010582,68.79231061434275,99.57978527823416,18.13802042690006,955.8679563492065,431.3613065304765,403.8471078966072,220.63840263064145,7.0
15,95_2,95,4.085333333333334,3.344815523894986,0.6666666666666666,0.4714045207910317,17.333333333333332,24.513035081133648,3.333333333333333,4.714045207910316,13.666666666666666,3.2998316455372216,5.0,6.377042156569663,0.0,0.0,7.0,7.25718035235908,0.0,0.0,0.0,0.0,0.0,0.0,2.6666666666666665,1.8856180831641267,0.0,0.0,0.3333333333333333,0.4714045207910317,17.666666666666668,1.699673171197595,5.0,0.816496580927726,6.0,5.715476066494082,0.0,0.0,10.666666666666666,11.115554667022044,27.666666666666668,3.299831645537222,1.0,0.816496580927726,0.3333333333333333,0.4714045207910317,2.0,2.8284271247461903,0.6666666666666666,0.9428090415820634,1.2916666666666667,7.712931061247439,3.2798252894054567,1.1647169250169136,-16.780555555555562,120.40284413809836,76.78316949651382,52.4838709583557,-42.375,139.71162313454414,49.490785608268446,37.85689227411815,958.6458333333334,452.04640206294704,253.0259007315689,277.7041983937333,6.666666666666667
16,95_2,95,2.1293333333333333,1.0098403614213265,1.0,0.0,13.333333333333334,16.73983937265296,1.0,1.4142135623730951,10.0,4.96655480858378,3.333333333333333,1.699673171197595,0.0,0.0,0.0,0.0,1.3333333333333333,1.8856180831641267,3.333333333333333,4.027681991198191,0.0,0.0,12.0,8.524474568362947,0.0,0.0,3.0,3.559026084010437,27.33333333333333,1.247219128924647,1.0,0.816496580927726,8.666666666666666,11.556623882239812,0.0,0.0,12.333333333333334,10.208928554075705,25.666666666666668,3.0912061651652345,4.0,3.265986323710904,2.0,1.632993161855452,2.333333333333333,3.2998316455372216,1.0,1.4142135623730951,-0.3555555555555556,9.61882397652426,7.25525939234852,2.78397498287864,-67.31388888888888,64.38998668894465,107.50588266684169,18.433183452905084,-12.841666666666663,56.232592779817125,141.28920476710303,6.437936650563902,1212.7027777777778,505.6375972007344,311.1603283317581,98.12803824392957,7.0
17,95_2,95,3.943,2.6567773711773444,1.6666666666666667,0.9428090415820634,12.0,9.092121131323903,6.666666666666667,8.055363982396381,13.0,7.788880963698615,8.333333333333334,6.128258770283412,0.3333333333333333,0.4714045207910317,1.0,0.816496580927726,5.333333333333333,5.557777333511022,6.333333333333333,4.496912521077348,0.0,0.0,12.0,9.41629792788369,0.0,0.0,9.666666666666666,10.873004286866728,18.33333333333333,5.312459150169742,10.0,6.48074069840786,10.333333333333334,8.498365855987974,0.0,0.0,2.333333333333333,2.0548046676563256,15.666666666666666,10.077477638553985,5.0,3.741657386773941,0.6666666666666666,0.9428090415820634,0.0,0.0,0.0,0.0,-0.1477777777777774,11.751314373557234,8.01023057946647,3.344694049685636,-19.93777777777778,89.23817917707368,116.07016644644564,2.173404902954244,52.833888888888886,60.337755367924544,115.32023813534744,24.333695193643056,1174.7461111111108,428.0001094022085,365.4753750989437,238.871032392364,7.0
18,95_2,95,1.3133333333333332,1.090453524405735,0.6666666666666666,0.4714045207910317,15.333333333333334,21.684607956387456,1.0,1.4142135623730951,7.0,7.118052168020874,3.6666666666666665,4.496912521077348,0.6666666666666666,0.9428090415820634,0.6666666666666666,0.9428090415820634,4.0,3.559026084010437,5.333333333333333,4.784233364802441,0.0,0.0,9.0,7.483314773547883,0.0,0.0,6.0,5.0990195135927845,17.0,7.483314773547883,5.333333333333333,4.714045207910317,5.666666666666667,7.318166133366716,0.0,0.0,1.6666666666666667,1.699673171197595,18.33333333333333,8.73053390247253,6.0,4.320493798938574,1.0,0.816496580927726,0.3333333333333333,0.4714045207910317,0.0,0.0,0.7342592592592595,7.935413584162749,10.823072356698605,3.6918776001299625,-74.58703703703704,62.742665792650016,85.90467500518567,40.668868672804976,53.42222222222222,39.39260854557224,105.51045500504624,24.38927256212442,1025.8495370370372,301.1983621033853,605.2310944642229,438.9664413344621,7.0
19,95_2,95,2.77,3.9173715677734737,0.3333333333333333,0.4714045207910317,14.333333333333334,20.27039439401436,0.0,0.0,10.333333333333334,8.73053390247253,2.6666666666666665,3.091206165165235,0.0,0.0,1.6666666666666667,1.699673171197595,4.666666666666667,3.858612300930075,4.0,5.656854249492381,0.0,0.0,9.333333333333334,6.236095644623236,0.0,0.0,7.666666666666667,6.236095644623235,22.0,6.164414002968976,5.333333333333333,7.542472332656507,6.0,7.788880963698615,0.0,0.0,1.6666666666666667,1.247219128924647,22.33333333333333,7.408703590297623,6.0,5.715476066494082,2.6666666666666665,3.091206165165235,0.3333333333333333,0.4714045207910317,0.0,0.0,-0.2166666666666662,12.229478275416694,10.343743358429718,3.759048490930027,-58.86944444444445,92.8376550792688,91.73138419718914,32.553135061645804,43.958333333333336,31.905773452929008,133.26155756403497,7.530406428458093,1186.451388888889,565.8650481348158,307.02664583570566,125.80505409007893,7.0
20,95_2,95,4.412333333333334,1.605698255865307,1.0,0.0,12.333333333333334,17.441967269268172,0.0,0.0,11.333333333333334,13.22455628325158,8.333333333333334,9.67241208569794,0.0,0.0,6.333333333333333,7.586537784494029,1.6666666666666667,2.357022603955158,3.333333333333333,2.867441755680876,0.0,0.0,14.666666666666666,8.339997335464536,0.0,0.0,6.0,7.788880963698615,18.0,7.874007874011811,4.666666666666667,5.9066817155564495,8.666666666666666,11.556623882239812,0.0,0.0,3.0,2.943920288775949,23.666666666666668,6.182412330330469,4.333333333333333,2.6246692913372702,1.0,1.4142135623730951,0.3333333333333333,0.4714045207910317,0.0,0.0,1.0305555555555557,11.140101762728678,7.027340552559544,2.4628778219309893,-43.31388888888889,135.24035228363783,66.28442554043188,3.841735988400448,23.60000000000001,124.78539707864088,86.4054529989284,26.64594259666548,1308.9458333333334,730.0051963523198,346.6062381186658,196.96889256478795,6.666666666666667
21,95_2,95,1.848666666666667,1.3129296333856673,1.0,0.816496580927726,11.666666666666666,16.49915822768611,0.0,0.0,17.0,6.97614984548545,5.666666666666667,3.39934634239519,0.0,0.0,4.0,3.559026084010437,0.0,0.0,0.0,0.0,0.0,0.0,2.6666666666666665,2.494438257849294,0.0,0.0,1.0,0.816496580927726,14.0,4.320493798938574,11.666666666666666,6.599663291074443,6.666666666666667,5.436502143433363,0.0,0.0,9.333333333333334,6.599663291074444,20.33333333333333,1.699673171197595,1.0,0.816496580927726,0.0,0.0,0.3333333333333333,0.4714045207910317,0.6666666666666666,0.9428090415820634,3.205555555555556,8.005913131038108,5.480324594577914,1.4191076111903878,-3.674999999999997,71.64720116784176,116.08121575272042,14.59232999697933,10.683333333333328,95.45562111186462,96.49815886935473,28.95339185034439,941.2833333333332,375.6890628029012,254.70681624282324,172.4936859222847,7.0
22,95_2,95,1.961666666666667,0.4958590749620521,1.0,0.0,10.666666666666666,15.084944665313014,0.3333333333333333,0.4714045207910317,15.0,7.788880963698615,5.666666666666667,3.2998316455372216,0.0,0.0,0.6666666666666666,0.4714045207910317,3.333333333333333,2.3570226039551585,6.0,4.242640687119285,0.0,0.0,10.0,7.483314773547883,0.0,0.0,5.666666666666667,4.027681991198191,16.333333333333332,7.363574011458174,7.0,5.715476066494082,4.666666666666667,6.599663291074443,0.0,0.0,8.333333333333334,5.90668171555645,24.33333333333333,4.642796092394706,2.333333333333333,2.0548046676563256,1.3333333333333333,1.8856180831641267,1.3333333333333333,1.8856180831641267,1.3333333333333333,0.9428090415820634,3.648148148148149,7.739382855381129,5.261483607523291,0.7222472366225915,-11.000925925925932,104.2632476047883,105.2127822604275,26.067094379903978,-24.95462962962964,65.45438954545506,134.57218342126825,13.3617310687778,1098.662037037037,530.8271451980695,268.74343479821664,98.6067793077078,7.0
23,95_2,95,0.839,1.1865251788310267,0.3333333333333333,0.4714045207910317,12.666666666666666,17.21110752456745,1.0,0.816496580927726,8.333333333333334,7.586537784494028,1.3333333333333333,1.247219128924647,0.0,0.0,2.0,0.0,1.3333333333333333,1.8856180831641267,3.333333333333333,4.714045207910316,0.6666666666666666,0.9428090415820634,12.333333333333334,9.809292646374772,0.0,0.0,1.6666666666666667,2.357022603955158,19.0,9.93310961716756,8.333333333333334,8.259674462242577,3.0,2.943920288775949,0.0,0.0,3.333333333333333,4.027681991198191,23.0,8.524474568362947,3.333333333333333,3.39934634239519,1.0,1.4142135623730951,0.0,0.0,0.3333333333333333,0.4714045207910317,0.930555555555556,9.14347909039788,6.702086371937519,0.7868575122414886,-66.8611111111111,30.728833676789662,125.26031860214488,14.381889343773976,-28.316666666666663,119.61091687293926,81.99250555916502,24.548259437067035,1189.522222222222,441.449671069298,256.8163987023691,165.96845976762697,7.0
24,95_2,95,2.189666666666667,0.788491104719782,1.0,0.0,10.0,14.142135623730953,0.3333333333333333,0.4714045207910317,6.333333333333333,6.847546194724712,1.3333333333333333,1.247219128924647,0.3333333333333333,0.4714045207910317,3.6666666666666665,0.4714045207910317,2.0,2.8284271247461903,2.0,2.8284271247461903,0.3333333333333333,0.4714045207910317,9.0,6.377042156569663,0.0,0.0,2.6666666666666665,3.771236166328253,18.666666666666668,12.036980056845191,6.333333333333333,6.847546194724712,1.6666666666666667,2.357022603955158,0.0,0.0,8.666666666666666,12.256517540566824,23.666666666666668,6.182412330330469,4.666666666666667,6.599663291074443,0.0,0.0,0.6666666666666666,0.9428090415820634,1.0,1.4142135623730951,4.096111111111111,6.831534496747191,5.102616144523025,1.968208943332987,-12.46722222222222,114.1500903240451,88.03565251047051,16.125061499169057,-10.60777777777778,109.33855839761716,94.23417185778008,43.53093085744212,1201.9680555555558,418.3035190285109,255.187148920056,228.76048299069603,7.0
25,95_2,95,2.933666666666666,3.604673848707474,1.0,0.816496580927726,22.666666666666668,29.95923155816176,0.3333333333333333,0.4714045207910317,13.333333333333334,10.656244908763854,10.666666666666666,9.46337971105226,0.0,0.0,4.0,3.741657386773941,2.0,2.8284271247461903,3.0,2.943920288775949,0.0,0.0,10.666666666666666,8.65383665716478,0.0,0.0,4.333333333333333,3.299831645537222,19.33333333333333,11.115554667022044,7.666666666666667,6.79869268479038,9.333333333333334,12.498888839501785,0.0,0.0,3.333333333333333,4.714045207910316,20.33333333333333,12.283683848458852,2.6666666666666665,2.3570226039551585,0.3333333333333333,0.4714045207910317,0.3333333333333333,0.4714045207910317,0.6666666666666666,0.9428090415820634,2.0416666666666665,11.1423366789317,6.971087950912793,2.2842703679669394,-33.91666666666667,113.27101534226072,96.16916417818436,21.467470226742822,-4.205555555555553,115.65710842138093,86.23467118148511,53.634711027112665,1285.6305555555557,626.6303703689064,208.14092193986832,100.283234796008,7.0
26,95_2,95,2.005333333333333,0.6866932033707306,1.0,0.0,11.666666666666666,15.79732748143038,0.0,0.0,13.333333333333334,11.025223605694151,4.333333333333333,4.784233364802441,1.0,1.4142135623730951,2.0,1.632993161855452,0.6666666666666666,0.4714045207910317,2.333333333333333,2.6246692913372702,0.0,0.0,8.666666666666666,8.9566858950296,0.0,0.0,1.3333333333333333,1.247219128924647,21.0,8.640987597877148,7.333333333333333,10.370899457402697,12.0,9.41629792788369,0.0,0.0,9.666666666666666,4.784233364802441,23.33333333333333,3.858612300930076,4.0,2.8284271247461903,0.6666666666666666,0.9428090415820634,0.0,0.0,2.0,1.632993161855452,4.502777777777778,6.560379581008525,6.945593009037676,2.324091175028208,-10.319444444444448,99.6647473647726,98.53044727257576,27.26424639637896,-59.35999999999999,97.97041572539848,82.48962509905937,32.4194371437929,1169.5752777777775,562.9373557059687,216.45734606939143,93.71193568716102,6.0
27,95_2,95,2.574333333333333,1.871722260973092,0.6666666666666666,0.4714045207910317,7.0,9.899494936611664,1.6666666666666667,2.357022603955158,7.333333333333333,5.312459150169743,0.3333333333333333,0.4714045207910317,0.0,0.0,0.6666666666666666,0.4714045207910317,7.0,2.449489742783178,8.666666666666666,2.494438257849294,0.3333333333333333,0.4714045207910317,14.666666666666666,4.921607686744467,0.0,0.0,9.666666666666666,3.858612300930075,25.0,2.943920288775949,2.6666666666666665,2.0548046676563256,7.0,8.524474568362947,0.0,0.0,9.666666666666666,7.760297817881877,21.0,0.816496580927726,8.0,0.816496580927726,2.0,2.160246899469287,1.0,1.4142135623730951,2.333333333333333,3.2998316455372216,-0.0435185185185188,6.319903456400005,7.55690839109284,2.657475532623147,15.017592592592592,95.38752725934847,112.67909577205288,28.447393780919423,40.45648148148148,93.47913656484046,110.39703623380753,33.30304303297842,1395.4101851851854,548.5026384562182,412.0143371503327,146.6646138194928,6.0
28,95_2,95,5.486666666666667,5.444343690677712,0.6666666666666666,0.4714045207910317,10.333333333333334,9.030811456096044,0.6666666666666666,0.9428090415820634,11.666666666666666,8.259674462242577,1.6666666666666667,1.699673171197595,0.0,0.0,1.3333333333333333,0.9428090415820634,4.0,2.449489742783178,3.6666666666666665,3.858612300930076,0.0,0.0,11.333333333333334,8.055363982396381,0.0,0.0,9.333333333333334,5.2493385826745405,23.0,5.715476066494082,6.0,5.887840577551898,10.0,8.16496580927726,0.0,0.0,4.666666666666667,4.642796092394707,20.666666666666668,6.79869268479038,6.0,6.48074069840786,1.0,0.816496580927726,0.0,0.0,2.0,2.8284271247461903,-2.3222222222222224,12.044509148042684,7.367691690997049,3.471716231326733,-60.297222222222224,104.8569787265222,87.64530752695697,51.24155801280064,3.3981481481481524,134.72659199353348,67.81227053162529,65.79053682652085,1337.8157407407407,501.7460601145257,249.4968785679324,164.6713542678001,6.0
29,95_2,95,4.184333333333334,0.9540126950005552,1.3333333333333333,0.4714045207910317,10.666666666666666,15.084944665313014,0.0,0.0,10.666666666666666,10.873004286866728,9.333333333333334,11.14550233153366,0.6666666666666666,0.9428090415820634,1.6666666666666667,0.4714045207910317,4.0,3.265986323710904,4.666666666666667,6.599663291074443,0.3333333333333333,0.4714045207910317,11.0,8.04155872120988,0.0,0.0,6.0,5.354126134736337,14.333333333333334,8.73053390247253,9.333333333333334,7.93025150224688,12.333333333333334,10.208928554075705,0.0,0.0,3.0,4.242640687119285,18.666666666666668,10.077477638553985,4.0,3.265986323710904,1.3333333333333333,1.247219128924647,0.3333333333333333,0.4714045207910317,0.0,0.0,3.061111111111112,9.3144957054536,7.594221782083596,1.08732987877083,-21.797222222222228,102.704101295126,104.95717931290903,17.808811711249813,-6.797222222222217,107.843349254347,99.1385670193597,43.71129416616785,1213.3249999999998,414.1024863222156,380.13113474573487,178.4203353875066,6.666666666666667
30,95_2,95,2.446,1.1475690247940062,1.3333333333333333,0.4714045207910317,9.0,9.899494936611664,0.0,0.0,10.333333333333334,10.656244908763853,6.666666666666667,8.73053390247253,0.0,0.0,1.6666666666666667,1.247219128924647,1.0,1.4142135623730951,5.666666666666667,5.9066817155564495,0.0,0.0,10.333333333333334,7.84573486395988,0.0,0.0,2.333333333333333,3.2998316455372216,20.666666666666668,9.285592184789412,7.0,6.683312551921141,10.333333333333334,11.785113019775793,0.0,0.0,5.666666666666667,6.018490028422596,21.666666666666668,9.104333522498443,2.0,2.160246899469287,0.0,0.0,0.0,0.0,0.0,0.0,0.9499999999999994,12.94127941754458,6.876049517060058,3.25604686500153,-74.35833333333333,98.40162623806732,96.2059498638123,37.985164656083576,21.094444444444445,88.03582928361794,128.88861859545958,19.93383653857784,1208.7597222222223,456.37235245959647,305.3383388243866,94.3764027133,6.0
31,95_2,95,3.42,2.4374069554891045,1.3333333333333333,0.9428090415820634,14.333333333333334,20.27039439401436,0.0,0.0,10.333333333333334,11.2644968324772,6.333333333333333,7.586537784494029,0.0,0.0,2.0,2.8284271247461903,3.333333333333333,3.39934634239519,6.333333333333333,4.784233364802441,0.3333333333333333,0.4714045207910317,15.0,10.23067283548187,0.0,0.0,5.0,5.715476066494082,22.0,8.640987597877148,5.0,7.071067811865476,9.666666666666666,11.614167593456232,0.0,0.0,2.0,2.160246899469287,20.0,9.899494936611664,4.333333333333333,2.867441755680876,1.0,0.816496580927726,0.0,0.0,0.3333333333333333,0.4714045207910317,2.433333333333333,13.709673186800948,7.723673619018278,2.7649601653134126,-89.5,58.66921040886778,101.94922399197048,40.02154322211324,48.49722222222223,88.05729993014579,101.58990585842167,22.1283699022063,1350.0166666666669,685.9713521512558,297.7693846730379,211.5480353484137,7.0
32,95_2,95,2.2613333333333334,0.9545823985154742,1.0,0.0,7.666666666666667,10.842303978193728,1.0,1.4142135623730951,15.0,10.614455552060438,9.0,9.41629792788369,0.0,0.0,1.6666666666666667,2.357022603955158,10.0,7.874007874011811,8.333333333333334,8.259674462242577,0.3333333333333333,0.4714045207910317,16.666666666666668,7.93025150224688,0.0,0.0,11.333333333333334,8.993825042154695,18.33333333333333,7.133644853010899,8.666666666666666,7.363574011458175,9.666666666666666,9.741092797468305,0.0,0.0,4.0,4.96655480858378,13.333333333333334,10.208928554075705,7.666666666666667,2.867441755680876,0.6666666666666666,0.9428090415820634,0.0,0.0,2.0,1.4142135623730951,5.860185185185185,14.004081991129093,7.413945316995267,2.87696823326306,7.91481481481481,110.34843772104794,96.03929517395731,34.608125749315626,105.86296296296295,39.89616630801534,76.07827140465218,48.11624127679584,1164.5523148148147,552.3465344959334,301.5819032898194,132.40411465416926,5.666666666666667
33,95_2,95,2.4996666666666667,1.7862046044305475,0.6666666666666666,0.4714045207910317,15.333333333333334,21.684607956387456,0.6666666666666666,0.9428090415820634,7.666666666666667,6.128258770283412,1.3333333333333333,0.9428090415820634,0.0,0.0,0.3333333333333333,0.4714045207910317,0.6666666666666666,0.9428090415820634,0.6666666666666666,0.4714045207910317,0.0,0.0,4.333333333333333,3.39934634239519,0.0,0.0,1.6666666666666667,1.247219128924647,24.666666666666668,4.109609335312651,2.6666666666666665,2.494438257849294,4.333333333333333,5.436502143433364,0.0,0.0,10.666666666666666,11.614167593456232,28.0,0.816496580927726,1.6666666666666667,1.699673171197595,0.0,0.0,1.6666666666666667,2.357022603955158,2.333333333333333,2.6246692913372702,-5.199999999999999,13.714747739406492,6.96631448803668,2.413513162819626,-48.866666666666674,101.78684427108772,99.56878734305792,10.866593415831945,126.45648148148148,14.67580914780037,87.43937182856024,30.06223588401448,931.1967592592596,438.1187793690424,151.5489806837706,36.94762035404155,6.0
34,95_2,95,4.899666666666668,4.349951136379453,1.0,0.816496580927726,17.333333333333332,12.283683848458852,2.333333333333333,2.0548046676563256,9.333333333333334,6.018490028422596,2.333333333333333,1.247219128924647,0.3333333333333333,0.4714045207910317,1.6666666666666667,1.247219128924647,3.333333333333333,2.494438257849294,3.333333333333333,0.9428090415820634,0.0,0.0,7.333333333333333,4.988876515698588,0.0,0.0,5.333333333333333,3.2998316455372216,22.0,6.531972647421808,5.666666666666667,4.496912521077348,6.666666666666667,6.79869268479038,0.0,0.0,4.333333333333333,4.027681991198191,23.33333333333333,6.236095644623236,3.0,2.943920288775949,1.3333333333333333,1.8856180831641267,2.0,2.160246899469287,1.3333333333333333,1.247219128924647,2.2,5.04740490710784,7.112327458232319,1.946478771617116,-33.61111111111111,60.14606539166769,118.5448111494972,4.089736418705696,35.65555555555556,130.87347974520003,69.0368560331526,46.65821113657454,1130.2291666666667,508.168395178996,382.1865615353922,126.28104610038496,6.0
35,95_2,95,1.827333333333333,0.2784652382055773,1.0,0.0,6.0,8.48528137423857,0.0,0.0,9.666666666666666,10.33870827951388,2.0,2.8284271247461903,0.0,0.0,2.6666666666666665,2.494438257849294,2.6666666666666665,1.699673171197595,4.666666666666667,4.109609335312651,0.0,0.0,8.666666666666666,7.408703590297622,0.0,0.0,4.333333333333333,3.299831645537222,19.0,10.424330514074594,8.333333333333334,6.548960901462833,3.0,2.449489742783178,0.0,0.0,1.0,1.4142135623730951,25.0,3.265986323710904,1.6666666666666667,0.4714045207910317,0.0,0.0,0.3333333333333333,0.4714045207910317,3.0,4.242640687119285,0.6694444444444446,7.443616247463741,8.390570032840735,2.7879413428912803,-70.28611111111111,39.38028761282904,113.33986058193658,14.47378884233027,55.73611111111111,87.09977790860545,80.92293805278528,56.2723936466176,1032.798611111111,324.6533597677493,374.91240690596527,282.3295147666865,5.333333333333333
36,95_2,95,6.140333333333333,2.5781033510875564,1.6666666666666667,0.4714045207910317,10.0,12.754084313139328,0.3333333333333333,0.4714045207910317,8.333333333333334,10.402991022884825,5.0,7.071067811865476,0.0,0.0,1.0,1.4142135623730951,5.666666666666667,3.771236166328253,7.0,4.96655480858378,1.0,1.4142135623730951,10.0,4.546060565661952,0.0,0.0,7.333333333333333,4.027681991198191,16.333333333333332,5.734883511361751,7.0,9.201449161228174,8.333333333333334,10.402991022884825,0.0,0.0,3.6666666666666665,5.185449728701348,19.33333333333333,6.128258770283411,3.0,2.449489742783178,0.3333333333333333,0.4714045207910317,0.0,0.0,0.3333333333333333,0.4714045207910317,3.805555555555556,10.423003257870558,7.285400121149905,3.455715968149975,-24.04444444444444,90.38218962061764,105.30258615185426,13.279301204206948,64.58888888888889,100.5641863238979,68.24639024502737,38.56985108822533,1144.8717592592593,316.766849019144,582.0597261318687,248.84467684289743,6.0
37,95_2,95,3.523333333333333,1.4671817277427572,1.3333333333333333,0.4714045207910317,14.666666666666666,20.7417989148054,0.0,0.0,10.0,4.898979485566356,5.0,5.0990195135927845,0.0,0.0,4.333333333333333,4.189935029992178,2.6666666666666665,1.699673171197595,1.0,1.4142135623730951,0.0,0.0,5.0,5.715476066494082,0.0,0.0,3.0,1.4142135623730951,16.0,8.640987597877148,13.333333333333334,8.993825042154695,6.0,5.354126134736337,0.0,0.0,0.3333333333333333,0.4714045207910317,21.33333333333333,3.299831645537222,0.6666666666666666,0.4714045207910317,0.0,0.0,0.0,0.0,0.3333333333333333,0.4714045207910317,-3.3411111111111107,13.25785932760705,9.702080505191727,4.039829316668672,-72.33277777777778,90.98934599144351,72.9012277563831,22.55939382929631,-46.37444444444444,61.67912232065979,120.57274271303356,8.142852229679322,951.2263888888888,453.1439093925889,337.17055944897174,241.4571889329352,6.666666666666667
38,95_2,95,4.082666666666667,2.128579234032775,1.3333333333333333,0.4714045207910317,13.666666666666666,9.877021593352705,0.0,0.0,15.333333333333334,9.533566430716728,8.333333333333334,6.236095644623235,0.0,0.0,1.0,0.816496580927726,0.0,0.0,2.6666666666666665,1.699673171197595,0.0,0.0,8.666666666666666,6.236095644623235,0.0,0.0,3.0,2.8284271247461903,17.0,10.614455552060438,8.666666666666666,10.842303978193728,12.333333333333334,8.9566858950296,0.0,0.0,6.666666666666667,2.494438257849294,19.666666666666668,3.858612300930076,4.0,4.320493798938574,0.0,0.0,0.0,0.0,0.6666666666666666,0.4714045207910317,4.069444444444445,10.980884766124886,6.683828148529154,1.202767481378955,-32.15,43.54286574638155,128.91144760400985,13.834097059563868,34.10277777777778,57.34113413231593,120.78045248783503,35.16348860811572,1047.6930555555557,461.273311231336,209.11742326930388,101.25254245446796,5.666666666666667
39,95_2,95,0.7326666666666667,1.0361471366986874,0.3333333333333333,0.4714045207910317,9.0,12.727922061357855,0.3333333333333333,0.4714045207910317,8.0,5.887840577551898,1.6666666666666667,0.9428090415820634,0.0,0.0,1.3333333333333333,1.8856180831641267,4.666666666666667,0.4714045207910317,7.666666666666667,3.771236166328253,0.3333333333333333,0.4714045207910317,11.0,7.25718035235908,0.0,0.0,4.666666666666667,0.4714045207910317,22.33333333333333,2.3570226039551585,3.6666666666666665,3.299831645537222,7.0,8.524474568362947,0.0,0.0,7.666666666666667,6.548960901462833,17.666666666666668,9.104333522498443,7.333333333333333,6.847546194724712,1.6666666666666667,1.247219128924647,1.3333333333333333,1.8856180831641267,1.3333333333333333,1.8856180831641267,1.0268518518518517,5.773298804057589,7.827079151313124,1.023169430426493,22.91851851851852,99.8318977084408,102.0436751522509,22.72892123249768,49.90462962962962,121.1666376775258,68.32172961151302,1.8432587750724296,1172.2564814814814,562.4822840446726,404.6640937264924,224.3570402553669,5.666666666666667
40,95_2,95,3.796666666666667,1.8869552782782697,1.3333333333333333,0.4714045207910317,11.333333333333334,12.657891697365017,1.6666666666666667,1.699673171197595,7.0,7.874007874011811,2.6666666666666665,3.771236166328253,0.0,0.0,2.0,1.632993161855452,5.333333333333333,1.247219128924647,6.666666666666667,0.4714045207910317,0.0,0.0,8.333333333333334,3.2998316455372216,0.0,0.0,10.333333333333334,3.2998316455372216,23.666666666666668,4.496912521077347,7.333333333333333,8.993825042154695,9.333333333333334,10.370899457402697,0.0,0.0,5.333333333333333,4.496912521077348,23.666666666666668,5.312459150169742,2.333333333333333,1.247219128924647,0.0,0.0,0.6666666666666666,0.9428090415820634,1.3333333333333333,1.8856180831641267,1.0064814814814806,9.852776690091028,7.635374571667605,3.2348114710462466,-92.24444444444444,39.837568605877344,95.0481560051754,24.62301118737376,27.684259259259264,86.69472650378759,105.59648989859,22.122870072695388,1036.3731481481482,180.76643701457164,447.21382412563526,269.0211477707859,6.0
41,95_2,95,1.659333333333333,1.428529391445,0.6666666666666666,0.4714045207910317,5.666666666666667,8.013876853447538,0.3333333333333333,0.4714045207910317,13.0,9.93310961716756,8.0,9.201449161228174,0.0,0.0,1.6666666666666667,1.699673171197595,2.333333333333333,1.8856180831641267,4.0,2.943920288775949,0.3333333333333333,0.4714045207910317,7.333333333333333,3.6817870057290873,0.0,0.0,2.0,0.816496580927726,17.0,8.286535263104035,11.333333333333334,10.656244908763853,8.666666666666666,8.379870059984357,0.0,0.0,5.0,7.071067811865476,19.33333333333333,8.993825042154695,1.0,0.816496580927726,0.3333333333333333,0.4714045207910317,0.0,0.0,0.3333333333333333,0.4714045207910317,1.3157407407407409,10.650323207805808,7.053954392510278,2.6299989751813446,-56.09444444444444,73.49997900394426,103.09406396023358,40.8059238421055,11.438888888888892,83.33607226980418,113.18502183328847,16.733583696828006,1207.1814814814811,357.9089306593893,319.19409890863244,138.99202966495432,7.0
42,95_2,95,7.331666666666666,3.792244219749332,2.0,0.816496580927726,18.0,20.06655592438988,0.0,0.0,7.0,7.788880963698615,3.6666666666666665,4.496912521077348,0.0,0.0,1.0,1.4142135623730951,2.0,2.160246899469287,2.0,2.8284271247461903,0.3333333333333333,0.4714045207910317,7.333333333333333,6.128258770283412,0.0,0.0,3.333333333333333,2.494438257849294,21.33333333333333,12.256517540566824,7.333333333333333,9.67241208569794,5.333333333333333,6.128258770283412,0.0,0.0,3.6666666666666665,4.496912521077348,23.0,9.899494936611664,2.333333333333333,3.2998316455372216,0.0,0.0,1.0,1.4142135623730951,0.3333333333333333,0.4714045207910317,-2.906534391534391,11.894905273417054,7.737190530955883,1.241780913044936,-98.91608465608464,71.23235637400195,86.92335375007131,36.394377418623485,72.4863492063492,27.043545248719727,133.58854203013297,25.2491364134288,1157.6807142857142,567.0760103857814,284.2490849233064,177.65248005179333,6.0
1,98_1,98,0.2313333333333333,0.3271547374289759,0.3333333333333333,0.4714045207910317,0.0,0.0,0.0,0.0,7.666666666666667,5.792715732327589,3.6666666666666665,3.299831645537222,0.3333333333333333,0.4714045207910317,0.0,0.0,0.6666666666666666,0.9428090415820634,1.3333333333333333,1.247219128924647,0.3333333333333333,0.4714045207910317,5.666666666666667,5.436502143433363,0.0,0.0,1.3333333333333333,1.8856180831641267,11.666666666666666,10.780641085864152,6.666666666666667,5.312459150169743,7.0,6.683312551921141,0.0,0.0,3.333333333333333,2.867441755680876,10.666666666666666,7.586537784494028,2.333333333333333,1.699673171197595,0.6666666666666666,0.4714045207910317,2.0,2.8284271247461903,4.333333333333333,3.2998316455372216,6.587962962962963,4.927757074016663,6.344449280580897,4.792124546346883,-24.99907407407408,19.026055117118105,87.77482573307775,62.21366567272256,5.621296296296298,26.032823173315528,77.75714198385222,58.76926556220652,657.6310185185185,499.9320062826329,209.5340212162465,148.4653658566279,0.0
2,98_1,98,0.7286666666666667,0.5425128774713299,0.6666666666666666,0.4714045207910317,0.0,0.0,0.0,0.0,5.666666666666667,7.318166133366716,2.333333333333333,3.2998316455372216,0.0,0.0,1.0,1.4142135623730951,0.0,0.0,1.3333333333333333,1.247219128924647,0.0,0.0,9.0,8.831760866327848,0.0,0.0,0.6666666666666666,0.9428090415820634,12.666666666666666,12.119772641798562,5.666666666666667,7.318166133366716,7.333333333333333,7.717224601860151,0.0,0.0,6.333333333333333,4.642796092394706,11.0,9.899494936611664,5.0,3.741657386773941,0.3333333333333333,0.4714045207910317,1.6666666666666667,2.357022603955158,2.333333333333333,3.2998316455372216,4.052777777777778,3.8803298669756425,4.837647066393903,3.4208199052235155,-22.39444444444445,17.949110590434678,93.23144126428042,66.2847182165263,-20.641666666666666,98.10861068601848,70.91998611864543,55.572992869952,860.0583333333334,609.8794847936945,134.9376255125192,112.9751905480866,6.666666666666667
3,98_1,98,1.5646666666666669,1.5955355074568398,0.6666666666666666,0.4714045207910317,0.0,0.0,0.0,0.0,9.333333333333334,9.877021593352705,3.0,3.559026084010437,0.0,0.0,0.6666666666666666,0.9428090415820634,0.3333333333333333,0.4714045207910317,1.0,0.816496580927726,0.0,0.0,6.0,7.118052168020874,0.0,0.0,0.0,0.0,10.0,13.4412301024373,7.666666666666667,9.46337971105226,6.333333333333333,5.792715732327589,0.0,0.0,6.0,6.48074069840786,7.666666666666667,5.557777333511022,6.333333333333333,4.921607686744467,0.3333333333333333,0.4714045207910317,0.0,0.0,0.0,0.0,4.813148148148148,3.404227592374792,5.086550148715844,4.297404263930041,-16.852037037037036,19.191738246990948,102.78629873047169,72.75617673478934,20.256666666666664,19.58105225485616,101.9995505891452,72.44785998667902,869.4069444444444,626.825050762266,130.37140580450634,94.73677924323168,0.0
4,98_1,98,1.2406666666666668,0.9896670596159544,0.6666666666666666,0.4714045207910317,0.0,0.0,0.0,0.0,4.0,5.656854249492381,0.6666666666666666,0.9428090415820634,0.0,0.0,1.6666666666666667,1.247219128924647,3.0,4.242640687119285,3.0,4.242640687119285,1.3333333333333333,1.8856180831641267,6.333333333333333,6.342099196813483,0.0,0.0,3.6666666666666665,5.185449728701348,8.333333333333334,9.741092797468305,10.0,14.142135623730953,3.0,2.449489742783178,0.0,0.0,1.6666666666666667,2.357022603955158,12.666666666666666,10.208928554075705,4.666666666666667,4.109609335312651,0.0,0.0,0.0,0.0,2.0,2.8284271247461903,3.577777777777777,5.387083030754854,6.019830238980056,5.717802398144911,-52.97222222222223,39.8038299230515,75.30461169706344,54.15057789889343,21.3,25.28001333215776,99.54473397043942,70.6757791154032,676.6722222222222,479.1884666820355,270.291855079594,214.3317682601022,0.0
5,98_1,98,0.6643333333333333,0.4743306394863772,0.6666666666666666,0.4714045207910317,0.0,0.0,0.0,0.0,0.6666666666666666,0.9428090415820634,0.0,0.0,0.0,0.0,1.3333333333333333,1.8856180831641267,0.0,0.0,3.6666666666666665,5.185449728701348,2.0,2.8284271247461903,1.6666666666666667,2.357022603955158,0.0,0.0,0.0,0.0,0.6666666666666666,0.4714045207910317,9.333333333333334,12.498888839501785,0.0,0.0,0.0,0.0,0.0,0.0,18.33333333333333,13.123346456686352,0.0,0.0,0.0,0.0,0.0,0.0,1.0,1.4142135623730951,-1.8046296296296287,4.6368870893398615,2.764546541496843,2.475549365837045,28.26111111111111,25.38632736895888,54.87584528053842,38.80779560614256,25.64074074074075,31.020827111436617,46.09770304870202,32.96311262926819,323.8759259259259,385.5411865490306,79.63131756864136,59.44213598570889,0.0
6,98_1,98,0.9706666666666668,1.3727299645434845,0.3333333333333333,0.4714045207910317,0.0,0.0,0.0,0.0,8.666666666666666,7.363574011458175,1.6666666666666667,1.247219128924647,0.0,0.0,0.6666666666666666,0.9428090415820634,0.0,0.0,1.6666666666666667,2.357022603955158,0.3333333333333333,0.4714045207910317,1.3333333333333333,1.247219128924647,0.0,0.0,0.0,0.0,2.0,2.8284271247461903,9.333333333333334,9.285592184789412,3.6666666666666665,3.858612300930076,0.0,0.0,0.3333333333333333,0.4714045207910317,16.0,11.31370849898476,0.0,0.0,0.0,0.0,0.0,0.0,0.3333333333333333,0.4714045207910317,4.721150793650794,3.469254232189336,5.355691571476672,4.02466552937636,-8.952010582010582,24.73335379516672,66.04912880398848,47.881539072339706,19.168068783068783,31.06901091003834,70.23093255755134,49.69504472012317,448.30612433862433,443.93774247629415,130.2450851954514,92.2060736450626,0.0
7,98_1,98,1.817,1.5548575497453134,0.6666666666666666,0.4714045207910317,0.0,0.0,0.0,0.0,6.0,5.354126134736337,0.6666666666666666,0.9428090415820634,0.3333333333333333,0.4714045207910317,6.0,4.320493798938574,0.3333333333333333,0.4714045207910317,3.0,4.242640687119285,1.0,1.4142135623730951,2.333333333333333,2.6246692913372702,0.0,0.0,0.6666666666666666,0.4714045207910317,2.0,2.8284271247461903,12.0,12.96148139681572,1.3333333333333333,1.8856180831641267,0.0,0.0,0.6666666666666666,0.9428090415820634,17.333333333333332,12.256517540566824,1.0,1.4142135623730951,0.0,0.0,0.0,0.0,0.3333333333333333,0.4714045207910317,2.5185185185185186,2.13974529912565,5.739560284458618,4.140944580756993,11.633333333333336,40.90522752520623,64.22801509759282,46.27326434659711,13.308333333333335,62.073773686071554,64.28723670909334,45.72428661142584,414.8625,383.93637739419023,164.62880451299364,117.47414133837005,0.0
8,98_1,98,1.152,0.8223429941332266,0.6666666666666666,0.4714045207910317,0.0,0.0,0.0,0.0,5.333333333333333,6.847546194724712,3.0,4.242640687119285,0.0,0.0,9.333333333333334,9.877021593352705,0.6666666666666666,0.9428090415820634,3.333333333333333,4.714045207910316,0.6666666666666666,0.9428090415820634,1.6666666666666667,2.357022603955158,0.0,0.0,0.6666666666666666,0.9428090415820634,1.3333333333333333,1.8856180831641267,11.0,12.19289410544792,3.6666666666666665,4.496912521077348,0.0,0.0,0.0,0.0,17.666666666666668,12.657891697365017,0.0,0.0,0.0,0.0,0.3333333333333333,0.4714045207910317,0.3333333333333333,0.4714045207910317,2.4338888888888888,1.9977766963289616,4.728134391325152,4.522558729471507,25.38000000000001,40.28923293810322,67.00050417844038,51.51723422247704,21.343888888888888,52.595860109112046,51.67126644977554,42.65747112664727,352.39222222222224,383.8147610612282,93.54404445667484,77.59782877428938,0.0
9,98_1,98,0.878,1.2416795077635774,0.3333333333333333,0.4714045207910317,0.0,0.0,0.0,0.0,7.0,7.25718035235908,3.0,4.242640687119285,2.0,2.8284271247461903,2.6666666666666665,3.771236166328253,0.0,0.0,0.6666666666666666,0.9428090415820634,0.0,0.0,0.3333333333333333,0.4714045207910317,0.0,0.0,0.0,0.0,0.3333333333333333,0.4714045207910317,8.666666666666666,8.9566858950296,7.666666666666667,5.557777333511022,0.0,0.0,1.6666666666666667,2.357022603955158,17.666666666666668,12.657891697365017,0.6666666666666666,0.4714045207910317,0.0,0.0,0.0,0.0,0.0,0.0,4.50462962962963,3.469587395368721,3.6959155753159294,3.276186797568951,18.774074074074075,27.82706463869367,76.92546736821129,55.53213095063872,47.89259259259259,46.62813142946612,68.2590418678348,53.587419190200286,465.9273148148148,470.9211170984322,95.0313529653569,68.03590564392286,0.0
10,98_1,98,1.2443333333333333,1.1667779946883163,0.6666666666666666,0.4714045207910317,0.3333333333333333,0.4714045207910317,0.3333333333333333,0.4714045207910317,3.0,2.160246899469287,0.0,0.0,0.0,0.0,1.6666666666666667,2.357022603955158,0.3333333333333333,0.4714045207910317,4.333333333333333,3.6817870057290873,0.6666666666666666,0.9428090415820634,3.6666666666666665,4.496912521077348,0.0,0.0,2.333333333333333,3.2998316455372216,4.666666666666667,6.599663291074443,12.333333333333334,11.67142760000773,4.333333333333333,4.189935029992178,0.0,0.0,0.3333333333333333,0.4714045207910317,15.0,11.224972160321824,1.0,1.4142135623730951,0.0,0.0,0.0,0.0,0.3333333333333333,0.4714045207910317,1.3009259259259258,2.364716564564773,4.791859297226178,3.973350087258391,37.28425925925925,31.13834822384995,54.43853562823066,38.50939262893852,12.4712962962963,39.36117399386841,60.74955291100395,45.39025070061379,429.6106481481482,362.3348809805963,181.8895805884133,129.48683109568867,0.0
11,98_1,98,0.0,0.0,0.0,0.0,0.0,0.0,0.0,0.0,9.0,6.683312551921141,3.6666666666666665,2.867441755680876,0.0,0.0,4.666666666666667,5.2493385826745405,0.0,0.0,4.333333333333333,6.128258770283413,2.0,2.8284271247461903,6.333333333333333,4.9216076867444665,0.0,0.0,1.3333333333333333,1.8856180831641267,6.333333333333333,7.586537784494029,16.333333333333332,12.119772641798562,7.666666666666667,8.806563209081936,0.0,0.0,0.6666666666666666,0.9428090415820634,13.333333333333334,9.428090415820634,2.6666666666666665,3.091206165165235,0.0,0.0,0.0,0.0,2.0,1.632993161855452,4.841666666666667,4.86742288645188,7.021685115362057,5.010464807295564,29.28888888888889,43.0931255438243,70.28820611229777,50.41697454484835,63.04722222222222,55.41547213972949,48.63856232366018,36.39227253769397,668.7527777777777,481.8603936194001,193.0762054391968,144.8219788963051,0.0
12,98_1,98,3.0576666666666665,0.5834748399793166,1.0,0.0,0.0,0.0,0.0,0.0,8.666666666666666,8.379870059984357,2.6666666666666665,2.494438257849294,0.0,0.0,2.333333333333333,2.6246692913372702,0.6666666666666666,0.9428090415820634,3.0,2.943920288775949,0.3333333333333333,0.4714045207910317,2.333333333333333,2.0548046676563256,0.0,0.0,1.0,0.816496580927726,11.666666666666666,11.32352516764202,8.666666666666666,8.9566858950296,8.666666666666666,6.182412330330469,0.0,0.0,1.0,1.4142135623730951,12.0,9.092121131323903,3.0,3.559026084010437,0.3333333333333333,0.4714045207910317,0.6666666666666666,0.9428090415820634,0.3333333333333333,0.4714045207910317,6.972222222222221,5.121777818755062,7.363108715541348,5.506801387793146,29.309259259259264,53.0407534777972,71.5466629830645,50.60812412964884,75.20462962962962,54.90791207375344,55.43483892099022,39.73657671944075,611.2708333333334,462.6002072499376,189.70875191186008,150.18243284215012,1.3333333333333333
13,98_1,98,0.0,0.0,0.0,0.0,0.0,0.0,0.0,0.0,4.666666666666667,5.9066817155564495,1.3333333333333333,1.8856180831641267,0.0,0.0,0.3333333333333333,0.4714045207910317,1.0,1.4142135623730951,2.333333333333333,3.2998316455372216,1.3333333333333333,1.8856180831641267,6.333333333333333,4.642796092394706,0.0,0.0,2.6666666666666665,1.8856180831641267,15.333333333333334,12.256517540566824,4.0,5.656854249492381,6.333333333333333,8.956685895029603,0.0,0.0,2.0,2.8284271247461903,17.666666666666668,12.552113589175152,2.0,2.160246899469287,0.3333333333333333,0.4714045207910317,1.3333333333333333,1.8856180831641267,0.0,0.0,0.5935185185185183,6.030613061351856,6.356903744998736,4.497976635081916,-2.757407407407404,69.02604045556964,81.02081644969046,58.35285751194287,40.57592592592592,89.89404154569077,51.32675648170359,55.60037636554009,697.2074074074075,493.1208990481985,113.22471104873024,93.701443486096,5.666666666666667
14,98_1,98,2.445666666666667,0.9415038797347336,1.0,0.0,0.0,0.0,0.0,0.0,14.666666666666666,10.402991022884825,7.0,5.715476066494082,0.3333333333333333,0.4714045207910317,1.0,1.4142135623730951,0.0,0.0,0.3333333333333333,0.4714045207910317,0.0,0.0,2.0,2.160246899469287,0.0,0.0,0.6666666666666666,0.9428090415820634,4.333333333333333,4.784233364802441,12.666666666666666,9.285592184789412,9.666666666666666,7.1336448530109,0.0,0.0,1.6666666666666667,1.247219128924647,7.333333333333333,5.436502143433363,2.333333333333333,2.0548046676563256,0.6666666666666666,0.4714045207910317,0.0,0.0,0.6666666666666666,0.9428090415820634,7.312962962962963,5.471185431644119,4.6062263013254245,3.4268501118317736,21.09629629629629,95.34795777637925,46.05708201397061,46.05897421592677,36.0787037037037,66.31263086322804,79.48684271520548,60.9373415480348,745.1763888888889,535.87724703774,241.2321102999864,191.27868311484784,6.666666666666667
15,98_1,98,0.5579999999999999,0.7891311678041871,0.3333333333333333,0.4714045207910317,0.0,0.0,0.0,0.0,9.0,10.677078252031311,3.6666666666666665,2.867441755680876,0.0,0.0,2.6666666666666665,2.494438257849294,0.0,0.0,0.3333333333333333,0.4714045207910317,0.0,0.0,0.3333333333333333,0.4714045207910317,0.0,0.0,0.3333333333333333,0.4714045207910317,7.666666666666667,10.842303978193728,10.333333333333334,11.2644968324772,3.0,2.160246899469287,0.0,0.0,3.333333333333333,4.714045207910316,13.666666666666666,11.897712198383164,0.3333333333333333,0.4714045207910317,0.0,0.0,0.0,0.0,0.0,0.0,5.126851851851852,3.98212720861905,4.974936243321873,3.987688307457578,-17.61481481481481,47.346187033506695,79.29714671497219,60.00277987579429,14.999074074074075,20.935554446593542,96.3493822645944,68.21439247119778,697.9888888888889,494.7009984685723,146.15616192385897,125.12380558952492,6.333333333333333
16,98_1,98,3.0613333333333337,0.6457374767573034,1.0,0.0,0.0,0.0,0.0,0.0,11.0,8.286535263104035,4.333333333333333,3.0912061651652345,0.0,0.0,0.6666666666666666,0.4714045207910317,0.0,0.0,3.6666666666666665,5.185449728701348,1.0,1.4142135623730951,2.0,2.160246899469287,0.0,0.0,1.3333333333333333,0.9428090415820634,0.6666666666666666,0.9428090415820634,18.0,12.83225103661344,6.666666666666667,6.236095644623235,0.0,0.0,0.0,0.0,10.333333333333334,8.178562764256865,1.0,0.816496580927726,0.0,0.0,0.0,0.0,1.3333333333333333,1.247219128924647,7.75,5.545685677139449,6.243680939957553,4.882011973828348,-32.922222222222224,52.43985149379581,62.93383231337047,46.222346791840415,-31.95833333333333,29.06973973943555,84.12566108814667,59.489040565537856,580.0569444444444,413.41018755608127,204.697754267082,178.83043672217764,6.666666666666667
17,98_1,98,0.0,0.0,0.0,0.0,0.0,0.0,0.0,0.0,9.333333333333334,8.219218670625303,4.666666666666667,3.39934634239519,0.0,0.0,1.6666666666666667,2.357022603955158,0.3333333333333333,0.4714045207910317,5.333333333333333,7.542472332656507,1.6666666666666667,2.357022603955158,3.6666666666666665,4.496912521077348,0.0,0.0,0.6666666666666666,0.9428090415820634,2.0,2.8284271247461903,16.333333333333332,11.897712198383164,8.0,8.640987597877148,0.0,0.0,0.3333333333333333,0.4714045207910317,15.666666666666666,11.67142760000773,1.0,1.4142135623730951,0.0,0.0,0.0,0.0,1.3333333333333333,1.247219128924647,7.153703703703704,5.82891602296203,6.909566997844222,4.978376405910615,32.175,66.1472834049279,65.87011500663502,51.75854623116161,-19.510185185185183,15.206760925534567,93.05858073371968,67.65615346531976,582.9958333333333,439.58798777156727,134.36915854112223,111.97676295750608,0.0
18,98_1,98,2.887,1.4420293570751836,1.0,0.0,0.0,0.0,0.0,0.0,18.666666666666668,13.224556283251582,12.333333333333334,11.145502331533658,0.0,0.0,3.0,2.943920288775949,0.0,0.0,0.6666666666666666,0.9428090415820634,0.0,0.0,5.0,4.546060565661952,0.0,0.0,3.0,3.559026084010437,5.0,6.377042156569663,11.666666666666666,8.73053390247253,14.0,10.198039027185567,0.0,0.0,0.3333333333333333,0.4714045207910317,5.333333333333333,4.496912521077348,5.0,4.08248290463863,2.0,1.632993161855452,0.3333333333333333,0.4714045207910317,1.6666666666666667,2.357022603955158,8.508333333333333,6.29153237531443,3.067046878307234,2.183758720639612,48.2,66.16007103986513,69.68694432702709,62.55786264931624,56.90277777777778,69.21738713718372,65.75755482935458,68.50397140754079,825.3458333333334,583.6376046626784,146.07178936224284,114.8913480164644,6.666666666666667
19,98_1,98,0.0,0.0,0.0,0.0,0.0,0.0,0.0,0.0,10.666666666666666,9.977753031397176,5.666666666666667,6.64997911442,0.6666666666666666,0.9428090415820634,3.333333333333333,4.714045207910316,1.3333333333333333,1.247219128924647,1.6666666666666667,1.699673171197595,0.0,0.0,6.666666666666667,5.312459150169743,0.0,0.0,3.333333333333333,2.494438257849294,10.0,8.602325267042627,8.0,6.164414002968976,9.333333333333334,7.363574011458175,0.0,0.0,1.6666666666666667,2.357022603955158,11.0,8.602325267042627,2.6666666666666665,3.091206165165235,0.0,0.0,1.3333333333333333,1.247219128924647,1.3333333333333333,1.8856180831641267,6.582962962962962,4.827541577423837,6.309944863112101,4.761562248106414,-6.042592592592594,5.597017657016034,92.99938470811284,65.82622041964336,24.515185185185185,17.335956124769847,91.4191463535809,64.88272707095182,793.8258333333333,582.0707363756637,245.9478176435341,174.93754293224185,6.666666666666667
20,98_1,98,0.6506666666666666,0.9201816245840938,0.3333333333333333,0.4714045207910317,0.0,0.0,0.0,0.0,11.0,10.98483803552272,5.666666666666667,6.018490028422596,0.6666666666666666,0.9428090415820634,0.3333333333333333,0.4714045207910317,1.0,0.816496580927726,2.333333333333333,1.699673171197595,0.3333333333333333,0.4714045207910317,6.666666666666667,4.988876515698588,0.0,0.0,2.6666666666666665,1.8856180831641267,9.333333333333334,8.73053390247253,8.333333333333334,7.93025150224688,7.666666666666667,9.46337971105226,0.0,0.0,2.333333333333333,2.6246692913372702,9.0,10.677078252031311,3.0,2.943920288775949,0.3333333333333333,0.4714045207910317,0.0,0.0,0.3333333333333333,0.4714045207910317,5.996428571428571,4.258666744583452,8.412798699490926,7.671798664923481,52.02224867724868,36.84926316053892,62.981188891716215,44.85111122701812,54.59875661375661,45.21973636459976,67.35627421174007,47.858768271219326,860.7071560846562,625.2569213598996,301.84349897576743,213.6059526245475,6.666666666666667
21,98_1,98,1.0276666666666667,0.3096948318730697,1.0,0.0,0.0,0.0,0.0,0.0,10.666666666666666,8.993825042154695,5.333333333333333,3.771236166328253,0.0,0.0,0.6666666666666666,0.9428090415820634,1.6666666666666667,2.357022603955158,3.333333333333333,4.714045207910316,0.3333333333333333,0.4714045207910317,2.6666666666666665,2.0548046676563256,0.0,0.0,3.333333333333333,2.867441755680876,0.6666666666666666,0.4714045207910317,18.0,12.754084313139328,8.666666666666666,7.84573486395988,0.0,0.0,0.0,0.0,8.333333333333334,7.93025150224688,2.0,1.632993161855452,0.0,0.0,0.0,0.0,1.3333333333333333,1.8856180831641267,4.55,4.594234510856051,7.692156527775436,5.709189813149684,41.64166666666667,36.81394851894531,55.95201182027805,42.75164159859333,43.327777777777776,48.40648885821246,56.63008900140807,46.906629193379416,965.0930555555556,684.7733633792079,218.240761306785,199.3222657388812,7.0
22,98_1,98,0.0,0.0,0.0,0.0,8.0,11.31370849898476,2.0,2.8284271247461903,9.666666666666666,8.178562764256865,2.333333333333333,2.6246692913372702,0.0,0.0,2.333333333333333,2.0548046676563256,2.333333333333333,3.2998316455372216,0.0,0.0,0.0,0.0,6.666666666666667,7.408703590297622,0.0,0.0,4.666666666666667,5.9066817155564495,5.333333333333333,7.542472332656507,13.0,12.027745701779144,5.666666666666667,4.496912521077348,0.0,0.0,0.6666666666666666,0.9428090415820634,11.333333333333334,12.036980056845191,1.6666666666666667,2.357022603955158,0.0,0.0,0.0,0.0,1.0,1.4142135623730951,6.087222222222223,4.597188418808249,4.539468428638809,3.3055180431423543,41.13092592592593,46.83653250426765,68.7157523717453,53.97095770194201,50.91425925925926,53.255695509342594,68.31015655094731,58.50926172462956,742.1064814814814,535.1819200436249,191.19591697411545,182.39271474160336,7.0
23,98_1,98,2.1613333333333333,0.5665947013126363,1.0,0.0,7.333333333333333,10.370899457402697,3.0,4.242640687119285,12.666666666666666,9.533566430716728,4.666666666666667,3.39934634239519,0.0,0.0,2.333333333333333,2.0548046676563256,1.3333333333333333,1.8856180831641267,0.6666666666666666,0.9428090415820634,0.0,0.0,3.333333333333333,2.867441755680876,0.0,0.0,2.0,2.8284271247461903,2.6666666666666665,3.771236166328253,14.0,11.430952132988164,5.666666666666667,4.027681991198191,0.0,0.0,2.333333333333333,3.2998316455372216,6.333333333333333,7.586537784494029,1.6666666666666667,1.699673171197595,0.0,0.0,0.0,0.0,1.3333333333333333,1.8856180831641267,6.260185185185185,6.563198751094231,4.585235622283676,3.484490856773652,9.69259259259259,39.067404380736775,69.92068731796742,52.085320015477656,52.99722222222223,37.76049175599175,66.04872671744276,51.76778259444096,732.8833333333333,528.6347049677087,296.3681265143942,318.80709335923325,7.0
24,98_1,98,0.3306666666666666,0.4676332846247034,0.3333333333333333,0.4714045207910317,0.0,0.0,0.3333333333333333,0.4714045207910317,10.333333333333334,8.178562764256865,6.0,5.354126134736337,1.0,1.4142135623730951,3.0,4.242640687119285,1.3333333333333333,1.247219128924647,2.6666666666666665,1.8856180831641267,1.0,0.816496580927726,4.666666666666667,3.39934634239519,0.0,0.0,1.6666666666666667,1.699673171197595,6.0,8.48528137423857,12.333333333333334,9.46337971105226,6.333333333333333,4.642796092394706,0.0,0.0,1.3333333333333333,1.8856180831641267,10.333333333333334,7.408703590297622,3.0,2.449489742783178,0.6666666666666666,0.9428090415820634,0.0,0.0,0.3333333333333333,0.4714045207910317,7.615317460317461,5.444412546762036,8.693450119001291,6.266297029449772,5.450767195767194,65.6694888147631,74.43416412347851,52.96478021380224,10.97883597883598,21.336654357583694,87.73921333258215,62.07934161943699,753.6387169312169,536.5222154509687,208.03850748151888,187.86266123583653,7.0
25,98_1,98,1.838666666666667,0.6173709491779548,1.0,0.0,1.6666666666666667,2.357022603955158,0.0,0.0,5.333333333333333,4.988876515698588,2.0,1.632993161855452,0.0,0.0,1.3333333333333333,1.8856180831641267,1.6666666666666667,1.699673171197595,4.0,3.265986323710904,2.333333333333333,3.2998316455372216,7.0,5.0990195135927845,0.0,0.0,2.0,2.160246899469287,8.666666666666666,12.256517540566824,8.333333333333334,7.408703590297623,4.0,2.8284271247461903,0.0,0.0,0.0,0.0,11.333333333333334,8.379870059984356,4.333333333333333,4.189935029992179,0.0,0.0,0.0,0.0,3.333333333333333,4.714045207910316,1.8816666666666664,3.144284350066653,7.732166903385358,5.598932072151124,19.71055555555556,77.95970243863805,74.48915543167256,54.42538308548735,-23.448888888888888,44.80965682820756,88.68981725085733,62.7156401965952,746.4305555555555,534.9911409392568,145.62693522790252,106.15382197075456,0.0
26,98_1,98,0.8426666666666667,0.65227311934666,0.6666666666666666,0.4714045207910317,0.6666666666666666,0.9428090415820634,0.0,0.0,11.333333333333334,8.65383665716478,5.0,5.0990195135927845,0.3333333333333333,0.4714045207910317,0.6666666666666666,0.9428090415820634,5.0,4.546060565661952,2.6666666666666665,3.771236166328253,0.0,0.0,7.0,7.874007874011811,0.0,0.0,8.333333333333334,6.236095644623235,4.0,2.943920288775949,14.666666666666666,10.49867716534908,8.0,5.715476066494082,0.0,0.0,0.3333333333333333,0.4714045207910317,4.333333333333333,4.784233364802441,4.333333333333333,6.128258770283413,0.6666666666666666,0.9428090415820634,0.0,0.0,2.0,1.632993161855452,8.29185185185185,5.875387568572203,6.4838110439119445,5.451221245842564,8.946851851851852,7.207642639189745,86.04090275202707,60.85876781173543,17.093703703703707,29.82875356368813,84.5654652226867,60.09562770829593,990.9071296296296,704.0065186942581,232.75274721612791,165.65992797109217,0.0
27,98_1,98,2.2756666666666665,2.378076860733386,0.6666666666666666,0.4714045207910317,0.0,0.0,0.0,0.0,13.0,9.41629792788369,7.0,6.164414002968976,0.0,0.0,0.0,0.0,7.0,7.25718035235908,5.0,5.715476066494082,0.0,0.0,11.0,12.19289410544792,0.0,0.0,11.0,10.424330514074594,11.666666666666666,9.392668535736911,14.666666666666666,10.49867716534908,10.333333333333334,8.576453553512405,0.0,0.0,1.0,0.816496580927726,5.666666666666667,4.496912521077348,4.0,4.96655480858378,1.6666666666666667,2.357022603955158,0.0,0.0,4.333333333333333,3.6817870057290873,11.421666666666669,8.771314462918737,9.10370911152532,6.604259837811004,70.34444444444445,50.43680054053223,76.10559604746051,53.8411514814956,72.07555555555557,51.3586285140044,81.50794110587401,57.644845531157465,901.847777777778,638.8836820251593,191.67171532376048,137.68920111652395,0.0
28,98_1,98,0.448,0.6335676759431467,0.3333333333333333,0.4714045207910317,4.333333333333333,6.128258770283412,1.3333333333333333,1.8856180831641267,5.666666666666667,5.436502143433363,3.0,3.559026084010437,0.0,0.0,0.0,0.0,3.333333333333333,2.494438257849294,9.0,8.286535263104035,3.6666666666666665,5.185449728701348,12.333333333333334,9.177266598624136,0.0,0.0,7.0,6.164414002968976,8.333333333333334,9.10433352249844,13.333333333333334,10.624918300339486,6.666666666666667,6.236095644623235,0.0,0.0,1.6666666666666667,1.699673171197595,13.0,9.201449161228174,2.6666666666666665,2.0548046676563256,0.0,0.0,0.3333333333333333,0.4714045207910317,3.6666666666666665,3.299831645537222,10.563888888888888,7.602053613057623,5.860024897949245,4.18415683030645,7.919444444444442,96.81826721897036,57.88198491741818,40.99193815027621,-2.6268518518518484,73.59545592903083,79.26570694665342,57.1223248744128,765.337037037037,541.2078189381133,164.20293673247878,125.70400896191931,7.0
29,98_1,98,0.8996666666666666,0.6426415970214053,0.6666666666666666,0.4714045207910317,0.0,0.0,0.0,0.0,9.333333333333334,7.363574011458175,2.6666666666666665,2.0548046676563256,0.0,0.0,0.6666666666666666,0.9428090415820634,5.666666666666667,4.9216076867444665,6.0,5.354126134736337,0.3333333333333333,0.4714045207910317,8.666666666666666,7.84573486395988,0.0,0.0,8.0,6.531972647421808,7.666666666666667,5.792715732327588,12.0,8.524474568362947,7.0,6.164414002968976,0.0,0.0,1.0,1.4142135623730951,7.0,5.715476066494082,7.0,7.25718035235908,2.0,2.160246899469287,0.3333333333333333,0.4714045207910317,2.333333333333333,1.699673171197595,9.375,6.638743606034704,4.31956147271173,3.486392168149064,0.5277777777777809,66.96736779033077,74.56831371719876,53.18109754104107,34.62129629629629,24.525097619322768,94.8888891803202,67.43836660897288,659.7398148148148,469.2869907453057,246.4950970524792,214.270188800532,13.0
30,98_1,98,1.5716666666666663,1.3802435372868884,0.6666666666666666,0.4714045207910317,0.0,0.0,0.0,0.0,17.0,12.19289410544792,4.666666666666667,5.9066817155564495,0.0,0.0,2.333333333333333,3.2998316455372216,3.6666666666666665,2.6246692913372702,2.6666666666666665,2.0548046676563256,0.0,0.0,10.666666666666666,7.93025150224688,0.0,0.0,6.666666666666667,4.714045207910317,5.0,5.0990195135927845,14.0,9.899494936611664,7.0,7.25718035235908,0.0,0.0,0.0,0.0,3.0,2.160246899469287,11.0,9.899494936611664,2.333333333333333,2.0548046676563256,0.0,0.0,2.333333333333333,1.699673171197595,9.791666666666666,7.0621873906560095,3.342437604101356,2.3737149996842986,-1.777777777777781,118.72525811123867,30.68428022990816,21.82477021461202,19.81111111111111,74.43376415924148,82.4944708511195,60.41426172465021,814.6041666666666,588.6447262863418,191.111275224938,136.60780406405624,7.0
31,98_1,98,2.2146666666666666,1.4824264643557272,1.0,0.0,1.0,1.4142135623730951,1.0,1.4142135623730951,12.333333333333334,9.46337971105226,5.0,3.559026084010437,0.0,0.0,0.6666666666666666,0.9428090415820634,3.6666666666666665,3.299831645537222,3.0,3.559026084010437,0.0,0.0,6.333333333333333,8.259674462242579,0.0,0.0,5.333333333333333,5.557777333511022,3.6666666666666665,2.6246692913372702,15.0,10.98483803552272,7.666666666666667,6.548960901462833,0.0,0.0,0.0,0.0,6.333333333333333,4.921607686744467,6.0,7.788880963698615,0.6666666666666666,0.9428090415820634,0.0,0.0,2.6666666666666665,2.0548046676563256,7.80037037037037,5.578554640701002,4.556189562140021,3.2235687555228214,-5.999629629629628,103.70204328333432,40.232599079377785,28.895824037954924,21.802777777777777,91.92296048093884,58.03992544278282,51.87196705960983,634.4415740740741,479.0869174215276,245.9714692971244,174.38957933024392,5.0
32,98_1,98,0.8536666666666667,1.207266977745832,0.3333333333333333,0.4714045207910317,0.6666666666666666,0.9428090415820634,0.0,0.0,6.666666666666667,5.734883511361751,5.666666666666667,4.027681991198191,0.0,0.0,0.0,0.0,5.0,5.715476066494082,5.333333333333333,3.771236166328253,0.6666666666666666,0.9428090415820634,10.333333333333334,8.576453553512405,0.0,0.0,7.0,6.683312551921141,9.666666666666666,8.65383665716478,12.333333333333334,11.145502331533658,8.0,5.715476066494082,0.0,0.0,1.6666666666666667,2.357022603955158,12.333333333333334,12.229290885229426,3.333333333333333,4.714045207910316,0.0,0.0,0.6666666666666666,0.9428090415820634,1.3333333333333333,1.8856180831641267,6.342592592592593,5.638846621504301,5.533662355125341,4.212593879620095,31.739814814814817,26.360914249482835,81.77053377517679,58.05995095935329,20.259259259259263,28.88891153251724,86.54854610793534,61.50935210215157,685.3004629629628,501.55866983119336,191.05867218720985,135.34902081273688,-1.0
33,98_1,98,0.8956666666666667,0.654558545043061,0.6666666666666666,0.4714045207910317,0.0,0.0,0.0,0.0,9.0,8.286535263104035,7.333333333333333,6.599663291074444,0.0,0.0,3.333333333333333,4.714045207910316,4.0,2.943920288775949,2.0,1.632993161855452,0.0,0.0,5.0,3.559026084010437,0.0,0.0,7.0,5.0990195135927845,5.666666666666667,6.649979114420001,15.666666666666666,11.67142760000773,8.0,5.715476066494082,0.0,0.0,3.333333333333333,4.027681991198191,9.0,12.027745701779144,2.333333333333333,2.6246692913372702,0.0,0.0,0.0,0.0,0.3333333333333333,0.4714045207910317,9.003333333333332,6.370181112606407,4.82181444818077,3.707941659902582,22.739444444444448,47.46283673557296,80.80577722513523,57.902874819927455,-9.193888888888887,8.866476640960116,93.5712979223249,66.17185923189398,533.3022222222222,384.1940006432257,114.701773305792,100.52595067825006,5.666666666666667
34,98_1,98,0.3236666666666666,0.4577337896880918,0.3333333333333333,0.4714045207910317,0.0,0.0,0.0,0.0,14.0,10.03327796219494,8.0,9.93310961716756,0.3333333333333333,0.4714045207910317,1.3333333333333333,1.8856180831641267,5.666666666666667,4.189935029992178,5.0,6.377042156569663,0.0,0.0,11.0,9.899494936611664,0.0,0.0,8.333333333333334,5.90668171555645,8.333333333333334,8.498365855987974,12.333333333333334,8.9566858950296,8.0,9.273618495495704,0.0,0.0,2.333333333333333,2.6246692913372702,6.666666666666667,6.236095644623235,8.333333333333334,11.08552609887726,2.0,2.160246899469287,0.0,0.0,3.333333333333333,2.494438257849294,9.955555555555556,8.011176606297226,3.3600848863579813,2.45028643846852,15.666666666666664,90.8058867809465,66.63660884344421,51.30488074025452,-3.180555555555557,54.97242925681074,90.48597598683492,64.28829977276501,862.025,622.0500116382658,271.6288008014401,218.4437425006072,13.333333333333334
35,98_1,98,1.9983333333333333,2.8260701021422348,0.3333333333333333,0.4714045207910317,0.0,0.0,0.0,0.0,14.0,10.424330514074594,6.333333333333333,5.312459150169743,0.0,0.0,0.3333333333333333,0.4714045207910317,4.0,3.265986323710904,5.333333333333333,5.557777333511022,0.0,0.0,12.666666666666666,9.285592184789412,0.0,0.0,7.666666666666667,6.128258770283412,11.333333333333334,12.036980056845191,9.0,6.377042156569663,12.0,9.41629792788369,0.0,0.0,5.333333333333333,6.18241233033047,8.666666666666666,8.9566858950296,9.333333333333334,10.49867716534908,4.333333333333333,4.784233364802441,0.0,0.0,3.0,2.943920288775949,10.416666666666666,7.554995894304838,3.2514623597352093,2.418109133700215,53.225,55.61342805141245,72.93298174291928,61.42794267822742,20.444444444444446,54.35630663490351,96.89724947421894,69.34256307341283,1029.9166666666667,798.1379393582638,218.3400921232294,158.17754475485853,5.666666666666667
36,98_1,98,1.7566666666666668,1.8535791203926408,0.6666666666666666,0.4714045207910317,0.0,0.0,0.0,0.0,13.333333333333334,10.274023338281626,6.333333333333333,4.642796092394707,0.0,0.0,1.3333333333333333,1.8856180831641267,5.0,3.741657386773941,5.0,4.546060565661952,0.0,0.0,12.0,9.41629792788369,0.0,0.0,9.0,6.377042156569663,8.0,8.04155872120988,12.0,8.640987597877148,11.666666666666666,9.030811456096044,0.0,0.0,2.333333333333333,1.699673171197595,6.0,4.898979485566356,8.333333333333334,9.104333522498443,2.0,2.8284271247461903,0.0,0.0,1.0,1.4142135623730951,11.033333333333331,8.297023674297419,3.581068439170055,2.5404094779113127,64.40277777777777,69.37369429312916,52.23708670304219,63.34570449058469,47.338888888888896,34.58297143942734,90.69333402828396,64.38393013113138,916.5611111111112,732.0794607604314,160.55519367355126,146.13242881729244,7.0
37,98_1,98,1.006,0.7225196652456365,0.6666666666666666,0.4714045207910317,0.0,0.0,0.0,0.0,13.666666666666666,10.656244908763853,7.0,4.96655480858378,0.0,0.0,0.6666666666666666,0.9428090415820634,2.6666666666666665,3.091206165165235,1.6666666666666667,1.247219128924647,0.0,0.0,8.666666666666666,6.182412330330469,0.0,0.0,6.333333333333333,6.342099196813483,5.666666666666667,6.649979114420001,13.666666666666666,11.025223605694151,12.666666666666666,10.208928554075705,0.0,0.0,1.0,1.4142135623730951,7.0,5.0990195135927845,5.333333333333333,6.18241233033047,0.6666666666666666,0.9428090415820634,0.3333333333333333,0.4714045207910317,1.3333333333333333,1.8856180831641267,9.119444444444444,7.267158282724607,3.1700278602057588,2.4541767562065457,62.23611111111112,68.79525928882953,52.49122780699848,70.37851371781453,58.54999999999999,60.34803227943725,74.09026657120477,62.931171921455736,783.4444444444443,590.6529922754565,122.54369515496572,112.47191521865362,7.0
38,98_1,98,1.689,0.1442659581005397,1.0,0.0,0.0,0.0,0.0,0.0,9.0,7.788880963698615,5.0,4.546060565661952,0.0,0.0,0.0,0.0,4.333333333333333,3.299831645537222,3.6666666666666665,4.496912521077348,0.0,0.0,11.0,8.602325267042627,0.0,0.0,8.333333333333334,6.018490028422597,13.0,12.027745701779144,7.333333333333333,6.599663291074444,7.0,5.354126134736337,0.0,0.0,2.0,2.8284271247461903,11.666666666666666,9.809292646374772,7.333333333333333,7.717224601860151,1.6666666666666667,2.357022603955158,0.3333333333333333,0.4714045207910317,1.0,1.4142135623730951,6.077777777777778,4.389098096279626,4.170421441227564,2.952375346688594,-4.863888888888889,3.5052892133368685,100.83835046025152,71.39870425976935,-5.794444444444444,40.2514327633958,98.81145142796191,69.87119519910459,832.8666666666667,659.0668782804187,136.0204957997142,115.85724103871812,7.0
39,98_1,98,0.0,0.0,0.0,0.0,3.6666666666666665,5.185449728701348,0.0,0.0,11.0,9.899494936611664,2.333333333333333,1.699673171197595,0.0,0.0,2.333333333333333,3.2998316455372216,1.0,1.4142135623730951,1.6666666666666667,1.247219128924647,0.0,0.0,8.333333333333334,6.236095644623235,0.0,0.0,2.0,1.4142135623730951,9.666666666666666,10.338708279513884,10.333333333333334,9.533566430716728,8.0,6.164414002968976,0.0,0.0,3.0,4.242640687119285,9.333333333333334,9.877021593352705,6.666666666666667,6.236095644623235,0.3333333333333333,0.4714045207910317,0.0,0.0,1.6666666666666667,1.699673171197595,9.42314814814815,7.122507626068358,2.977784405211647,2.124614255733684,14.110185185185172,100.72599930440528,61.8175752901918,45.29577954970124,-3.744444444444445,5.682764444211555,101.95914636465018,72.12420626945746,769.9777777777778,608.4815358128415,104.88350290669324,84.50683977338541,7.0
40,98_1,98,2.4036666666666666,1.7002102484366128,1.0,0.816496580927726,5.0,7.071067811865476,0.3333333333333333,0.4714045207910317,8.0,11.31370849898476,3.6666666666666665,5.185449728701348,0.3333333333333333,0.4714045207910317,0.0,0.0,4.0,3.741657386773941,5.666666666666667,6.018490028422596,0.0,0.0,7.333333333333333,8.339997335464536,0.0,0.0,4.666666666666667,4.642796092394707,13.333333333333334,12.47219128924647,6.666666666666667,9.428090415820632,6.0,7.788880963698615,0.0,0.0,0.3333333333333333,0.4714045207910317,11.0,11.575836902790224,6.0,6.48074069840786,2.6666666666666665,3.091206165165235,0.0,0.0,3.6666666666666665,4.496912521077348,6.413888888888889,8.146006557786839,7.278310573208423,5.921204505209648,-6.938888888888887,57.11415199427101,88.05512761152299,62.40892669280601,34.269444444444446,27.63168499082347,83.30551086644009,58.9842746857784,750.0555555555555,660.9137122663808,282.4547568258583,263.4393938122884,7.0
41,98_1,98,0.6723333333333333,0.4763964268920953,0.6666666666666666,0.4714045207910317,1.3333333333333333,1.8856180831641267,0.6666666666666666,0.9428090415820634,4.666666666666667,5.9066817155564495,1.3333333333333333,1.247219128924647,0.0,0.0,1.0,1.4142135623730951,2.0,2.8284271247461903,5.666666666666667,8.013876853447538,1.3333333333333333,1.8856180831641267,6.333333333333333,8.259674462242579,0.0,0.0,3.333333333333333,2.494438257849294,10.0,14.142135623730953,9.666666666666666,13.67073110293992,2.0,2.160246899469287,0.0,0.0,0.0,0.0,15.0,12.24744871391589,3.0,4.242640687119285,0.0,0.0,0.0,0.0,1.6666666666666667,2.357022603955158,6.210185185185185,12.346029153985349,2.865117177796438,2.238421318211788,-46.5537037037037,55.75527625170535,78.69470213842102,64.73933979167586,-25.571296296296296,23.46585540796318,107.15511626084256,75.83489349887292,716.0787037037038,579.4032815460436,170.90027956017184,174.93350248722663,7.0
42,98_1,98,3.433666666666667,4.260297824748354,1.0,0.816496580927726,0.3333333333333333,0.4714045207910317,0.0,0.0,8.333333333333334,7.408703590297623,2.0,1.4142135623730951,3.0,4.242640687119285,2.6666666666666665,3.091206165165235,1.3333333333333333,1.8856180831641267,2.6666666666666665,2.494438257849294,1.0,0.816496580927726,3.6666666666666665,4.496912521077348,0.0,0.0,1.3333333333333333,1.8856180831641267,9.666666666666666,12.970050972229147,9.666666666666666,13.67073110293992,2.333333333333333,1.699673171197595,0.0,0.0,1.0,1.4142135623730951,13.666666666666666,12.391753530294071,2.0,2.8284271247461903,0.0,0.0,0.3333333333333333,0.4714045207910317,1.0,0.816496580927726,11.558730158730157,8.203581151008635,7.105116075988576,5.250187445692495,-7.402380952380952,37.88523524669811,81.72148500414339,59.33640797865191,-4.945238095238094,54.591869310570175,73.97841682101416,52.34419012080591,496.3189285714286,367.3194837087794,67.72054309269777,48.00181281279024,7.0
43,98_1,98,0.939,0.6864755397438912,0.6666666666666666,0.4714045207910317,0.0,0.0,0.0,0.0,8.333333333333334,11.785113019775793,3.6666666666666665,5.185449728701348,6.0,8.48528137423857,3.6666666666666665,5.185449728701348,0.3333333333333333,0.4714045207910317,5.333333333333333,7.542472332656507,3.0,4.242640687119285,4.333333333333333,3.0912061651652345,0.0,0.0,0.6666666666666666,0.9428090415820634,10.0,14.142135623730953,7.0,9.899494936611664,4.0,5.656854249492381,0.0,0.0,0.0,0.0,9.666666666666666,12.283683848458852,3.0,4.242640687119285,0.3333333333333333,0.4714045207910317,0.0,0.0,0.6666666666666666,0.9428090415820634,9.99,7.726341067820932,6.404419615877585,6.216471558932902,-6.701666666666669,27.57574541486024,79.97686237544526,58.16416276324672,25.702407407407406,18.54803088909509,84.96114978590577,61.50300715655846,426.3801851851852,386.472829597829,123.0198556348504,93.09885339978274,7.0
44,98_1,98,3.231666666666667,2.469441817271443,0.6666666666666666,0.4714045207910317,0.6666666666666666,0.9428090415820634,0.0,0.0,8.666666666666666,10.873004286866728,2.6666666666666665,3.771236166328253,3.0,4.242640687119285,1.3333333333333333,1.8856180831641267,2.6666666666666665,3.771236166328253,3.333333333333333,4.714045207910316,0.3333333333333333,0.4714045207910317,5.333333333333333,6.18241233033047,0.0,0.0,4.333333333333333,6.128258770283413,13.333333333333334,11.953614051360738,7.666666666666667,10.842303978193728,5.666666666666667,8.013876853447538,0.0,0.0,1.3333333333333333,1.247219128924647,13.666666666666666,12.391753530294071,2.6666666666666665,3.771236166328253,0.3333333333333333,0.4714045207910317,0.0,0.0,3.333333333333333,4.714045207910316,8.04814814814815,7.555142395203216,6.614501881473576,6.212626996814335,38.43042328042328,27.88834438231412,81.2479587973033,57.52125558651293,50.366666666666674,37.456441986610216,75.51910599538743,55.53090355853944,539.07791005291,413.80592129546665,172.39494875888624,168.41632606238994,7.0
45,98_1,98,0.0,0.0,0.0,0.0,1.3333333333333333,1.8856180831641267,0.0,0.0,3.6666666666666665,2.6246692913372702,1.6666666666666667,1.699673171197595,0.0,0.0,1.0,1.4142135623730951,1.3333333333333333,1.247219128924647,2.333333333333333,1.699673171197595,0.0,0.0,5.666666666666667,5.436502143433363,0.0,0.0,2.0,1.632993161855452,10.666666666666666,11.115554667022044,4.333333333333333,3.299831645537222,2.6666666666666665,1.8856180831641267,0.0,0.0,0.3333333333333333,0.4714045207910317,9.666666666666666,10.96458946893235,6.0,7.788880963698615,0.6666666666666666,0.9428090415820634,0.6666666666666666,0.9428090415820634,0.0,0.0,2.0044444444444447,5.330377884827841,5.0471130424487205,3.717515838677503,17.575555555555557,80.82542212527193,64.21606338163383,45.54942700037271,-22.76888888888889,16.399631338072556,87.28711379230714,62.242473894837815,614.1922222222222,487.6840223360008,299.9110512478848,335.3985242892508,7.0
46,98_1,98,2.2506666666666666,1.3808476462746428,1.3333333333333333,0.4714045207910317,1.3333333333333333,1.8856180831641267,0.0,0.0,4.666666666666667,4.642796092394707,1.6666666666666667,1.247219128924647,0.0,0.0,2.0,2.8284271247461903,5.0,3.741657386773941,5.0,4.08248290463863,0.0,0.0,11.0,7.788880963698615,0.0,0.0,8.666666666666666,6.342099196813483,10.666666666666666,9.977753031397176,7.666666666666667,8.178562764256865,1.6666666666666667,1.699673171197595,0.0,0.0,0.6666666666666666,0.9428090415820634,8.666666666666666,9.568466729604882,7.666666666666667,8.178562764256865,2.0,2.160246899469287,0.0,0.0,3.0,2.449489742783178,7.375396825396826,6.037598699115924,5.683626391611903,4.079452453309432,12.48148148148148,92.49336975273816,63.32278334240633,45.72450233359501,-40.66865079365079,50.96106882223257,82.03277963029713,62.59196392520219,828.4377976190476,698.2492327097451,311.49771690379765,258.64743185205,7.0
47,98_1,98,1.042,0.8628723350917369,0.6666666666666666,0.4714045207910317,5.333333333333333,7.542472332656507,1.0,1.4142135623730951,8.333333333333334,6.944222218666553,2.6666666666666665,2.0548046676563256,0.0,0.0,0.6666666666666666,0.9428090415820634,3.0,2.160246899469287,4.0,3.741657386773941,1.0,1.4142135623730951,10.0,8.16496580927726,0.0,0.0,4.0,3.265986323710904,5.666666666666667,8.013876853447538,11.666666666666666,10.780641085864152,2.6666666666666665,3.091206165165235,0.0,0.0,0.0,0.0,10.666666666666666,7.71722460186015,7.0,5.715476066494082,3.0,2.160246899469287,0.6666666666666666,0.9428090415820634,2.6666666666666665,1.8856180831641267,8.960185185185185,6.368122584700478,5.867225061241086,4.179281375711623,-1.6372222222222252,78.34935919203467,61.58646208206162,44.09717017605294,-9.649629629629633,22.89701474483008,82.00127240743724,58.688556330322186,638.3183333333333,535.4592830821863,276.1203332079089,195.63166824264485,14.0
48,98_1,98,0.206,0.2913279938488576,0.3333333333333333,0.4714045207910317,1.0,0.816496580927726,0.0,0.0,9.666666666666666,6.847546194724712,3.0,3.559026084010437,0.0,0.0,1.3333333333333333,1.8856180831641267,3.0,2.449489742783178,1.6666666666666667,1.247219128924647,0.0,0.0,6.666666666666667,5.312459150169743,0.0,0.0,5.333333333333333,4.988876515698588,10.666666666666666,8.219218670625303,8.666666666666666,6.342099196813483,9.666666666666666,6.847546194724712,0.0,0.0,3.0,2.449489742783178,12.0,8.524474568362947,3.333333333333333,2.867441755680876,1.0,0.816496580927726,0.3333333333333333,0.4714045207910317,1.6666666666666667,1.247219128924647,9.544444444444444,6.750601253514432,5.6382268737439984,4.136426881962332,24.16944444444444,51.70221104114611,73.28513263807703,52.46990853634158,47.31944444444445,52.038495514687,73.2907487567033,57.19188027884676,762.8874999999999,555.5882451389465,286.3798302881939,210.30340655798307,7.0
49,98_1,98,3.260333333333333,2.5220476248917705,1.3333333333333333,0.9428090415820634,3.0,4.242640687119285,0.3333333333333333,0.4714045207910317,10.666666666666666,7.586537784494028,4.0,5.656854249492381,0.6666666666666666,0.9428090415820634,2.0,1.4142135623730951,2.0,1.4142135623730951,3.6666666666666665,2.867441755680876,1.0,1.4142135623730951,6.666666666666667,5.312459150169743,0.0,0.0,2.6666666666666665,2.0548046676563256,4.666666666666667,6.599663291074443,15.333333333333334,12.256517540566824,5.333333333333333,4.988876515698588,0.0,0.0,1.3333333333333333,1.8856180831641267,9.0,6.48074069840786,4.333333333333333,4.189935029992179,0.0,0.0,0.0,0.0,2.0,1.632993161855452,10.84666666666667,8.224474766523707,5.209719648830318,3.6875755955890464,-17.319444444444443,80.55499166469303,63.78730183047984,48.322684269420286,-17.400000000000002,17.89618726205441,89.92633860469931,63.85215645858976,928.056111111111,656.9810390610999,300.76673708563834,213.83031519236448,6.0
50,98_1,98,1.7066666666666668,1.2489380377833892,1.0,0.816496580927726,7.0,9.899494936611664,2.6666666666666665,3.771236166328253,7.666666666666667,8.806563209081938,4.333333333333333,4.784233364802441,0.0,0.0,0.0,0.0,5.0,3.741657386773941,8.0,8.04155872120988,0.0,0.0,10.333333333333334,8.576453553512405,0.0,0.0,7.333333333333333,6.128258770283412,13.666666666666666,11.897712198383164,5.666666666666667,7.318166133366716,3.333333333333333,4.027681991198191,0.0,0.0,2.0,2.8284271247461903,11.333333333333334,11.440668201153676,5.666666666666667,7.318166133366716,2.0,2.8284271247461903,0.0,0.0,1.0,1.4142135623730951,6.321666666666666,8.700877669650472,4.341830907551074,3.395840827510879,57.51777777777778,52.20490587017258,76.27881747496606,54.66939924564811,6.786111111111111,79.24012800218378,79.78769652981843,58.48111032524096,837.9055555555556,593.6948125359517,160.4516006648934,128.59915534757843,7.0
51,98_1,98,0.6966666666666667,0.9852354484532562,0.3333333333333333,0.4714045207910317,1.0,1.4142135623730951,0.0,0.0,9.0,7.788880963698615,2.6666666666666665,2.0548046676563256,0.0,0.0,3.0,4.242640687119285,0.3333333333333333,0.4714045207910317,2.333333333333333,1.699673171197595,0.0,0.0,4.666666666666667,4.109609335312651,0.0,0.0,4.0,4.320493798938574,10.333333333333334,11.897712198383164,8.666666666666666,9.568466729604882,4.666666666666667,6.599663291074443,0.0,0.0,2.6666666666666665,3.771236166328253,13.666666666666666,11.025223605694151,3.0,3.559026084010437,0.0,0.0,0.6666666666666666,0.9428090415820634,0.0,0.0,5.8694444444444445,4.507639263338967,5.512858939518047,4.060090563897563,-37.73888888888889,72.5427754824101,68.41873755429931,60.48560212512458,-46.70555555555556,47.03975137983345,83.89025053427991,64.12262221798608,780.1972222222222,551.8178481305512,173.4823991190276,132.88469790253188,7.0
52,98_1,98,0.6613333333333333,0.9352665692494068,0.3333333333333333,0.4714045207910317,0.0,0.0,0.0,0.0,6.666666666666667,7.408703590297622,1.0,1.4142135623730951,0.0,0.0,2.333333333333333,3.2998316455372216,4.666666666666667,3.6817870057290873,4.0,2.943920288775949,0.0,0.0,12.0,8.524474568362947,0.0,0.0,8.333333333333334,6.944222218666553,8.666666666666666,9.568466729604882,8.333333333333334,6.236095644623235,5.666666666666667,4.921607686744467,0.0,0.0,4.333333333333333,6.128258770283412,7.333333333333333,7.717224601860151,8.0,9.93310961716756,2.0,2.8284271247461903,1.3333333333333333,1.8856180831641267,0.6666666666666666,0.9428090415820634,10.136111111111113,7.22811618475014,4.379060483636047,3.149832538627724,7.644444444444446,78.03358913923296,73.43565084217123,52.22446434505056,38.89722222222222,53.86401616714373,84.41943805771771,61.28661929712728,838.4,599.6746860374166,163.65733467734287,129.04024951976413,7.0
53,98_1,98,1.333,1.1063625084031004,0.6666666666666666,0.4714045207910317,0.0,0.0,0.0,0.0,13.333333333333334,10.274023338281626,5.0,3.559026084010437,0.0,0.0,2.0,2.8284271247461903,0.0,0.0,2.0,1.4142135623730951,0.0,0.0,2.333333333333333,3.2998316455372216,0.0,0.0,0.0,0.0,8.0,11.31370849898476,11.0,10.424330514074594,6.666666666666667,5.312459150169743,0.0,0.0,2.0,2.8284271247461903,11.0,9.899494936611664,2.0,2.8284271247461903,0.0,0.0,0.0,0.0,0.3333333333333333,0.4714045207910317,7.463888888888889,5.723628467983065,4.917779098714721,3.6726352476349393,16.269444444444446,60.65421130280594,68.73040993843858,49.28355253652184,-9.977777777777778,29.739393793584235,83.28780417161795,59.27071766535744,792.0611111111111,567.2760899984686,134.13077636818045,105.19894212140042,7.0
54,98_1,98,0.7856666666666667,0.6083126023864887,0.6666666666666666,0.4714045207910317,0.0,0.0,0.0,0.0,7.666666666666667,5.557777333511022,1.6666666666666667,2.357022603955158,0.0,0.0,0.3333333333333333,0.4714045207910317,3.6666666666666665,5.185449728701348,0.3333333333333333,0.4714045207910317,0.0,0.0,7.0,7.874007874011811,0.0,0.0,7.0,7.874007874011811,4.333333333333333,5.436502143433364,13.0,12.027745701779144,8.666666666666666,6.599663291074444,0.0,0.0,1.3333333333333333,1.8856180831641267,6.333333333333333,6.342099196813483,1.0,1.4142135623730951,0.0,0.0,0.0,0.0,0.6666666666666666,0.9428090415820634,9.405555555555557,8.90358940658135,4.364566960563889,3.1139842387762173,36.91944444444445,27.82831153411048,70.225189040985,50.66471373329213,61.25555555555555,52.49948206681615,55.01994091799122,40.92655220580925,603.6416666666668,428.2316858962629,292.76066452705413,308.3185569209041,7.0
55,98_1,98,3.071333333333333,1.2402237253370414,1.6666666666666667,0.4714045207910317,9.666666666666666,10.96458946893235,1.6666666666666667,2.357022603955158,2.0,2.8284271247461903,0.0,0.0,0.0,0.0,2.6666666666666665,3.091206165165235,3.333333333333333,2.494438257849294,3.0,2.160246899469287,0.0,0.0,7.666666666666667,5.436502143433364,0.0,0.0,6.666666666666667,6.236095644623235,9.666666666666666,8.65383665716478,8.0,6.531972647421808,2.6666666666666665,2.494438257849294,0.0,0.0,0.6666666666666666,0.9428090415820634,12.0,9.41629792788369,6.666666666666667,8.055363982396381,1.3333333333333333,1.8856180831641267,0.6666666666666666,0.9428090415820634,0.0,0.0,6.4907407407407405,5.727940927613797,7.052305812069615,7.660980393731042,-19.614814814814817,103.06310757327851,42.05217523568043,54.78157112856366,-30.00277777777778,78.9568290191889,79.48528670556159,62.93530573642384,790.8449074074074,562.4477714142392,217.41248158563008,162.13701529092577,7.0
56,98_1,98,0.0,0.0,0.0,0.0,7.333333333333333,3.6817870057290873,5.333333333333333,4.189935029992179,5.333333333333333,5.557777333511022,1.3333333333333333,1.247219128924647,0.0,0.0,1.6666666666666667,2.357022603955158,2.333333333333333,3.2998316455372216,4.333333333333333,4.189935029992179,1.0,1.4142135623730951,6.0,7.118052168020874,0.0,0.0,2.6666666666666665,3.091206165165235,8.333333333333334,9.741092797468305,9.333333333333334,11.8133634311129,3.6666666666666665,3.299831645537222,0.0,0.0,0.0,0.0,11.333333333333334,11.440668201153676,6.0,7.788880963698615,0.0,0.0,0.0,0.0,1.3333333333333333,1.8856180831641267,5.1194444444444445,6.935831325287511,6.487844163004488,4.592378283825689,-9.480555555555556,32.391571501256124,80.0788326996178,58.119049458401385,14.002777777777778,37.83963257234241,85.46014945416879,60.45584406922946,677.0194444444445,478.8837758210219,273.0193427120997,209.6678002927252,14.0
57,98_1,98,1.5643333333333331,1.1275076742778984,0.6666666666666666,0.4714045207910317,5.0,6.377042156569663,0.6666666666666666,0.9428090415820634,4.0,2.943920288775949,1.6666666666666667,1.699673171197595,0.0,0.0,0.6666666666666666,0.4714045207910317,7.666666666666667,10.842303978193728,0.3333333333333333,0.4714045207910317,0.0,0.0,7.333333333333333,8.339997335464536,0.0,0.0,8.666666666666666,11.556623882239812,1.3333333333333333,1.8856180831641267,17.666666666666668,12.657891697365017,2.0,2.160246899469287,0.0,0.0,0.0,0.0,7.0,9.899494936611664,7.333333333333333,7.1336448530109,0.0,0.0,0.0,0.0,3.6666666666666665,5.185449728701348,4.641666666666667,3.33571442733648,5.682409251184697,4.060476631187641,-6.75,9.015036307726644,67.67283497080689,47.852027411430605,-7.777777777777779,44.35822939920054,59.577891116455525,42.37236642449966,620.9347222222223,466.4259411899912,281.8222737473664,211.5336317115932,7.333333333333333
58,98_1,98,1.3086666666666666,1.0758067773639568,0.6666666666666666,0.4714045207910317,2.6666666666666665,3.091206165165235,0.3333333333333333,0.4714045207910317,3.0,2.160246899469287,1.3333333333333333,1.247219128924647,0.0,0.0,0.3333333333333333,0.4714045207910317,7.0,6.683312551921141,4.333333333333333,3.6817870057290873,0.0,0.0,7.333333333333333,5.436502143433363,0.0,0.0,10.333333333333334,8.576453553512405,10.0,8.16496580927726,11.333333333333334,9.392668535736911,4.666666666666667,4.109609335312651,0.0,0.0,0.6666666666666666,0.9428090415820634,10.666666666666666,10.530379332620877,2.6666666666666665,2.494438257849294,0.0,0.0,1.6666666666666667,2.357022603955158,2.0,2.160246899469287,5.230555555555555,8.345475413452682,7.700133493786621,7.194146586204048,-21.26666666666667,59.70552428066963,72.53082173982826,52.04786249537871,43.58055555555556,30.859523661542216,87.82741323099735,62.19054760977336,860.0527777777778,641.3125761498304,248.7711876936456,192.4238489465388,6.0
59,98_1,98,0.6223333333333333,0.8801122403168562,0.3333333333333333,0.4714045207910317,0.6666666666666666,0.9428090415820634,0.0,0.0,5.666666666666667,8.013876853447538,1.6666666666666667,2.357022603955158,1.3333333333333333,1.8856180831641267,2.6666666666666665,3.771236166328253,3.333333333333333,4.714045207910316,5.0,4.546060565661952,1.3333333333333333,1.8856180831641267,6.333333333333333,6.944222218666553,0.0,0.0,4.333333333333333,6.128258770283413,11.0,13.490737563232042,9.0,12.727922061357855,2.0,2.8284271247461903,0.0,0.0,0.0,0.0,13.333333333333334,12.47219128924647,4.666666666666667,6.599663291074443,0.0,0.0,0.0,0.0,1.3333333333333333,1.8856180831641267,1.0833333333333333,10.085649412609683,4.894439042413386,3.944472665420272,-7.452777777777777,31.045356852495114,91.65608221048366,66.7018527029815,38.875,89.84017161150788,46.773912307044334,58.604659803134055,884.4166666666666,639.8659030522637,171.48775936597056,139.27248042705938,4.666666666666666
60,98_1,98,2.374333333333333,1.7015044976595142,0.6666666666666666,0.4714045207910317,1.3333333333333333,1.8856180831641267,1.6666666666666667,2.357022603955158,9.666666666666666,11.61416759345623,5.666666666666667,8.013876853447538,0.0,0.0,0.6666666666666666,0.9428090415820634,5.0,3.559026084010437,4.666666666666667,3.6817870057290873,0.0,0.0,7.666666666666667,5.557777333511022,0.0,0.0,6.666666666666667,4.988876515698588,12.666666666666666,10.208928554075705,9.333333333333334,9.285592184789412,8.666666666666666,9.568466729604882,0.0,0.0,0.0,0.0,14.0,10.03327796219494,1.6666666666666667,1.699673171197595,0.0,0.0,0.0,0.0,0.6666666666666666,0.4714045207910317,4.822222222222222,7.787639581215451,6.228181436752145,5.312876258585753,19.580555555555552,18.37955326973596,97.72679234559628,69.10455449070794,52.04999999999999,37.0513382574323,91.53405396302368,64.7457872382001,794.2236111111112,589.6926736297152,130.78854575657704,134.26505263925657,0.3333333333333333
61,98_1,98,0.3626666666666667,0.5128881186206425,0.3333333333333333,0.4714045207910317,2.0,2.8284271247461903,0.0,0.0,2.6666666666666665,2.494438257849294,2.0,2.160246899469287,0.0,0.0,0.0,0.0,7.333333333333333,10.370899457402697,1.0,1.4142135623730951,0.0,0.0,8.0,9.93310961716756,0.0,0.0,8.666666666666666,10.873004286866728,11.0,12.83225103661344,10.0,13.4412301024373,2.6666666666666665,2.494438257849294,0.0,0.0,0.3333333333333333,0.4714045207910317,11.333333333333334,12.657891697365017,5.0,7.071067811865476,0.0,0.0,0.3333333333333333,0.4714045207910317,3.6666666666666665,5.185449728701348,2.638888888888889,8.847078753415492,5.293521154148499,3.743095432955453,-10.008333333333336,56.00809754616506,79.30636383154652,58.51004055402103,75.09166666666667,56.889916847266434,53.64367120526487,38.41146129823599,601.0222222222222,439.8739790902729,165.90722996140315,120.70931774905158,0.3333333333333333
62,98_1,98,5.133666666666667,0.1531215929326175,1.6666666666666667,0.4714045207910317,1.6666666666666667,2.357022603955158,0.0,0.0,5.0,7.071067811865476,2.6666666666666665,3.771236166328253,0.3333333333333333,0.4714045207910317,1.0,1.4142135623730951,2.6666666666666665,2.494438257849294,2.6666666666666665,2.0548046676563256,0.3333333333333333,0.4714045207910317,7.333333333333333,6.599663291074444,0.0,0.0,6.333333333333333,4.642796092394707,11.333333333333334,10.873004286866726,8.0,9.93310961716756,7.0,7.874007874011811,0.0,0.0,0.3333333333333333,0.4714045207910317,11.666666666666666,10.780641085864152,3.333333333333333,3.39934634239519,0.0,0.0,0.0,0.0,2.0,2.160246899469287,4.266666666666667,10.044051123075937,6.139894188251191,5.46711001806913,-24.83055555555556,68.65408472017839,79.11757283051054,57.2019664901023,51.638888888888886,38.24542597520247,92.68544132767644,65.75499018639093,780.3625000000001,551.8077093848673,168.569050532251,126.06559139369652,0.0
63,98_1,98,0.0,0.0,0.0,0.0,0.0,0.0,0.0,0.0,5.0,5.715476066494082,1.3333333333333333,1.247219128924647,0.0,0.0,0.3333333333333333,0.4714045207910317,2.6666666666666665,2.0548046676563256,2.333333333333333,1.699673171197595,0.0,0.0,7.333333333333333,6.128258770283412,0.0,0.0,4.0,2.943920288775949,11.333333333333334,12.657891697365017,4.0,4.96655480858378,1.6666666666666667,1.247219128924647,0.0,0.0,1.0,1.4142135623730951,13.0,10.23067283548187,6.0,5.887840577551898,3.0,2.943920288775949,0.0,0.0,0.6666666666666666,0.9428090415820634,3.5416666666666665,10.717243374840171,4.35448718366471,4.274476541125605,-40.28611111111111,28.48899587213402,89.11455468284277,63.31038297746035,70.91944444444444,53.5259457392763,71.87115264942925,53.00161715902701,852.2333333333332,614.3378669216121,214.30006320225743,208.08378516822108,5.666666666666667
64,98_1,98,3.1326666666666667,3.29045086407454,0.6666666666666666,0.4714045207910317,0.3333333333333333,0.4714045207910317,0.3333333333333333,0.4714045207910317,4.333333333333333,4.189935029992179,3.0,2.449489742783178,1.0,1.4142135623730951,0.3333333333333333,0.4714045207910317,2.6666666666666665,2.494438257849294,4.666666666666667,3.39934634239519,0.0,0.0,8.0,5.887840577551898,0.0,0.0,5.0,3.559026084010437,15.0,11.224972160321824,3.333333333333333,2.867441755680876,5.333333333333333,4.988876515698588,0.0,0.0,1.0,1.4142135623730951,12.333333333333334,9.809292646374772,4.333333333333333,4.189935029992179,0.3333333333333333,0.4714045207910317,1.0,0.816496580927726,1.0,0.816496580927726,4.827777777777778,7.388333312446217,6.932846198395605,7.352657309797425,-25.38055555555556,19.46988930390137,93.46022640697102,66.09970437090229,13.394444444444444,28.034803381106205,95.51597072562076,68.36879522425735,786.8402777777778,557.9929547495689,258.55163694847835,191.20684594228683,7.0
65,98_1,98,0.8173333333333334,0.7677613923319899,0.6666666666666666,0.4714045207910317,4.333333333333333,6.128258770283413,0.0,0.0,5.666666666666667,6.64997911442,2.333333333333333,1.699673171197595,0.0,0.0,0.0,0.0,0.6666666666666666,0.4714045207910317,2.333333333333333,2.6246692913372702,0.0,0.0,6.0,6.48074069840786,0.0,0.0,3.6666666666666665,3.858612300930076,12.333333333333334,12.81492185782739,3.6666666666666665,3.858612300930076,5.333333333333333,6.18241233033047,0.0,0.0,1.0,0.816496580927726,14.0,11.430952132988164,5.0,7.071067811865476,0.3333333333333333,0.4714045207910317,0.0,0.0,0.3333333333333333,0.4714045207910317,4.394444444444445,9.317549484443951,4.965044180192092,4.3918699290764325,-36.67777777777778,26.37871031769164,97.78384226411112,69.8036592179492,74.22222222222221,58.48527130719787,72.4508266293346,52.90683625561023,800.5916666666667,581.3568688294524,135.21498662134508,95.83430318073808,7.0
66,98_1,98,1.404,1.3470058153796765,0.6666666666666666,0.4714045207910317,1.0,1.4142135623730951,0.0,0.0,5.333333333333333,4.496912521077348,2.333333333333333,2.6246692913372702,0.0,0.0,0.6666666666666666,0.9428090415820634,3.0,2.160246899469287,4.666666666666667,3.299831645537222,0.0,0.0,8.333333333333334,6.018490028422597,0.0,0.0,6.0,4.898979485566356,9.666666666666666,7.1336448530109,8.666666666666666,6.342099196813483,8.333333333333334,6.548960901462833,0.0,0.0,2.333333333333333,2.6246692913372702,10.0,7.788880963698615,5.0,5.715476066494082,1.3333333333333333,1.247219128924647,1.0,1.4142135623730951,1.3333333333333333,0.9428090415820634,8.15925925925926,7.605624655873814,5.4920499353346495,4.831048380454571,36.67037037037037,45.39783567776073,87.69663572541607,65.10929921110001,79.98148148148148,57.21660388335829,58.11112316471639,45.19356185630252,754.6324074074074,563.6510806443923,207.723417995243,151.29580788187323,7.0
67,98_1,98,2.13,2.0311303913502616,0.6666666666666666,0.4714045207910317,0.0,0.0,0.0,0.0,13.666666666666666,12.391753530294071,3.0,2.160246899469287,0.0,0.0,2.0,2.8284271247461903,6.0,4.898979485566356,5.666666666666667,4.027681991198191,0.0,0.0,11.666666666666666,8.73053390247253,0.0,0.0,7.666666666666667,5.792715732327588,7.333333333333333,9.67241208569794,13.333333333333334,9.741092797468305,10.333333333333334,7.586537784494028,0.0,0.0,0.0,0.0,4.0,4.96655480858378,10.333333333333334,10.077477638553985,2.6666666666666665,1.8856180831641267,0.0,0.0,2.6666666666666665,2.0548046676563256,11.77777777777778,8.757370793216223,3.941598286764838,3.084565396699061,15.958333333333334,61.18789406107739,88.66166906915663,62.89493324335571,55.45555555555556,50.240577397995246,85.6450632295739,61.936728437878216,943.5361111111112,669.9412386159719,243.74242922104688,178.23220306386006,6.0
68,98_1,98,1.031,1.458054182806661,0.3333333333333333,0.4714045207910317,6.666666666666667,9.428090415820632,1.0,1.4142135623730951,8.666666666666666,9.568466729604882,2.6666666666666665,3.771236166328253,0.0,0.0,3.333333333333333,4.027681991198191,2.0,1.4142135623730951,1.3333333333333333,1.247219128924647,0.0,0.0,6.666666666666667,4.714045207910317,0.0,0.0,2.333333333333333,1.699673171197595,5.0,3.559026084010437,10.333333333333334,9.030811456096044,4.666666666666667,3.39934634239519,0.0,0.0,2.6666666666666665,3.091206165165235,7.0,5.0990195135927845,8.666666666666666,6.342099196813483,3.0,2.943920288775949,1.0,1.4142135623730951,1.3333333333333333,1.8856180831641267,5.688888888888889,6.4926109473447005,2.555291998829788,2.035170259683857,-0.5,78.6430237540825,63.33347502803551,45.051543691879765,27.15555555555555,83.3540036401342,68.21474841898923,61.61649382346395,902.3208333333332,641.4706455009082,205.1318127676312,145.08573382776623,6.0
69,98_1,98,1.610666666666667,1.160364693629646,0.6666666666666666,0.4714045207910317,9.0,12.727922061357855,0.6666666666666666,0.9428090415820634,8.666666666666666,7.363574011458175,2.6666666666666665,2.0548046676563256,0.0,0.0,0.0,0.0,2.0,1.632993161855452,3.0,2.160246899469287,0.0,0.0,9.333333333333334,7.039570693980959,0.0,0.0,5.333333333333333,4.496912521077348,14.666666666666666,10.873004286866726,3.6666666666666665,2.867441755680876,10.333333333333334,13.22455628325158,0.0,0.0,7.333333333333333,8.993825042154695,12.666666666666666,9.285592184789412,3.6666666666666665,2.6246692913372702,1.3333333333333333,0.9428090415820634,1.6666666666666667,2.357022603955158,1.6666666666666667,2.357022603955158,6.383333333333334,7.789344573767996,3.357448274923351,3.1030517188895046,55.59722222222222,62.15499307039013,70.51586734425716,63.01512806242771,95.58611111111112,71.17563446403568,34.85632596710748,44.068277078919,808.8166666666666,571.9683662500407,161.7612155809625,118.24423578258016,6.0
70,98_1,98,1.177,1.664529362913133,0.3333333333333333,0.4714045207910317,0.0,0.0,0.0,0.0,4.333333333333333,3.2998316455372216,0.3333333333333333,0.4714045207910317,0.0,0.0,0.3333333333333333,0.4714045207910317,1.6666666666666667,1.699673171197595,2.0,2.160246899469287,0.3333333333333333,0.4714045207910317,7.333333333333333,8.339997335464536,0.0,0.0,5.666666666666667,6.649979114420001,9.333333333333334,8.73053390247253,6.0,4.242640687119285,4.666666666666667,5.9066817155564495,0.0,0.0,6.333333333333333,8.259674462242579,12.666666666666666,10.624918300339486,5.666666666666667,4.921607686744467,1.3333333333333333,1.8856180831641267,0.6666666666666666,0.4714045207910317,1.6666666666666667,1.699673171197595,7.377777777777777,7.027476936907401,2.7933674447379144,2.163344928956392,78.28333333333335,64.65489834211813,46.25112102814578,54.18068158803018,92.60277777777776,67.85352359001149,43.86613304266828,44.551613707249295,829.3624999999998,589.5085518632511,173.93851959485718,126.15030586893324,7.0
71,98_1,98,2.5176666666666665,3.560518345534662,0.3333333333333333,0.4714045207910317,0.0,0.0,0.0,0.0,4.333333333333333,4.784233364802441,2.0,2.8284271247461903,0.0,0.0,0.0,0.0,7.0,7.25718035235908,7.0,5.354126134736337,0.0,0.0,13.0,10.614455552060438,0.0,0.0,10.666666666666666,9.46337971105226,14.0,10.198039027185567,5.0,3.741657386773941,9.0,6.48074069840786,0.0,0.0,1.6666666666666667,2.357022603955158,11.0,7.788880963698615,6.666666666666667,4.988876515698588,2.333333333333333,1.699673171197595,1.3333333333333333,0.9428090415820634,1.3333333333333333,1.247219128924647,9.155555555555557,6.4850258827230975,6.036257921544162,5.301135911357666,32.69629629629629,86.26392934378717,60.28073507623507,55.33081143169092,-21.40925925925925,16.346492767219264,93.2953707768986,65.97799986736588,762.675925925926,539.3111943235579,198.477720636672,159.32411275029764,7.0
72,98_1,98,3.4446666666666665,3.6583188610192097,1.0,0.816496580927726,0.0,0.0,0.0,0.0,3.6666666666666665,5.185449728701348,0.3333333333333333,0.4714045207910317,0.3333333333333333,0.4714045207910317,0.0,0.0,3.0,2.449489742783178,2.333333333333333,2.0548046676563256,0.0,0.0,7.333333333333333,6.599663291074444,0.0,0.0,5.666666666666667,5.436502143433363,7.666666666666667,7.0395706939809575,10.333333333333334,7.318166133366716,5.666666666666667,4.9216076867444665,0.0,0.0,2.6666666666666665,3.771236166328253,13.666666666666666,9.67241208569794,2.6666666666666665,2.494438257849294,1.0,0.816496580927726,0.6666666666666666,0.9428090415820634,0.3333333333333333,0.4714045207910317,9.419444444444444,6.721291257849157,6.610759736630596,4.751277524198223,32.791666666666664,48.92410079795937,68.99813176991834,55.04407545609735,52.31944444444445,42.09472031496423,73.50558109421533,52.39885969251437,676.5652777777779,491.4071103532283,206.03651409004533,147.25158540554534,5.0
73,98_1,98,1.3153333333333337,1.860162239041411,0.3333333333333333,0.4714045207910317,0.0,0.0,0.0,0.0,7.0,5.354126134736337,3.6666666666666665,2.867441755680876,0.0,0.0,1.3333333333333333,1.8856180831641267,4.0,2.8284271247461903,2.333333333333333,1.699673171197595,0.0,0.0,8.0,5.715476066494082,0.0,0.0,6.0,4.242640687119285,5.666666666666667,7.318166133366716,14.666666666666666,11.145502331533658,5.0,3.559026084010437,0.0,0.0,1.6666666666666667,2.357022603955158,6.666666666666667,7.408703590297622,4.666666666666667,4.642796092394707,0.0,0.0,0.0,0.0,3.0,2.943920288775949,11.65740740740741,8.296595976730302,6.448245579595607,4.631577220132335,-22.77129629629629,26.315962618645617,79.60624221820167,56.40490366272717,-1.1018518518518512,23.464535047745112,87.317522468915,61.914300814956526,669.3615740740742,473.3259466260009,295.08522658952023,269.1082065158404,6.0
74,98_1,98,0.8183333333333334,0.6666744999539796,0.6666666666666666,0.4714045207910317,0.0,0.0,0.0,0.0,8.0,6.531972647421808,5.333333333333333,5.557777333511022,0.0,0.0,0.6666666666666666,0.4714045207910317,7.333333333333333,8.339997335464536,3.0,3.559026084010437,0.0,0.0,11.0,10.424330514074594,0.0,0.0,8.0,8.640987597877148,6.666666666666667,4.784233364802441,15.666666666666666,11.953614051360738,7.333333333333333,6.128258770283412,0.0,0.0,0.3333333333333333,0.4714045207910317,6.333333333333333,8.956685895029603,7.333333333333333,7.717224601860151,0.6666666666666666,0.4714045207910317,0.0,0.0,5.0,5.715476066494082,10.535185185185185,8.369478504599764,4.964396428150386,3.6722333721536047,-1.0916666666666677,27.421337832398304,74.95016356596453,53.02239520685763,14.44259259259259,37.80317122677801,80.67621064528281,58.49139377720678,650.7199074074075,493.4461837637463,273.4735730035701,193.64588063365088,7.0
75,98_1,98,1.2126666666666666,0.9374491393611116,0.6666666666666666,0.4714045207910317,0.0,0.0,0.0,0.0,7.666666666666667,6.548960901462833,4.0,2.943920288775949,0.6666666666666666,0.4714045207910317,1.0,0.816496580927726,5.0,5.0990195135927845,5.333333333333333,4.988876515698588,0.0,0.0,9.666666666666666,8.178562764256865,0.0,0.0,6.333333333333333,4.9216076867444665,9.666666666666666,9.177266598624136,9.0,6.377042156569663,5.666666666666667,4.496912521077348,0.0,0.0,0.6666666666666666,0.9428090415820634,9.333333333333334,9.285592184789412,8.0,8.04155872120988,2.333333333333333,2.0548046676563256,0.0,0.0,2.6666666666666665,3.091206165165235,8.565740740740742,6.488931829090122,6.542821858731725,4.658522779933301,16.68425925925926,14.176053595477065,86.94257371003732,61.58868994418523,24.975925925925925,25.68184349006144,84.98139523245061,60.58857165989598,843.1282407407407,628.4513406151702,327.693570755504,257.0468872817823,7.0
76,98_1,98,0.9103333333333332,0.6437599621667139,0.6666666666666666,0.4714045207910317,0.0,0.0,0.0,0.0,6.0,7.788880963698615,0.0,0.0,0.0,0.0,1.6666666666666667,2.357022603955158,4.333333333333333,3.2998316455372216,1.6666666666666667,1.247219128924647,0.0,0.0,9.333333333333334,8.219218670625303,0.0,0.0,8.0,6.164414002968976,10.0,13.4412301024373,8.666666666666666,11.556623882239812,0.6666666666666666,0.4714045207910317,0.0,0.0,1.0,1.4142135623730951,9.333333333333334,11.8133634311129,6.0,7.118052168020874,1.3333333333333333,1.247219128924647,0.0,0.0,1.6666666666666667,1.699673171197595,14.085555555555556,9.992519455158863,8.414153852543352,8.719723818117657,-25.21666666666667,60.3849334286723,77.03722055358729,54.7457666326152,25.237222222222226,62.80982401830048,75.13982913814209,53.253989976217845,692.6780555555556,537.1262369081911,180.8943167342441,128.11352752380827,7.0
77,98_1,98,1.28,1.2032292660447828,1.0,0.816496580927726,0.0,0.0,0.0,0.0,8.666666666666666,11.556623882239812,5.666666666666667,8.013876853447538,0.3333333333333333,0.4714045207910317,0.0,0.0,5.0,5.0990195135927845,3.0,4.242640687119285,0.0,0.0,5.333333333333333,7.542472332656507,0.0,0.0,7.0,7.874007874011811,8.333333333333334,7.408703590297622,10.0,14.142135623730953,9.0,10.03327796219494,0.0,0.0,1.0,1.4142135623730951,8.666666666666666,11.556623882239812,4.0,5.656854249492381,0.0,0.0,0.0,0.0,2.6666666666666665,3.091206165165235,11.511111111111113,8.59997128907065,6.959407625521084,6.190500274613284,33.53888888888889,59.35629445440496,60.05871310375223,43.28640791230902,38.73796296296296,52.03496550839189,62.62655609852985,44.95091880464433,369.5231481481481,356.87064026102723,161.03011308879005,117.15906637981578,7.0
78,98_1,98,2.2833333333333337,2.028500979103097,0.6666666666666666,0.4714045207910317,0.0,0.0,0.0,0.0,5.0,4.08248290463863,2.0,2.160246899469287,2.333333333333333,3.2998316455372216,0.6666666666666666,0.9428090415820634,6.333333333333333,5.792715732327589,3.0,2.943920288775949,1.6666666666666667,2.357022603955158,8.666666666666666,8.379870059984357,0.0,0.0,9.0,7.788880963698615,9.0,10.03327796219494,11.0,11.575836902790224,3.333333333333333,2.867441755680876,0.0,0.0,0.3333333333333333,0.4714045207910317,7.0,9.899494936611664,5.333333333333333,6.847546194724712,0.3333333333333333,0.4714045207910317,0.0,0.0,3.0,2.943920288775949,12.161111111111111,8.602888547344124,8.946955737796598,7.608544275278386,-6.086111111111111,15.840466716687017,74.05880456703586,53.216209661448254,0.7694444444444445,14.57441685087983,72.56487432530714,53.57573179435376,560.9972222222223,414.9900963975221,171.29445289820083,122.33266807952072,14.0
79,98_1,98,1.8126666666666664,1.9189096441005813,1.0,0.816496580927726,5.0,7.071067811865476,0.3333333333333333,0.4714045207910317,9.666666666666666,7.408703590297623,1.6666666666666667,1.247219128924647,0.0,0.0,0.3333333333333333,0.4714045207910317,2.333333333333333,1.699673171197595,2.333333333333333,3.2998316455372216,0.0,0.0,7.333333333333333,5.734883511361751,0.0,0.0,5.333333333333333,3.858612300930075,10.333333333333334,8.178562764256865,10.333333333333334,8.576453553512405,8.333333333333334,6.548960901462833,0.0,0.0,2.6666666666666665,3.091206165165235,8.666666666666666,6.128258770283412,4.666666666666667,5.2493385826745405,1.0,1.4142135623730951,1.0,1.4142135623730951,4.333333333333333,5.436502143433364,8.136111111111111,6.128751055979745,5.676469813730091,4.110243604805936,67.6425925925926,47.96851383580601,61.586542170769526,43.6107831361987,69.46296296296298,50.2050710908501,67.26595087308938,48.51757467895119,669.5513888888889,475.1766074500584,230.79712719188703,177.43950161648644,14.0
80,98_1,98,3.285333333333334,0.9444908093194392,1.0,0.0,4.666666666666667,6.599663291074443,0.0,0.0,9.333333333333334,7.760297817881877,2.333333333333333,1.699673171197595,0.0,0.0,1.3333333333333333,1.8856180831641267,2.6666666666666665,1.8856180831641267,2.333333333333333,2.6246692913372702,0.0,0.0,5.333333333333333,3.858612300930076,0.0,0.0,5.0,3.741657386773941,7.0,5.354126134736337,11.333333333333334,8.013876853447538,9.333333333333334,7.363574011458175,0.0,0.0,2.333333333333333,2.6246692913372702,8.666666666666666,6.342099196813483,4.0,3.265986323710904,0.3333333333333333,0.4714045207910317,0.0,0.0,2.6666666666666665,2.494438257849294,9.977777777777778,7.36781455779288,5.488392818331566,5.463960018750256,18.302777777777777,13.465615218395204,91.1224986774506,64.56324475071692,44.403703703703705,32.19068230769336,88.66069908068123,62.6928614172401,835.0361111111112,593.648491326187,180.6269751419757,139.29295328499705,7.333333333333333
81,98_1,98,0.3733333333333333,0.5279730632859556,0.3333333333333333,0.4714045207910317,0.0,0.0,0.0,0.0,10.0,7.25718035235908,4.666666666666667,4.642796092394707,0.0,0.0,1.0,0.816496580927726,3.333333333333333,4.027681991198191,1.0,1.4142135623730951,0.0,0.0,4.0,4.96655480858378,0.0,0.0,4.666666666666667,5.9066817155564495,7.666666666666667,5.436502143433364,12.666666666666666,9.10433352249844,8.0,6.531972647421808,0.0,0.0,0.3333333333333333,0.4714045207910317,12.666666666666666,11.08552609887726,1.3333333333333333,1.8856180831641267,0.0,0.0,2.333333333333333,3.2998316455372216,4.333333333333333,3.299831645537222,10.863888888888887,8.749339481242266,8.869811529693637,7.011550252706768,-7.466666666666666,5.899941148482378,90.26838070088871,63.97675902731729,-15.527777777777777,28.787157416090345,90.03676622617952,63.91130200385995,586.5444444444444,433.0579130922572,211.4372496529913,151.4505286951782,7.0
82,98_1,98,2.0163333333333333,0.6144571226339195,1.0,0.0,0.0,0.0,0.0,0.0,7.666666666666667,10.143416036468626,1.0,1.4142135623730951,0.3333333333333333,0.4714045207910317,0.0,0.0,4.333333333333333,3.299831645537222,5.0,5.715476066494082,0.0,0.0,7.666666666666667,8.178562764256865,0.0,0.0,7.333333333333333,6.599663291074444,11.0,9.41629792788369,8.0,8.640987597877148,9.333333333333334,10.49867716534908,0.0,0.0,1.3333333333333333,1.8856180831641267,9.666666666666666,9.177266598624136,4.333333333333333,4.784233364802441,1.3333333333333333,1.8856180831641267,0.3333333333333333,0.4714045207910317,2.333333333333333,1.699673171197595,11.591666666666669,8.270784704586962,8.795305320996022,8.564452678416144,21.75555555555556,45.446809738771535,72.59311105701855,51.33668725721257,37.03611111111111,63.045282937086455,58.3990695794496,47.26208047640633,546.9333333333333,446.50457138591366,215.1924739266298,183.16543814309395,7.0
83,98_1,98,4.697333333333334,2.0861694295739475,2.0,0.0,0.0,0.0,0.0,0.0,10.333333333333334,10.077477638553985,7.333333333333333,8.339997335464536,0.0,0.0,1.6666666666666667,2.357022603955158,5.0,5.0990195135927845,3.333333333333333,2.494438257849294,0.0,0.0,9.666666666666666,7.408703590297623,0.0,0.0,8.0,6.164414002968976,10.0,10.801234497346432,9.666666666666666,10.96458946893235,8.333333333333334,6.548960901462833,0.0,0.0,1.0,1.4142135623730951,8.333333333333334,9.741092797468305,5.666666666666667,7.318166133366716,2.0,2.160246899469287,0.6666666666666666,0.9428090415820634,2.6666666666666665,3.771236166328253,12.894444444444446,9.118571640637152,8.62068415685568,6.955164550677197,64.63055555555555,47.040888603610405,71.73118025773823,51.96732258636025,30.18055555555556,57.312762109475095,81.79742156844124,60.706122668017045,811.7611111111111,639.4296075602782,217.4649123969141,153.78268570453164,14.0
84,98_1,98,1.9876666666666665,0.5351799282069121,1.0,0.0,0.0,0.0,0.0,0.0,9.0,9.41629792788369,4.666666666666667,4.109609335312651,0.0,0.0,0.3333333333333333,0.4714045207910317,1.6666666666666667,1.247219128924647,2.333333333333333,3.2998316455372216,0.0,0.0,4.666666666666667,6.599663291074443,0.0,0.0,4.0,3.741657386773941,6.666666666666667,5.734883511361751,11.0,11.575836902790224,7.0,6.683312551921141,0.0,0.0,0.3333333333333333,0.4714045207910317,12.333333333333334,10.208928554075705,3.0,4.242640687119285,0.0,0.0,0.0,0.0,3.333333333333333,3.39934634239519,10.483333333333333,7.535483960471186,6.000579035181911,4.9950897502352944,14.297222222222222,10.161392833710725,71.30653593542321,54.72508559221615,44.05555555555555,32.350194152870166,66.5787891054661,48.43033683999166,420.8958333333333,420.2010476286807,126.72084734196808,90.06081036196595,1.0
85,98_1,98,0.6543333333333333,0.9253670743127952,0.3333333333333333,0.4714045207910317,0.0,0.0,0.0,0.0,7.0,8.524474568362947,3.6666666666666665,5.185449728701348,1.3333333333333333,1.8856180831641267,1.3333333333333333,1.8856180831641267,1.6666666666666667,2.357022603955158,2.333333333333333,3.2998316455372216,0.0,0.0,4.0,2.8284271247461903,0.0,0.0,2.6666666666666665,2.0548046676563256,10.333333333333334,11.2644968324772,7.0,9.201449161228174,5.0,5.0990195135927845,0.0,0.0,0.3333333333333333,0.4714045207910317,13.333333333333334,10.624918300339486,0.6666666666666666,0.9428090415820634,0.0,0.0,0.3333333333333333,0.4714045207910317,7.333333333333333,5.734883511361751,9.036111111111111,6.725457210581153,5.637453397452449,4.274350040137787,-17.563888888888894,37.47548972657881,74.340752650543,56.5610839906966,11.319444444444445,39.05797230550101,77.42943347693698,56.43741029241744,387.1097222222222,394.8220952848945,217.04312877659424,163.88600438286275,7.0
86,98_1,98,4.201999999999999,2.7050535422920308,1.3333333333333333,0.4714045207910317,3.333333333333333,4.714045207910316,0.0,0.0,10.666666666666666,8.993825042154695,3.333333333333333,4.027681991198191,0.0,0.0,0.3333333333333333,0.4714045207910317,1.6666666666666667,1.699673171197595,1.0,0.816496580927726,0.0,0.0,3.333333333333333,2.494438257849294,0.0,0.0,3.0,2.449489742783178,11.666666666666666,11.32352516764202,8.0,8.640987597877148,6.666666666666667,8.055363982396381,0.0,0.0,3.6666666666666665,3.299831645537222,10.333333333333334,9.030811456096044,2.6666666666666665,2.0548046676563256,0.3333333333333333,0.4714045207910317,1.6666666666666667,2.357022603955158,4.0,3.265986323710904,12.775,9.040897304696813,8.555028073913205,7.58727853584425,37.577777777777776,28.14118615170106,79.04414862622683,56.231292143281856,49.90555555555556,44.20988050142883,75.59032645091776,53.75189489172536,534.8944444444445,395.71200670339584,205.89368370856224,150.98030171715686,7.333333333333333
87,98_1,98,1.655,1.1739900624224493,0.6666666666666666,0.4714045207910317,1.0,0.816496580927726,1.3333333333333333,1.247219128924647,6.666666666666667,6.79869268479038,4.666666666666667,5.2493385826745405,0.0,0.0,0.3333333333333333,0.4714045207910317,1.3333333333333333,1.8856180831641267,0.6666666666666666,0.9428090415820634,0.0,0.0,1.6666666666666667,1.699673171197595,0.0,0.0,2.6666666666666665,2.494438257849294,11.666666666666666,12.498888839501785,4.0,4.96655480858378,7.0,9.201449161228174,0.0,0.0,2.6666666666666665,3.091206165165235,15.0,11.51810169544733,2.0,2.8284271247461903,0.6666666666666666,0.9428090415820634,1.3333333333333333,1.8856180831641267,2.6666666666666665,3.091206165165235,16.022222222222222,11.955175412172022,11.54000742258168,13.495837389169592,25.73888888888889,37.18081527738947,82.84315702115651,58.82991838963376,29.169444444444448,64.85296130097818,65.84787187380023,46.5621698722268,615.3097222222223,567.0066285818093,162.0021106629278,118.14849144531128,14.0
88,98_1,98,2.325333333333333,1.2752339218965103,1.0,0.0,3.333333333333333,4.714045207910316,0.0,0.0,13.0,10.614455552060438,5.333333333333333,4.496912521077348,0.0,0.0,2.6666666666666665,3.771236166328253,0.3333333333333333,0.4714045207910317,0.6666666666666666,0.9428090415820634,0.0,0.0,4.0,2.8284271247461903,0.0,0.0,2.333333333333333,1.699673171197595,10.333333333333334,11.2644968324772,12.0,9.41629792788369,10.666666666666666,7.586537784494028,0.0,0.0,3.333333333333333,2.3570226039551585,8.666666666666666,8.379870059984356,3.6666666666666665,5.185449728701348,1.3333333333333333,1.8856180831641267,0.6666666666666666,0.9428090415820634,2.0,1.632993161855452,13.505555555555556,9.570364010002471,6.667301541198197,6.52055917928731,52.99444444444444,40.85458876111111,79.7279015053774,56.877222457780086,50.6,40.12448742028664,85.8845508962798,61.37735950606636,656.7194444444444,513.1491907426889,183.6322150581612,130.4035231582816,12.0
89,98_1,98,2.432,3.439367383691367,0.3333333333333333,0.4714045207910317,2.333333333333333,3.2998316455372216,0.0,0.0,7.666666666666667,6.548960901462833,2.0,2.8284271247461903,0.0,0.0,0.6666666666666666,0.9428090415820634,2.0,1.4142135623730951,2.6666666666666665,2.0548046676563256,0.0,0.0,4.333333333333333,3.0912061651652345,0.0,0.0,3.0,2.160246899469287,12.333333333333334,11.145502331533658,6.0,4.898979485566356,9.0,6.97614984548545,0.0,0.0,8.333333333333334,5.90668171555645,13.666666666666666,11.025223605694151,2.6666666666666665,3.771236166328253,0.0,0.0,2.333333333333333,3.2998316455372216,3.333333333333333,2.867441755680876,9.641666666666667,7.094660877234582,4.665551292319264,3.3021270683871453,72.38333333333334,51.962446821042114,61.538460016266605,44.75577372159876,26.40833333333333,53.50729052090836,87.24882538819729,62.158928553631085,613.5694444444445,491.6318659097802,164.55685173564245,118.09231749756796,6.0
90,98_1,98,0.0,0.0,0.0,0.0,0.0,0.0,0.0,0.0,7.666666666666667,7.039570693980958,1.3333333333333333,0.9428090415820634,0.0,0.0,1.6666666666666667,2.357022603955158,6.333333333333333,4.921607686744467,5.666666666666667,4.921607686744467,0.3333333333333333,0.4714045207910317,10.666666666666666,7.586537784494028,0.0,0.0,9.0,8.286535263104035,10.0,8.602325267042627,9.333333333333334,7.039570693980959,5.0,4.08248290463863,0.0,0.0,0.6666666666666666,0.4714045207910317,7.0,4.96655480858378,8.333333333333334,6.236095644623235,1.3333333333333333,1.247219128924647,0.0,0.0,0.3333333333333333,0.4714045207910317,9.858333333333333,7.3675558789621425,5.546127818797728,4.149791216854638,-58.63055555555555,43.6737676230831,75.5210360536347,55.230757395310846,-35.922222222222224,26.852464999385248,96.40160211889668,68.20965974833777,922.4944444444444,654.459743843522,239.49994309539844,176.4260263955075,7.0
91,98_1,98,2.186,2.405271433054213,0.6666666666666666,0.4714045207910317,5.333333333333333,7.542472332656507,1.6666666666666667,2.357022603955158,8.666666666666666,6.128258770283412,5.333333333333333,4.496912521077348,0.0,0.0,0.0,0.0,4.333333333333333,3.6817870057290873,3.6666666666666665,2.867441755680876,0.0,0.0,9.666666666666666,6.847546194724712,0.0,0.0,7.666666666666667,6.128258770283412,12.333333333333334,9.46337971105226,6.333333333333333,4.496912521077348,12.333333333333334,8.73053390247253,0.0,0.0,8.333333333333334,6.236095644623235,10.666666666666666,7.586537784494028,4.0,3.741657386773941,1.3333333333333333,1.8856180831641267,1.0,1.4142135623730951,3.6666666666666665,2.6246692913372702,11.047222222222222,7.860344485587051,4.745519266938575,3.396141006932224,47.62222222222223,34.7000522556265,88.54778659197997,62.61747033786197,48.61388888888889,36.018083378310315,93.75122770707752,66.81261879516138,893.4083333333333,633.3410548140416,316.18255310338174,223.6588135358999,7.0
92,98_1,98,0.7396666666666668,0.5844714611415077,0.6666666666666666,0.4714045207910317,13.666666666666666,19.3275853524323,0.6666666666666666,0.9428090415820634,13.0,10.23067283548187,2.6666666666666665,1.8856180831641267,0.0,0.0,2.0,2.160246899469287,2.6666666666666665,2.0548046676563256,3.333333333333333,2.494438257849294,0.0,0.0,9.0,7.3484692283495345,0.0,0.0,6.0,4.546060565661952,14.0,10.198039027185567,10.666666666666666,7.542472332656507,13.666666666666666,9.67241208569794,0.0,0.0,4.666666666666667,5.9066817155564495,11.0,7.874007874011811,4.666666666666667,3.6817870057290873,0.6666666666666666,0.4714045207910317,0.3333333333333333,0.4714045207910317,5.0,4.546060565661952,12.416666666666666,8.780963732647692,2.929086842331557,2.425240784473316,55.29166666666666,48.912004793945655,77.12897222166835,59.599056204864446,58.30555555555555,41.231757657249744,82.97361154859607,58.99345043299379,853.2611111111111,613.0487720135193,261.6328922791933,188.4100001937116,6.333333333333333
93,98_1,98,0.0,0.0,0.0,0.0,13.333333333333334,11.025223605694151,0.0,0.0,15.666666666666666,11.14550233153366,6.666666666666667,4.988876515698588,0.0,0.0,4.0,4.96655480858378,0.6666666666666666,0.4714045207910317,0.6666666666666666,0.4714045207910317,0.0,0.0,6.333333333333333,5.792715732327588,0.0,0.0,4.333333333333333,4.784233364802441,9.666666666666666,10.338708279513884,10.666666666666666,7.586537784494028,11.333333333333334,8.65383665716478,0.0,0.0,2.333333333333333,2.6246692913372702,10.0,7.071067811865476,3.333333333333333,3.39934634239519,0.6666666666666666,0.4714045207910317,0.0,0.0,4.0,4.320493798938574,9.677777777777775,6.871176826981992,4.534184152233546,3.214221580714442,54.575,79.81725162774904,46.78582698313995,63.279134923384056,59.81111111111111,79.9237699117952,46.36313414530809,62.348025048187,791.5736111111111,560.1905108145227,167.14048181789883,123.74088851958278,14.0
94,98_1,98,4.895666666666667,0.5942066606455669,2.333333333333333,0.4714045207910317,1.6666666666666667,2.357022603955158,0.0,0.0,15.0,11.224972160321824,9.666666666666666,6.944222218666553,0.0,0.0,0.3333333333333333,0.4714045207910317,4.666666666666667,3.39934634239519,5.666666666666667,4.189935029992179,0.0,0.0,10.333333333333334,7.408703590297622,0.0,0.0,8.0,5.887840577551898,11.0,11.575836902790224,11.333333333333334,8.178562764256865,16.333333333333332,11.55662388223981,0.0,0.0,1.6666666666666667,1.699673171197595,7.333333333333333,5.734883511361751,6.0,5.887840577551898,2.0,1.632993161855452,0.0,0.0,1.0,0.816496580927726,14.402777777777777,10.195592578398342,2.13469265806792,1.919432602320326,25.26388888888889,28.57884993452758,97.55056730248096,68.99761864839479,26.09166666666667,84.29561162295988,67.54378724767906,55.1540374397644,1001.297222222222,714.1287041019823,182.81335518200007,134.2302314156396,12.333333333333334
95,98_1,98,1.1203333333333334,1.5843905943786576,0.3333333333333333,0.4714045207910317,4.0,5.656854249492381,0.3333333333333333,0.4714045207910317,10.666666666666666,13.02134998974974,7.666666666666667,10.143416036468626,0.0,0.0,1.3333333333333333,1.8856180831641267,3.6666666666666665,5.185449728701348,5.333333333333333,7.542472332656507,0.0,0.0,10.333333333333334,8.178562764256865,0.0,0.0,6.666666666666667,6.79869268479038,10.333333333333334,13.91242450313947,6.0,7.118052168020874,9.666666666666666,8.178562764256865,0.0,0.0,5.333333333333333,7.542472332656507,9.666666666666666,12.283683848458852,6.0,6.48074069840786,0.6666666666666666,0.9428090415820634,0.0,0.0,2.0,1.4142135623730951,7.780555555555556,8.34667358152595,4.340599949213241,3.487524385599226,15.444444444444445,22.42169226331093,94.2964421133222,66.80116491797507,34.922222222222224,26.40903441562057,92.14217515319132,65.28319733541629,1111.6708333333331,884.1102217360914,199.47154978722685,144.11365763653365,14.0
96,98_1,98,1.2053333333333334,1.2662886277973475,0.6666666666666666,0.4714045207910317,5.0,7.071067811865476,2.6666666666666665,3.771236166328253,11.0,9.899494936611664,5.333333333333333,3.858612300930075,0.0,0.0,0.0,0.0,3.333333333333333,2.867441755680876,2.6666666666666665,2.0548046676563256,0.0,0.0,10.666666666666666,7.71722460186015,0.0,0.0,7.333333333333333,5.734883511361751,10.0,11.430952132988164,12.0,9.092121131323903,10.333333333333334,7.586537784494028,0.0,0.0,0.3333333333333333,0.4714045207910317,7.666666666666667,8.178562764256865,5.666666666666667,6.018490028422596,1.3333333333333333,0.9428090415820634,0.0,0.0,2.6666666666666665,3.091206165165235,9.55277777777778,8.868223373510002,5.724412289325964,4.4865867230329295,6.50277777777778,74.20903918602895,76.96775993613227,54.756491834361576,27.461111111111112,47.90350656640936,88.92575260711881,63.2053137059291,857.1972222222222,606.8520241229312,248.6710700967792,192.3661012999176,14.0
97,98_1,98,0.7033333333333333,0.9946635388690768,0.3333333333333333,0.4714045207910317,2.0,2.8284271247461903,1.3333333333333333,1.8856180831641267,12.666666666666666,8.9566858950296,5.0,3.741657386773941,0.3333333333333333,0.4714045207910317,1.3333333333333333,1.247219128924647,5.0,5.0990195135927845,6.333333333333333,6.944222218666553,0.3333333333333333,0.4714045207910317,8.333333333333334,8.498365855987974,0.0,0.0,5.333333333333333,4.988876515698588,11.0,8.602325267042627,11.666666666666666,9.030811456096044,7.333333333333333,5.734883511361751,0.0,0.0,1.0,0.816496580927726,8.0,7.483314773547883,6.666666666666667,9.428090415820632,1.0,1.4142135623730951,0.0,0.0,3.0,4.242640687119285,9.675,8.702466125568469,5.072737148471695,4.870437071450537,-19.8,25.333553544364538,86.9042306832664,62.0744014044436,4.094444444444444,5.094079412585594,92.311811834646,65.34464186051508,883.0611111111111,675.4030412150671,294.105658716067,214.6675840421724,14.0
98,98_1,98,2.809,0.7486962000704958,1.0,0.0,0.6666666666666666,0.9428090415820634,0.3333333333333333,0.4714045207910317,17.666666666666668,12.498888839501785,8.0,8.640987597877148,0.0,0.0,0.6666666666666666,0.9428090415820634,3.333333333333333,3.39934634239519,3.0,4.242640687119285,0.0,0.0,10.333333333333334,7.84573486395988,0.0,0.0,4.333333333333333,3.6817870057290873,10.0,9.626352718795768,10.333333333333334,7.408703590297622,11.0,9.41629792788369,0.0,0.0,4.333333333333333,4.189935029992178,9.0,9.41629792788369,6.333333333333333,7.586537784494029,3.0,4.242640687119285,0.0,0.0,1.0,1.4142135623730951,12.08611111111111,8.546285562370372,3.627547967741362,3.3179914162082778,42.33888888888888,39.309677640154206,86.19954349813786,62.6904058668444,61.375,43.40110885680227,79.42863946424613,56.6016715209888,965.2277777777778,682.6190863862257,197.32308331728404,158.2832021613679,14.0
99,98_1,98,0.3839999999999999,0.5430580079512685,0.3333333333333333,0.4714045207910317,10.333333333333334,14.613540144521982,0.3333333333333333,0.4714045207910317,16.333333333333332,11.61416759345623,5.333333333333333,4.988876515698588,0.0,0.0,1.3333333333333333,1.247219128924647,2.6666666666666665,2.0548046676563256,1.3333333333333333,1.8856180831641267,0.0,0.0,5.333333333333333,4.496912521077348,0.0,0.0,5.0,4.546060565661952,4.333333333333333,3.0912061651652345,13.666666666666666,9.741092797468305,13.666666666666666,10.656244908763853,0.0,0.0,3.0,2.943920288775949,6.666666666666667,4.784233364802441,2.6666666666666665,2.0548046676563256,1.3333333333333333,1.247219128924647,0.0,0.0,1.3333333333333333,1.8856180831641267,11.802777777777775,8.56584608405979,3.6886897443147695,3.16881190607978,64.31666666666666,48.48233928166237,69.81169059540215,52.26573469184668,47.23888888888889,34.39609442550702,85.55029828452113,60.49408396621062,668.4833333333333,475.94108587326457,163.43765281017554,161.0467512073934,14.0
100,98_1,98,1.088,0.7711048350689202,0.6666666666666666,0.4714045207910317,7.666666666666667,10.842303978193728,1.0,1.4142135623730951,10.0,10.801234497346432,5.0,5.0990195135927845,0.0,0.0,1.3333333333333333,1.8856180831641267,4.333333333333333,4.189935029992178,1.0,1.4142135623730951,0.0,0.0,8.333333333333334,6.944222218666553,0.0,0.0,5.666666666666667,4.496912521077348,9.333333333333334,8.73053390247253,12.666666666666666,9.533566430716728,10.0,9.092121131323903,0.0,0.0,1.0,1.4142135623730951,8.666666666666666,6.599663291074443,3.333333333333333,2.867441755680876,0.6666666666666666,0.9428090415820634,0.3333333333333333,0.4714045207910317,1.0,0.816496580927726,15.752777777777778,12.31385912471025,8.970810801213991,9.429619550391132,56.025,40.26137232946552,68.90336687122708,49.60217514564716,52.26111111111111,45.46705427770044,66.72637126354508,47.1894898475669,569.4291666666667,430.8522906988693,119.91745480920628,85.53204002712867,14.0
101,98_1,98,0.377,0.5331585130146568,0.3333333333333333,0.4714045207910317,4.666666666666667,6.599663291074443,0.0,0.0,14.666666666666666,11.145502331533658,7.333333333333333,7.717224601860151,0.0,0.0,2.0,2.8284271247461903,0.0,0.0,0.3333333333333333,0.4714045207910317,0.0,0.0,3.0,2.449489742783178,0.0,0.0,1.0,0.816496580927726,8.0,9.93310961716756,12.0,11.775681155103795,14.0,11.04536101718726,0.0,0.0,4.0,4.96655480858378,10.0,10.198039027185567,2.333333333333333,3.2998316455372216,0.6666666666666666,0.9428090415820634,0.0,0.0,1.3333333333333333,1.8856180831641267,11.362037037037036,8.486660536658214,6.726400074508047,6.356589801936735,51.00925925925926,52.38999926817728,68.14471631140567,51.2735285241362,3.78796296296296,70.13492252567016,79.20964895190366,56.01720233888011,603.7958333333332,452.3048823623246,212.3178204276796,162.60089669755467,14.0
102,98_1,98,1.941,0.449413692121932,1.0,0.0,14.333333333333334,20.27039439401436,2.0,2.8284271247461903,5.666666666666667,4.496912521077348,1.6666666666666667,1.699673171197595,0.6666666666666666,0.9428090415820634,0.6666666666666666,0.9428090415820634,7.333333333333333,8.993825042154695,1.0,1.4142135623730951,0.0,0.0,7.666666666666667,7.586537784494028,0.0,0.0,9.333333333333334,9.285592184789412,6.666666666666667,6.79869268479038,16.666666666666668,12.47219128924647,6.333333333333333,4.642796092394707,0.0,0.0,0.6666666666666666,0.4714045207910317,6.666666666666667,8.055363982396381,3.0,4.242640687119285,0.3333333333333333,0.4714045207910317,0.0,0.0,2.6666666666666665,3.771236166328253,10.716666666666669,7.645344746726357,4.977546225705503,3.5682961304617926,38.69166666666666,30.428949574742507,70.88636448718567,52.391286216856045,46.69166666666666,35.91209625470793,68.05797756506087,50.34799501261901,633.6958333333333,450.1572672334143,243.0822587102537,173.15225095486903,14.0
103,98_1,98,0.967,0.2094898565563498,1.0,0.0,3.0,4.242640687119285,0.3333333333333333,0.4714045207910317,12.333333333333334,9.46337971105226,4.333333333333333,3.6817870057290873,0.6666666666666666,0.9428090415820634,4.666666666666667,6.599663291074443,1.6666666666666667,2.357022603955158,0.3333333333333333,0.4714045207910317,0.0,0.0,5.0,4.08248290463863,0.0,0.0,3.6666666666666665,2.867441755680876,4.0,5.656854249492381,17.0,12.569805089976535,6.333333333333333,4.642796092394706,0.0,0.0,1.0,1.4142135623730951,9.666666666666666,7.408703590297622,2.6666666666666665,2.494438257849294,0.6666666666666666,0.4714045207910317,0.0,0.0,1.0,0.816496580927726,8.797222222222222,6.835691779093425,4.902482484718001,3.4774995974113607,5.316666666666667,24.680840522334098,81.897016905103,58.35111405049747,10.694444444444445,43.39397910816091,76.78069699729724,57.178540102374605,671.9791666666666,509.8355901592744,149.8142744899491,124.52775271900089,13.666666666666666
104,98_1,98,0.0,0.0,0.0,0.0,0.0,0.0,0.0,0.0,4.333333333333333,4.189935029992178,1.6666666666666667,2.357022603955158,0.3333333333333333,0.4714045207910317,3.0,4.242640687119285,1.3333333333333333,1.8856180831641267,3.333333333333333,4.027681991198191,0.0,0.0,9.333333333333334,7.760297817881877,0.0,0.0,4.333333333333333,5.436502143433364,6.666666666666667,8.055363982396381,6.0,4.546060565661952,0.6666666666666666,0.9428090415820634,0.0,0.0,0.6666666666666666,0.9428090415820634,9.0,6.97614984548545,8.333333333333334,8.498365855987974,1.6666666666666667,1.247219128924647,0.3333333333333333,0.4714045207910317,1.0,0.816496580927726,5.237962962962963,3.868571485196677,6.033223734138663,4.841663527692698,3.4981481481481467,81.28359148384766,61.433283536323394,43.59802294847388,-15.812962962962962,86.25357156478655,62.78120774653706,47.88707014224158,879.5925925925926,641.0399075026249,207.7346232558017,147.54721286778002,14.0
105,98_1,98,2.119,0.780118367087115,1.0,0.0,0.0,0.0,6.0,8.48528137423857,8.666666666666666,6.599663291074443,2.333333333333333,3.2998316455372216,0.0,0.0,3.333333333333333,4.714045207910316,0.3333333333333333,0.4714045207910317,0.0,0.0,0.0,0.0,3.333333333333333,2.494438257849294,0.0,0.0,2.6666666666666665,1.8856180831641267,1.6666666666666667,2.357022603955158,17.666666666666668,12.498888839501785,6.666666666666667,8.055363982396381,0.0,0.0,0.0,0.0,2.6666666666666665,3.091206165165235,5.0,5.715476066494082,0.6666666666666666,0.9428090415820634,0.0,0.0,2.333333333333333,2.6246692913372702,9.258333333333333,6.549303751516617,4.903421285448577,3.716866147262918,-0.9805555555555544,61.67320398281714,67.78326109370325,47.93741484847413,2.8888888888888906,87.79034746499579,59.173580991745006,42.89595776111103,922.8638888888888,653.1124889049207,175.29971094902697,134.16733255004743,9.333333333333334
106,98_1,98,0.3766666666666666,0.5326871084938657,0.3333333333333333,0.4714045207910317,2.0,2.8284271247461903,17.0,24.04163056034261,7.333333333333333,7.1336448530109,1.6666666666666667,2.357022603955158,0.0,0.0,0.0,0.0,7.0,4.96655480858378,6.666666666666667,4.988876515698588,0.0,0.0,14.0,9.899494936611664,0.0,0.0,12.0,8.640987597877148,12.666666666666666,11.08552609887726,7.0,7.874007874011811,10.333333333333334,9.030811456096044,0.0,0.0,2.6666666666666665,2.494438257849294,7.666666666666667,5.557777333511022,7.333333333333333,5.2493385826745405,2.0,1.632993161855452,0.6666666666666666,0.4714045207910317,0.6666666666666666,0.9428090415820634,8.480555555555556,7.401014486683482,5.266209446521714,3.724074097031406,61.05277777777778,43.21699786335219,77.9359809934624,55.39989404416932,40.87222222222222,39.015500441380446,83.8661876572212,61.6237419920522,800.1222222222223,587.5274052447088,135.22691350458825,95.6767166524488,7.0
107,98_1,98,1.4153333333333336,0.3297679318685928,1.0,0.0,0.0,0.0,0.0,0.0,7.0,9.899494936611664,2.0,2.8284271247461903,0.0,0.0,3.333333333333333,4.027681991198191,2.0,1.4142135623730951,4.0,2.8284271247461903,0.0,0.0,9.333333333333334,7.760297817881877,0.0,0.0,3.0,2.449489742783178,9.333333333333334,12.498888839501785,9.333333333333334,11.8133634311129,2.333333333333333,2.0548046676563256,0.0,0.0,2.333333333333333,3.2998316455372216,9.333333333333334,11.14550233153366,8.0,10.614455552060438,1.6666666666666667,2.357022603955158,0.0,0.0,1.3333333333333333,1.8856180831641267,8.769444444444444,8.50033859165854,4.496219085630909,3.1973455496142376,28.246296296296297,98.92370538607712,46.14772800392629,50.23521570151455,-6.5740740740740735,5.423740553457628,104.95423773490842,74.28302176842371,900.0638888888889,660.0748711156903,219.36094825360885,155.99680183325387,14.0
108,98_1,98,2.67,2.007858560755712,0.6666666666666666,0.4714045207910317,12.333333333333334,10.208928554075705,2.0,1.4142135623730951,4.666666666666667,3.39934634239519,1.0,1.4142135623730951,0.0,0.0,0.0,0.0,1.3333333333333333,0.9428090415820634,2.0,1.632993161855452,0.0,0.0,4.333333333333333,3.2998316455372216,0.0,0.0,3.0,2.449489742783178,15.333333333333334,11.115554667022044,3.0,2.449489742783178,7.666666666666667,6.548960901462833,0.0,0.0,12.0,10.23067283548187,15.333333333333334,10.96458946893235,2.333333333333333,1.699673171197595,1.0,0.816496580927726,4.333333333333333,6.128258770283413,2.0,1.632993161855452,6.236666666666667,6.365277917181854,4.641344587715526,4.560096454828893,56.84333333333333,45.92440251430927,88.50270107588608,64.5122430273549,98.09999999999998,69.48363416421645,46.191115838925015,33.221932360674515,740.4691666666668,523.6050798961519,168.04968722931287,120.4347903283585,6.666666666666667
109,98_1,98,2.289333333333333,1.7587399529840169,1.0,0.816496580927726,8.666666666666666,4.988876515698588,5.666666666666667,6.64997911442,4.0,3.741657386773941,0.6666666666666666,0.4714045207910317,0.0,0.0,0.0,0.0,1.6666666666666667,2.357022603955158,1.3333333333333333,1.8856180831641267,0.0,0.0,2.333333333333333,2.6246692913372702,0.0,0.0,1.6666666666666667,2.357022603955158,17.0,12.569805089976535,2.333333333333333,3.2998316455372216,8.0,8.640987597877148,0.0,0.0,11.333333333333334,8.993825042154695,17.333333333333332,12.498888839501785,2.0,2.160246899469287,0.3333333333333333,0.4714045207910317,4.0,5.656854249492381,2.333333333333333,2.6246692913372702,4.816666666666666,5.400698685938356,4.094475899014824,3.5342685451764675,11.53888888888889,10.733733026834514,98.49657161589803,69.88145524616435,102.04444444444444,73.04341851018694,28.84229051138426,35.01690280079917,672.3263888888889,477.6684071158944,146.78501553071865,106.18279022057344,8.0
110,98_1,98,0.0,0.0,0.0,0.0,3.6666666666666665,3.299831645537222,0.6666666666666666,0.9428090415820634,4.0,4.96655480858378,0.6666666666666666,0.9428090415820634,0.0,0.0,0.3333333333333333,0.4714045207910317,6.0,4.320493798938574,9.666666666666666,7.408703590297622,0.3333333333333333,0.4714045207910317,10.666666666666666,8.219218670625303,0.0,0.0,8.666666666666666,6.599663291074443,14.666666666666666,10.656244908763853,4.0,4.320493798938574,4.333333333333333,4.784233364802441,0.0,0.0,2.6666666666666665,3.771236166328253,11.666666666666666,8.498365855987974,5.666666666666667,4.189935029992179,2.333333333333333,1.699673171197595,0.6666666666666666,0.9428090415820634,1.6666666666666667,2.357022603955158,3.452037037037037,7.325094843882861,5.579486562043376,4.203538996479502,1.7650000000000003,7.210313215573,98.610011791026,69.74534659599833,66.48277777777777,53.446703122749845,71.53568807734906,56.3083671402743,787.9569444444445,558.6146526595012,273.03353793164666,208.6997305716648,13.0
111,98_1,98,0.0,0.0,0.0,0.0,7.666666666666667,5.436502143433364,0.3333333333333333,0.4714045207910317,7.0,7.874007874011811,0.6666666666666666,0.4714045207910317,0.0,0.0,3.333333333333333,4.714045207910316,2.0,2.160246899469287,1.0,1.4142135623730951,0.0,0.0,4.333333333333333,3.2998316455372216,0.0,0.0,2.6666666666666665,2.494438257849294,11.0,12.19289410544792,5.333333333333333,5.557777333511022,3.333333333333333,2.867441755680876,0.0,0.0,1.3333333333333333,1.247219128924647,15.666666666666666,11.67142760000773,3.6666666666666665,4.496912521077348,1.0,1.4142135623730951,0.0,0.0,0.3333333333333333,0.4714045207910317,3.347222222222222,6.195594063725378,3.904362134985664,3.058345871061404,-44.24166666666667,31.9313869448576,89.62846689871174,63.386349010106095,53.3138888888889,74.65599326408373,59.45286795725113,67.78955136350342,783.3375,564.2022730742315,140.38730146101696,99.67081462858133,6.666666666666667
112,98_1,98,2.353666666666667,1.769546143946395,1.3333333333333333,0.4714045207910317,0.6666666666666666,0.9428090415820634,0.0,0.0,8.0,9.273618495495704,2.333333333333333,3.2998316455372216,2.333333333333333,3.2998316455372216,0.3333333333333333,0.4714045207910317,3.6666666666666665,2.6246692913372702,5.666666666666667,4.496912521077348,1.0,1.4142135623730951,9.0,6.97614984548545,0.0,0.0,6.0,4.546060565661952,14.666666666666666,11.469767022723502,5.333333333333333,6.18241233033047,6.666666666666667,9.428090415820632,0.0,0.0,1.3333333333333333,1.247219128924647,10.666666666666666,8.993825042154695,5.666666666666667,4.9216076867444665,1.3333333333333333,1.247219128924647,0.3333333333333333,0.4714045207910317,2.333333333333333,2.0548046676563256,7.005555555555556,7.776392733820566,8.281317631647553,8.119607073282802,-10.144444444444444,14.17000178607201,90.67453385662282,65.89146956728172,30.62222222222222,30.247587394863025,85.53363029251454,65.68375367159558,705.0597222222223,542.0237148692942,180.6002522078076,127.70402864205764,12.333333333333334
113,98_1,98,0.6473333333333333,0.9154675793761836,0.3333333333333333,0.4714045207910317,1.3333333333333333,1.8856180831641267,0.0,0.0,3.6666666666666665,5.185449728701348,1.0,1.4142135623730951,5.666666666666667,8.013876853447538,0.0,0.0,0.3333333333333333,0.4714045207910317,2.0,1.4142135623730951,0.0,0.0,2.6666666666666665,3.771236166328253,0.0,0.0,1.3333333333333333,1.8856180831641267,14.333333333333334,12.283683848458852,3.333333333333333,4.714045207910316,5.333333333333333,7.542472332656507,0.0,0.0,3.0,4.242640687119285,16.333333333333332,12.391753530294071,1.3333333333333333,1.8856180831641267,0.0,0.0,1.3333333333333333,1.8856180831641267,1.6666666666666667,2.357022603955158,9.22222222222222,7.227446828190504,7.033334889244233,7.148787540464664,24.05,73.28070175701104,68.14101244654965,52.45684528451565,75.13611111111112,57.54103058355216,47.80522984419907,34.69779884825072,581.5500000000001,411.2179992615434,92.4594692375699,87.57748009921893,10.666666666666666
114,98_1,98,0.0,0.0,0.0,0.0,8.0,6.97614984548545,0.0,0.0,13.333333333333334,9.741092797468305,6.333333333333333,8.259674462242579,0.0,0.0,6.333333333333333,8.956685895029603,0.0,0.0,0.0,0.0,0.0,0.0,0.3333333333333333,0.4714045207910317,0.0,0.0,0.0,0.0,4.333333333333333,4.189935029992178,15.333333333333334,10.842303978193728,8.0,7.483314773547883,0.0,0.0,3.6666666666666665,3.299831645537222,11.666666666666666,9.392668535736911,0.0,0.0,0.0,0.0,0.3333333333333333,0.4714045207910317,1.0,0.816496580927726,7.35,5.211685587856071,3.4653611377580003,3.5217806364938804,-10.975,14.56530472911061,92.62523194996106,66.06679310808326,3.2916666666666665,37.78369541070445,93.57445369699276,67.60290831415156,621.9722222222222,475.0415834299712,103.12767626950748,91.8878294304357,14.0
115,98_1,98,2.2,0.9328497556770152,1.6666666666666667,0.4714045207910317,6.0,8.48528137423857,0.0,0.0,10.666666666666666,11.728408057172787,7.333333333333333,8.339997335464536,0.0,0.0,1.0,0.816496580927726,1.0,0.816496580927726,3.333333333333333,2.494438257849294,0.0,0.0,7.666666666666667,5.436502143433364,0.0,0.0,5.0,3.741657386773941,10.666666666666666,12.36482466066094,8.0,8.640987597877148,9.0,11.343133018115704,0.0,0.0,3.0,2.943920288775949,9.333333333333334,9.285592184789412,3.0,2.160246899469287,0.3333333333333333,0.4714045207910317,0.0,0.0,2.0,2.8284271247461903,8.072222222222221,7.403656920905313,4.570773574100599,4.01539528622949,44.23611111111112,60.01429549349261,84.58015880770161,65.87742967582757,26.51111111111112,92.77610876742294,59.06196823263311,58.32286510171309,631.2583333333333,491.7612311013871,87.06291020965443,61.9578390594624,14.0
116,98_1,98,0.5153333333333333,0.4095667087165275,0.6666666666666666,0.4714045207910317,1.6666666666666667,2.357022603955158,0.0,0.0,16.333333333333332,11.61416759345623,6.0,4.898979485566356,0.0,0.0,0.3333333333333333,0.4714045207910317,0.0,0.0,0.0,0.0,0.0,0.0,7.333333333333333,6.128258770283412,0.0,0.0,3.0,4.242640687119285,10.666666666666666,9.977753031397176,8.0,5.887840577551898,13.333333333333334,9.46337971105226,0.0,0.0,4.666666666666667,3.299831645537222,8.0,6.531972647421808,2.333333333333333,2.0548046676563256,0.3333333333333333,0.4714045207910317,0.3333333333333333,0.4714045207910317,3.0,4.242640687119285,11.966666666666669,8.572609266123683,3.4200667234617845,2.855533143389392,76.71388888888889,59.55966287142687,57.870050071069066,50.56069431289082,37.56388888888888,73.46380953727076,73.70805190796165,61.94296925733149,589.2916666666666,453.8027114062119,89.93232264856643,63.75379404452085,14.0
117,98_1,98,1.1343333333333334,1.6041895842518807,0.3333333333333333,0.4714045207910317,2.0,2.160246899469287,0.3333333333333333,0.4714045207910317,13.333333333333334,9.568466729604882,6.0,4.546060565661952,0.0,0.0,1.3333333333333333,1.247219128924647,3.6666666666666665,2.6246692913372702,4.333333333333333,3.0912061651652345,0.0,0.0,5.333333333333333,3.771236166328253,0.0,0.0,5.0,3.559026084010437,8.0,6.164414002968976,9.666666666666666,7.1336448530109,11.0,8.04155872120988,0.0,0.0,4.0,4.320493798938574,6.333333333333333,4.642796092394707,6.0,4.242640687119285,2.6666666666666665,1.8856180831641267,0.3333333333333333,0.4714045207910317,3.0,2.449489742783178,9.25,6.904440331865884,4.100786331030659,3.4257650652149105,54.24166666666667,49.42085470355232,74.87953927264958,53.39187838069975,45.80555555555557,57.74492295036172,71.4649732288147,50.84877415323087,660.3097222222223,537.6859605782283,159.8105433086223,123.0101305616029,14.0
118,98_1,98,2.204,3.1169266914703013,0.3333333333333333,0.4714045207910317,2.0,2.8284271247461903,0.0,0.0,13.666666666666666,9.741092797468305,8.333333333333334,6.548960901462833,0.0,0.0,0.0,0.0,1.0,0.816496580927726,1.0,1.4142135623730951,0.0,0.0,7.666666666666667,5.557777333511022,0.0,0.0,4.666666666666667,3.6817870057290873,10.0,9.626352718795768,12.333333333333334,8.806563209081938,11.0,8.04155872120988,0.0,0.0,3.0,4.242640687119285,9.0,6.377042156569663,2.333333333333333,1.699673171197595,0.0,0.0,1.3333333333333333,1.8856180831641267,4.0,3.265986323710904,10.155555555555557,7.211328322357782,4.328767353929049,3.0992180990029934,86.0138888888889,62.30775408515221,42.41924431578145,30.257332346922407,78.85833333333333,55.85037426513412,62.88327245150194,44.59967711282175,585.8902777777779,454.8370483329887,161.95383439598118,143.3682358107451,14.0
119,98_1,98,1.863,0.8545844994303763,1.0,0.0,6.666666666666667,9.428090415820632,0.0,0.0,11.333333333333334,11.440668201153676,4.333333333333333,4.784233364802441,0.0,0.0,0.6666666666666666,0.9428090415820634,4.333333333333333,4.189935029992178,5.0,3.741657386773941,0.0,0.0,12.333333333333334,10.208928554075705,0.0,0.0,10.0,9.626352718795768,10.666666666666666,11.728408057172787,10.0,10.801234497346432,8.0,8.640987597877148,0.0,0.0,2.6666666666666665,2.494438257849294,9.333333333333334,6.649979114420001,6.0,4.242640687119285,1.6666666666666667,1.699673171197595,0.0,0.0,2.0,2.8284271247461903,11.502777777777778,8.328949772989848,3.098535194543007,2.229356122796985,51.53333333333333,81.91371815649819,52.40231931617351,70.20979266342653,10.880555555555556,22.053155830827603,102.70681767280968,72.98230503960943,787.5291666666667,609.8750577588731,172.2336035126444,122.09378981758834,14.0
120,98_1,98,0.9,1.2727922061357857,0.3333333333333333,0.4714045207910317,0.0,0.0,0.0,0.0,7.0,4.96655480858378,2.6666666666666665,1.8856180831641267,0.0,0.0,0.6666666666666666,0.9428090415820634,7.0,5.715476066494082,6.666666666666667,5.734883511361751,0.0,0.0,12.333333333333334,8.9566858950296,0.0,0.0,11.333333333333334,9.392668535736911,7.333333333333333,9.67241208569794,14.0,12.328828005937952,5.666666666666667,4.189935029992178,0.0,0.0,0.0,0.0,6.333333333333333,4.496912521077348,6.333333333333333,4.642796092394707,0.6666666666666666,0.9428090415820634,0.0,0.0,4.0,2.8284271247461903,11.97777777777778,8.648202375117483,5.346875211896413,4.7082521631036975,-29.808333333333334,37.10211946127227,89.94796882113769,63.812277948594485,-34.89722222222222,28.421163161139244,91.8056695068493,65.05840961889479,913.3097222222224,647.7809689654814,279.1749191698519,210.5637256695684,14.0
121,98_1,98,2.367666666666667,1.9508436351714329,1.0,0.816496580927726,5.333333333333333,7.542472332656507,1.6666666666666667,2.357022603955158,8.0,7.483314773547883,1.6666666666666667,1.699673171197595,0.0,0.0,0.3333333333333333,0.4714045207910317,7.333333333333333,5.436502143433363,7.666666666666667,5.436502143433364,0.0,0.0,11.0,8.04155872120988,0.0,0.0,8.666666666666666,6.944222218666553,14.333333333333334,10.530379332620877,7.0,4.96655480858378,10.0,9.092121131323903,0.0,0.0,4.333333333333333,3.6817870057290873,8.666666666666666,6.342099196813483,7.666666666666667,5.436502143433364,2.333333333333333,2.0548046676563256,0.0,0.0,5.333333333333333,3.858612300930076,9.21111111111111,7.220358733948998,5.5745703780284375,5.713912383825772,44.03611111111112,39.51938479646866,88.665385816227,63.20880543809909,74.08611111111111,52.65872405533391,77.46420201010734,54.84559913885747,882.2138888888888,626.7504723100693,183.37930599744493,140.01217698348495,14.0
122,98_1,98,0.5263333333333333,0.744347738329039,0.3333333333333333,0.4714045207910317,0.0,0.0,0.0,0.0,9.0,7.788880963698615,4.0,5.656854249492381,0.6666666666666666,0.9428090415820634,1.3333333333333333,1.247219128924647,1.6666666666666667,1.699673171197595,1.6666666666666667,1.699673171197595,0.0,0.0,5.333333333333333,4.496912521077348,0.0,0.0,2.6666666666666665,2.494438257849294,8.0,6.164414002968976,10.333333333333334,7.586537784494028,10.0,7.118052168020874,0.0,0.0,2.333333333333333,2.0548046676563256,13.333333333333334,9.46337971105226,3.0,4.242640687119285,0.0,0.0,2.333333333333333,2.0548046676563256,4.333333333333333,3.299831645537222,10.617592592592592,8.067225370067938,5.272136839540365,5.2296389017102,8.626851851851848,85.01796609733643,65.45518057970396,49.49027366710151,59.70925925925926,50.00067470395256,71.90882431703083,59.74773617586485,774.5111111111111,550.3232914145125,213.3814389237416,154.76986120425832,14.0
123,98_1,98,0.2916666666666667,0.4124789556921527,0.3333333333333333,0.4714045207910317,0.0,0.0,0.0,0.0,11.333333333333334,8.055363982396381,5.0,3.741657386773941,0.0,0.0,3.0,4.242640687119285,5.333333333333333,4.109609335312651,1.3333333333333333,1.247219128924647,0.0,0.0,6.333333333333333,5.792715732327589,0.0,0.0,8.666666666666666,6.182412330330469,2.6666666666666665,2.0548046676563256,19.0,13.490737563232042,11.0,8.286535263104035,0.0,0.0,0.0,0.0,2.333333333333333,2.6246692913372702,4.666666666666667,6.599663291074443,0.0,0.0,0.0,0.0,3.6666666666666665,2.6246692913372702,15.202777777777778,10.790033839006885,4.3829302275346285,3.6919132636736167,1.4722222222222214,27.841590037253063,90.42125680319452,64.02293225999402,11.088888888888889,18.078073138337,93.28966253117936,66.12418083231428,855.4555555555556,619.6779863190196,238.406611433932,174.89242059619855,14.0
124,98_1,98,0.9106666666666668,1.2878771508010989,0.3333333333333333,0.4714045207910317,0.3333333333333333,0.4714045207910317,0.3333333333333333,0.4714045207910317,15.333333333333334,11.897712198383164,10.0,10.801234497346432,0.0,0.0,2.0,2.8284271247461903,1.6666666666666667,2.357022603955158,1.0,1.4142135623730951,0.0,0.0,4.0,5.656854249492381,0.0,0.0,2.333333333333333,2.0548046676563256,2.333333333333333,3.2998316455372216,15.666666666666666,12.283683848458852,11.333333333333334,10.873004286866726,0.0,0.0,2.0,2.8284271247461903,4.0,3.741657386773941,4.333333333333333,5.436502143433364,1.3333333333333333,1.8856180831641267,1.3333333333333333,1.8856180831641267,5.666666666666667,8.013876853447538,9.67962962962963,6.891197840851461,4.519235953873479,3.254329849879709,11.919444444444446,55.75761463249816,73.96890078534665,55.46955770824467,22.141666666666666,47.96650499934148,80.21130914471394,60.30531640093646,833.9458333333332,597.4680126936752,202.5521787268008,143.2426621018871,14.0
125,98_1,98,0.9353333333333332,0.6645982913677171,0.6666666666666666,0.4714045207910317,0.0,0.0,0.0,0.0,16.666666666666668,12.229290885229428,8.666666666666666,6.599663291074443,0.0,0.0,4.333333333333333,4.784233364802441,2.6666666666666665,1.8856180831641267,1.0,1.4142135623730951,0.0,0.0,4.666666666666667,5.9066817155564495,0.0,0.0,2.333333333333333,2.6246692913372702,1.6666666666666667,1.247219128924647,18.666666666666668,13.299958228840003,10.333333333333334,8.576453553512405,0.0,0.0,0.6666666666666666,0.9428090415820634,5.333333333333333,3.858612300930075,5.0,6.377042156569663,0.3333333333333333,0.4714045207910317,0.0,0.0,5.0,6.377042156569663,8.563518518518519,6.056620809010803,5.110818715276146,3.666182524422568,-13.25537037037037,53.612418023474106,71.68205023370047,51.58248845827805,8.259999999999998,50.51793462245382,70.79064196311298,52.66325616553274,848.5990740740741,633.2890760865874,281.8936241865999,248.22898058217493,14.0
126,98_1,98,1.749666666666667,1.737151371898514,0.6666666666666666,0.4714045207910317,11.333333333333334,8.055363982396381,1.3333333333333333,1.247219128924647,7.0,8.524474568362947,0.6666666666666666,0.9428090415820634,0.0,0.0,0.0,0.0,8.666666666666666,6.182412330330469,9.666666666666666,7.408703590297623,0.0,0.0,15.0,10.677078252031311,0.0,0.0,13.333333333333334,10.274023338281628,14.666666666666666,11.145502331533658,3.6666666666666665,2.6246692913372702,5.666666666666667,5.436502143433363,0.0,0.0,2.333333333333333,3.2998316455372216,9.0,6.683312551921141,9.333333333333334,7.760297817881877,4.333333333333333,3.6817870057290873,0.6666666666666666,0.9428090415820634,3.6666666666666665,3.299831645537222,7.23425925925926,7.345883737680385,4.7750618756676895,4.10448422713351,30.43981481481482,43.20759561219654,85.19122713806,60.30122573711679,36.02685185185185,92.06982835813125,60.317488391006975,56.04415330261042,872.7351851851851,638.6453988561334,326.0862880165426,256.7167128790002,14.0
1,98_2,98,1.79025,1.3518645226131203,0.75,0.4330127018922193,1.5,2.598076211353316,1.5,2.598076211353316,4.25,2.947456530637899,3.0,1.8708286933869709,0.0,0.0,1.5,2.598076211353316,2.5,2.598076211353316,3.25,4.085033659592048,0.0,0.0,6.25,7.361215932167728,0.0,0.0,3.25,3.2691742076555053,8.5,8.52936105461599,15.25,8.870597499605086,8.5,6.34428877022476,0.0,0.0,0.25,0.4330127018922193,20.25,7.292976072907411,3.75,6.49519052838329,3.0,5.196152422706632,0.0,0.0,0.0,0.0,5.502219516594518,3.403505321406952,6.934028099842995,4.4890771329484505,74.31229347041847,58.67767985404116,81.92039141801793,50.482535810996055,59.18751322751322,86.63998837879065,94.70346642485018,54.74675266620582,737.5832577260702,207.51058360707088,296.81971030727846,202.79269257606225,0.0
2,98_2,98,0.9895,1.713864274089404,0.25,0.4330127018922193,1.75,3.031088913245535,0.5,0.8660254037844386,6.5,10.688779163215974,2.5,3.774917217635375,0.0,0.0,0.5,0.8660254037844386,1.25,1.6393596310755,1.0,1.7320508075688772,0.0,0.0,6.5,6.5383484153110105,0.0,0.0,1.25,1.6393596310755,9.0,12.206555615733702,13.75,10.158124826955024,4.75,5.539629951540085,0.0,0.0,0.25,0.4330127018922193,20.0,10.099504938362076,4.5,7.794228634059948,2.0,3.4641016151377544,0.0,0.0,1.25,2.165063509461097,5.264583333333334,4.239076546286676,4.492952475366384,4.6206741079096325,69.79444444444445,87.34165381271836,63.62580504575849,47.392757382756926,18.833333333333336,96.96741416435844,91.25755868624336,59.2107219295893,745.9684027777778,270.75958406742745,253.77281733063475,206.7359789099019,0.0
3,98_2,98,0.56275,0.585681387360056,0.5,0.5,0.25,0.4330127018922193,0.0,0.0,10.25,7.39509972887452,3.25,4.085033659592048,0.5,0.8660254037844386,3.75,2.48746859276655,0.25,0.4330127018922193,1.25,2.165063509461097,0.0,0.0,3.5,3.570714214271425,0.0,0.0,1.0,1.7320508075688772,2.25,3.897114317029974,15.75,9.310612224768036,4.25,3.832427429188973,0.0,0.0,0.0,0.0,13.0,3.5355339059327378,2.0,3.4641016151377544,1.25,2.165063509461097,0.0,0.0,1.0,1.224744871391589,4.406249999999999,5.435181098766525,5.671241460410402,2.5859195247460467,55.23680555555556,45.57653587745272,88.16538886617329,15.120015849917536,53.72638888888888,59.22381956947852,90.68936004028434,14.350438846336507,513.2857638888889,126.59524955941215,295.4741699588495,160.2150605962343,0.0
4,98_2,98,0.44525,0.7711956220700426,0.25,0.4330127018922193,1.5,2.598076211353316,1.5,2.0615528128088303,15.25,12.275483697190918,11.5,10.712142642814277,0.0,0.0,3.25,4.085033659592048,0.25,0.4330127018922193,1.25,1.299038105676658,0.0,0.0,1.5,1.6583123951777,0.0,0.0,0.25,0.4330127018922193,10.25,6.179603547154137,17.0,8.916277250063503,13.5,8.440971508067067,0.0,0.0,2.5,4.330127018922194,12.25,11.321991874224253,2.0,3.4641016151377544,0.25,0.4330127018922193,0.0,0.0,1.5,1.118033988749895,5.007499999999999,4.465207550856088,7.796949316957733,4.165181663893758,71.43041666666666,73.00679747057613,89.55874167980744,20.775004792928208,-1.1690277777777798,59.94890421235049,125.9781169171762,19.8328091331084,623.7907638888888,195.3179928712421,158.78976621993104,95.94609285286668,0.0
5,98_2,98,1.27425,1.070818232708054,0.75,0.4330127018922193,3.25,5.068283733178324,2.75,4.763139720814412,14.0,12.349089035228468,5.5,5.024937810560445,0.0,0.0,1.25,2.165063509461097,1.5,2.598076211353316,0.5,0.5,0.0,0.0,6.75,6.977642868476432,0.0,0.0,1.0,1.7320508075688772,12.25,11.903255857117411,11.5,7.762087348130012,15.5,7.632168761236874,0.0,0.0,0.0,0.0,15.75,9.175374651751284,5.5,9.526279441628825,3.0,5.196152422706632,0.0,0.0,0.0,0.0,8.378333333333334,1.9572067681605163,2.9338535406399577,0.653548486568982,31.397777777777776,112.4475919842464,90.62151189901664,48.59601053197724,-125.39916666666667,35.015614007261895,85.97751764254356,50.18799891434315,918.9633333333334,199.5386933689526,210.53428241404708,152.65675118568765,0.25
6,98_2,98,2.357,1.2375489889293272,1.5,0.5,7.5,10.805091392487157,2.25,1.7853571071357126,8.25,8.227241335952167,3.0,3.0,0.75,1.299038105676658,0.0,0.0,1.0,1.7320508075688772,2.0,2.1213203435596424,0.0,0.0,7.5,6.576473218982953,0.0,0.0,2.25,2.277608394786075,15.25,9.256754290786809,12.75,4.322904116447646,16.25,7.013380069552769,0.0,0.0,1.5,1.5,13.5,5.5,4.5,6.18465843842649,3.25,4.548351349665063,0.0,0.0,0.75,1.299038105676658,7.231249999999999,2.046971127937839,4.964145133261175,0.5677880192539168,58.30125,29.66493209758227,117.27711840970082,25.61293837302446,-7.233055555555556,110.59968630970684,74.68553123862131,37.07742526794413,930.6464583333332,320.4954884727399,377.89218760418026,195.26232745615604,0.25
7,98_2,98,0.24025,0.4161252065184227,0.25,0.4330127018922193,0.25,0.4330127018922193,0.0,0.0,10.5,11.672617529928752,7.0,7.3824115301167,0.0,0.0,2.75,2.384848003542364,2.0,3.4641016151377544,0.5,0.8660254037844386,0.0,0.0,3.0,2.9154759474226504,0.0,0.0,3.0,4.123105625617661,12.0,9.486832980505138,16.75,6.299801584177076,13.5,4.716990566028302,0.0,0.0,1.75,3.031088913245535,12.0,6.519202405202649,4.5,7.794228634059948,1.0,1.7320508075688772,0.0,0.0,0.25,0.4330127018922193,9.816875,2.147549505880676,6.067937271291557,1.0171514968302957,34.362847222222214,67.19384378158536,111.08550062363472,30.52343671712576,-33.55923611111112,65.47768382306992,120.37581525323536,30.84108395292424,694.2436805555556,79.43312304853946,165.30736131363446,58.70011737863068,0.0
8,98_2,98,1.5437500000000002,1.5538787557271,0.5,0.5,3.0,5.196152422706632,3.0,5.196152422706632,13.5,11.10180165558726,8.0,9.974968671630002,0.0,0.0,2.0,2.345207879911715,1.75,1.920286436967152,1.0,0.7071067811865476,0.0,0.0,5.5,7.826237921249264,0.0,0.0,4.75,6.015604707757983,5.75,7.1545440106270926,22.5,4.609772228646444,11.5,3.5,0.0,0.0,1.5,2.598076211353316,11.25,9.832980219648569,3.5,5.5,1.25,2.165063509461097,0.25,0.4330127018922193,1.25,1.6393596310755,11.773055555555556,6.139951271823772,8.318831248972536,4.9839278305623385,41.65527777777778,30.62930208256164,121.23739101869216,21.8721199726506,-13.296249999999995,62.63110726655257,131.52769215856603,12.907149653789364,580.8589583333334,78.70356211088506,131.8716300024445,51.96620392971653,0.0
9,98_2,98,0.96825,0.9771894327611204,0.5,0.5,2.5,4.330127018922194,2.5,4.330127018922194,11.25,6.832825184358224,3.5,4.387482193696061,1.5,1.6583123951777,1.25,2.165063509461097,2.25,2.8613807855648994,2.0,1.224744871391589,0.25,0.4330127018922193,3.25,2.5860201081971503,0.0,0.0,3.0,4.123105625617661,8.25,9.908960591303208,19.5,3.2015621187164243,13.25,5.80409338312195,0.0,0.0,0.75,1.299038105676658,11.0,2.345207879911715,3.0,5.196152422706632,2.0,3.4641016151377544,0.5,0.8660254037844386,0.5,0.8660254037844386,9.794424603174605,1.6691757902154425,6.500097583524287,2.633158454723646,13.901785714285712,67.69392619352861,114.14536275434392,11.566904623504849,-7.389107142857146,50.94140801359395,119.58059031116636,12.537808569712702,566.7599305555556,98.10952516047328,202.1806338191926,76.73266582286584,3.5
10,98_2,98,0.44525,0.7711956220700426,0.25,0.4330127018922193,0.0,0.0,0.0,0.0,8.5,10.331989159885913,3.25,5.068283733178324,1.0,0.7071067811865476,1.25,1.0897247358851685,1.0,1.224744871391589,4.25,4.264680527307995,0.0,0.0,5.5,7.826237921249264,0.0,0.0,1.25,1.6393596310755,9.5,5.678908345800274,8.5,6.576473218982953,9.75,6.417748826496718,0.0,0.0,0.25,0.4330127018922193,10.5,8.2915619758885,5.0,8.660254037844387,3.75,6.49519052838329,1.25,2.165063509461097,0.75,0.4330127018922193,6.984880952380953,3.218948518059486,8.172486831546767,2.2373047467921787,-17.29859126984127,76.31381882729174,101.24470682292436,30.26094686348392,-9.45172619047619,10.382715431352356,121.91137167382158,6.458399853718415,695.3694146825396,121.2416983098554,437.8068758897673,215.91810235314145,6.75
11,98_2,98,1.5705,2.2225116985068945,0.5,0.5,0.0,0.0,0.0,0.0,8.25,8.814051281902097,2.0,2.345207879911715,0.0,0.0,1.75,2.48746859276655,4.5,6.689544080129826,3.75,5.402545696243577,0.0,0.0,7.5,6.576473218982953,0.0,0.0,4.75,6.53356717268599,20.75,8.870597499605086,16.5,12.459935794377111,14.0,12.062338081814818,0.0,0.0,2.25,3.897114317029974,14.0,10.319883720275149,3.75,5.931905258852336,0.5,0.8660254037844386,0.0,0.0,0.25,0.4330127018922193,9.472083333333334,6.2441075973672975,6.801766085234676,3.283108018424043,48.46875,64.84841040816096,115.50109457152112,37.63188350657936,3.2812499999999982,91.35694197133662,114.32826924196458,29.2367150751731,1249.1799999999998,433.3958903607616,285.9972885734777,183.3592805894256,6.75
12,98_2,98,0.76525,0.459133082558859,0.75,0.4330127018922193,0.0,0.0,0.0,0.0,5.75,8.814051281902097,3.0,4.06201920231798,2.25,2.48746859276655,0.25,0.4330127018922193,3.5,3.5,5.25,3.766629793329841,0.75,1.299038105676658,7.25,7.980444849756184,0.0,0.0,5.75,5.11737237261468,13.75,7.854139036202504,10.75,5.11737237261468,12.0,10.319883720275149,0.0,0.0,2.5,2.29128784747792,19.25,9.496709956611287,5.5,9.526279441628825,3.25,5.629165124598851,0.25,0.4330127018922193,1.0,1.0,4.449781746031746,3.754981454669912,9.54807300361201,2.559146225014054,13.551289682539682,46.05158770540117,117.14276373944244,5.2744553428642105,-75.31168650793651,21.021168620224504,109.54100708583752,29.43402362502874,1165.421091269841,269.7278865919778,472.5860862097304,231.98862176888025,0.0
13,98_2,98,0.0,0.0,0.0,0.0,0.0,0.0,0.0,0.0,10.0,10.074720839804945,4.75,6.609652033201143,0.0,0.0,3.5,5.5,4.5,6.103277807866851,2.0,3.4641016151377544,0.5,0.8660254037844386,5.25,6.378675411086537,0.0,0.0,6.25,6.179603547154137,6.0,5.612486080160912,24.0,4.743416490252569,13.0,5.338539126015656,0.0,0.0,0.0,0.0,11.25,4.085033659592048,2.25,1.479019945774904,0.25,0.4330127018922193,0.0,0.0,1.0,1.224744871391589,8.421388888888888,4.7819367153905326,7.0512738832359885,2.4649803207366072,-40.102916666666665,63.61498364046311,100.36691259151948,19.09578532721188,-54.571666666666665,66.76810198781718,96.896417590047,43.91170795716363,1290.8771527777778,225.35647898727527,319.6033289041769,109.69214352307615,0.0
14,98_2,98,1.66475,1.314615414294234,0.75,0.4330127018922193,0.0,0.0,0.0,0.0,15.75,9.470348462437906,6.5,6.98212002188447,0.0,0.0,3.0,3.0,3.5,1.6583123951777,4.0,1.5811388300841898,0.75,0.4330127018922193,6.25,2.277608394786075,0.0,0.0,5.5,3.3541019662496847,6.0,7.176350047203662,25.25,5.11737237261468,10.25,3.491060010942235,0.0,0.0,1.0,1.7320508075688772,12.25,6.905613658466566,1.75,2.0463381929681126,1.0,1.7320508075688772,0.0,0.0,1.75,1.479019945774904,11.672916666666666,3.6809587698421424,6.536748709413339,1.6804143737157409,52.52222222222222,47.19434344538274,121.13182301826284,16.482370565655987,-10.472222222222223,35.14203274254035,138.0375625260134,13.722250368631562,1229.2090277777777,371.6330002872301,420.499421425831,169.5208234212069,-2.0
15,98_2,98,0.432,0.748245948869755,0.25,0.4330127018922193,0.0,0.0,0.0,0.0,12.0,8.276472678623424,5.5,6.800735254367722,0.25,0.4330127018922193,1.5,1.118033988749895,2.0,2.345207879911715,4.0,2.7386127875258306,1.5,2.0615528128088303,3.75,1.6393596310755,0.0,0.0,2.5,2.692582403567252,6.75,4.968651728587948,20.25,4.815340071064556,9.25,3.960744879438715,0.0,0.0,0.5,0.8660254037844386,13.25,9.310612224768036,1.25,1.299038105676658,0.25,0.4330127018922193,0.0,0.0,3.75,2.277608394786075,8.175138888888888,4.37177059602744,7.384985483766378,2.5760255311770344,-20.953472222222224,51.47407003245439,108.64284299598546,25.78221379323152,-11.351944444444444,52.7137939471196,112.1689088038404,32.21667367088401,828.4669444444444,487.7637666734932,259.6944237790579,105.27488235830695,-2.0
16,98_2,98,1.6077499999999998,0.3765590093199206,1.0,0.0,0.0,0.0,0.0,0.0,11.0,9.1104335791443,3.0,5.196152422706632,0.5,0.8660254037844386,2.0,2.1213203435596424,1.25,2.165063509461097,3.75,4.9180788932265,0.0,0.0,5.0,5.431390245600108,0.0,0.0,1.5,2.598076211353316,13.0,10.3440804327886,12.25,9.756408150543928,3.75,2.8613807855648994,0.0,0.0,0.5,0.8660254037844386,20.0,7.681145747868608,2.5,2.598076211353316,1.25,1.299038105676658,0.25,0.4330127018922193,9.75,9.496709956611287,4.2595833333333335,4.907877507838235,12.970009379541084,6.9885727481172735,-54.656666666666666,76.47806072477401,86.14395028649373,34.91463774748488,-53.91708333333333,47.227524348375375,78.59784395176456,14.59907727851552,884.1695833333333,386.2285997817998,358.6903384005746,257.998511334041,-2.0
17,98_2,98,0.0,0.0,0.0,0.0,0.0,0.0,0.0,0.0,12.25,7.1545440106270926,6.25,5.356071321407137,0.0,0.0,5.25,3.112474899497183,1.0,1.224744871391589,2.25,3.897114317029974,0.5,0.8660254037844386,6.25,6.759252917297888,0.0,0.0,2.0,2.9154759474226504,10.25,5.889609494694874,15.0,8.031189202104505,5.5,3.840572873934304,0.0,0.0,0.25,0.4330127018922193,16.75,10.133484099755622,5.25,8.525696452489967,2.5,4.330127018922194,0.0,0.0,0.25,0.4330127018922193,2.792830687830688,6.828803795236068,10.471209710366375,3.2118380120844487,-4.993703703703702,39.309808850491,124.57033408580796,6.120038962591784,-16.817447089947088,75.51817018334918,107.62240028586154,18.57220503206592,980.2300727513228,364.72734743333496,374.6625853356306,113.13590331320091,-2.0
18,98_2,98,1.9065,1.2605836941671107,0.75,0.4330127018922193,0.0,0.0,0.0,0.0,9.75,6.219927652312364,5.0,3.24037034920393,2.25,3.344772040064913,4.5,2.29128784747792,0.75,0.82915619758885,3.0,2.1213203435596424,0.0,0.0,5.0,3.605551275463989,0.0,0.0,1.75,1.299038105676658,10.5,9.17877987534291,17.0,7.54983443527075,10.25,6.015604707757983,0.0,0.0,0.75,1.299038105676658,19.25,7.224091638399945,2.75,4.205650960315181,1.25,2.165063509461097,1.25,2.165063509461097,0.0,0.0,4.765238095238096,5.156779621173516,11.217383774134827,5.159076688536526,1.7698313492063529,45.395741070726686,124.02138023981225,13.551546007429016,-70.53680555555556,34.072895549559455,102.23634949183624,5.885406215715315,1052.1045436507936,463.8046246656094,329.4242903975225,132.31062376985324,0.0
19,98_2,98,2.016,2.0248211032088737,0.5,0.5,0.0,0.0,0.0,0.0,10.25,5.931905258852336,4.0,3.741657386773941,0.25,0.4330127018922193,1.75,1.920286436967152,1.5,1.118033988749895,4.75,5.539629951540085,3.75,4.322904116447646,6.0,4.58257569495584,0.0,0.0,1.75,0.82915619758885,8.5,7.88986691902975,19.5,7.5,6.75,3.960744879438715,0.0,0.0,1.75,2.0463381929681126,21.0,5.744562646538029,2.25,2.277608394786075,0.25,0.4330127018922193,0.0,0.0,4.25,3.832427429188973,6.875277777777778,3.783560657634551,9.921895684749469,3.0334549837163944,-65.0351388888889,65.12385291207383,98.53757572640788,15.338249724381669,-77.99486111111112,66.69690282314349,98.28853182046493,26.6059508218762,875.849236111111,335.6175476086182,237.9970965089381,62.0281847431014,0.0
20,98_2,98,0.8585,0.8703012409505113,0.5,0.5,0.0,0.0,0.0,0.0,9.5,8.200609733428363,4.75,3.344772040064913,0.25,0.4330127018922193,2.25,2.277608394786075,4.25,2.947456530637899,4.25,3.766629793329841,1.5,2.0615528128088303,6.25,6.179603547154137,0.0,0.0,5.5,3.570714214271425,13.0,7.582875444051551,18.75,5.84700778176325,10.5,4.153311931459037,0.0,0.0,1.75,3.031088913245535,12.5,9.233092656309694,5.5,6.34428877022476,2.0,1.8708286933869709,0.25,0.4330127018922193,3.75,4.493050188902857,8.7775,4.507591359153035,10.485089261802989,3.0717286763177127,-6.5330555555555545,55.5336689061323,117.69987787496956,12.948525414448223,-34.192499999999995,51.21456771786498,115.47170091051105,9.472367412058848,768.6484027777778,163.07693940125947,352.44280408692964,164.89338106299977,0.0
21,98_2,98,1.10725,0.6848855287564485,0.75,0.4330127018922193,0.0,0.0,0.0,0.0,6.75,7.39509972887452,1.5,1.6583123951777,0.25,0.4330127018922193,1.5,2.0615528128088303,8.75,3.418698582794336,8.75,3.631459761583488,0.5,0.8660254037844386,9.75,3.491060010942235,0.0,0.0,9.0,4.242640687119285,16.0,3.082207001484488,15.25,6.219927652312364,9.75,5.539629951540085,0.0,0.0,2.0,3.4641016151377544,16.5,8.5,5.5,5.678908345800274,2.5,2.8722813232690143,0.0,0.0,3.25,2.8613807855648994,6.401369047619047,1.7715376784959835,8.74955908039374,4.281836921139523,-5.920287698412698,17.918131776114233,129.5023413197522,12.14780942386222,-9.112678571428573,19.9344643776831,123.14673541997868,24.99229325692384,753.1809970238095,240.3356901055748,359.08596222199515,87.02439308896528,0.0
22,98_2,98,0.256,0.4434050067376326,0.25,0.4330127018922193,1.25,2.165063509461097,0.0,0.0,14.75,10.37725879025863,7.5,8.2915619758885,0.0,0.0,1.25,1.6393596310755,3.0,3.0,4.25,3.344772040064913,2.0,2.9154759474226504,7.0,5.958187643906492,0.0,0.0,3.25,2.277608394786075,9.5,6.020797289396148,20.25,10.473180032826706,11.25,4.968651728587948,0.0,0.0,2.0,3.4641016151377544,14.75,4.866980583482946,6.0,8.246211251235321,1.5,2.598076211353316,0.0,0.0,4.0,5.338539126015656,7.210833333333333,2.178103947371556,5.9496454139481525,1.6577867620070192,-41.50287698412698,59.07612159931757,101.46301888396331,21.21828141248612,-51.435476190476194,64.02519493290235,103.9958998378748,27.64198711645596,749.9973015873015,280.8650696823317,211.51531478171955,50.77301475971216,0.0
23,98_2,98,2.33025,1.4747791995753126,0.75,0.4330127018922193,1.5,2.598076211353316,0.0,0.0,10.25,6.417748826496718,5.5,5.678908345800274,0.0,0.0,0.25,0.4330127018922193,5.5,4.153311931459037,8.25,4.14578098794425,0.75,0.82915619758885,12.25,4.968651728587948,0.0,0.0,5.75,3.344772040064913,19.25,4.02336923485777,19.5,8.200609733428363,16.5,8.645808232895291,0.0,0.0,0.25,0.4330127018922193,14.5,2.958039891549808,4.0,4.183300132670378,1.25,1.6393596310755,0.0,0.0,4.75,5.11737237261468,6.734166666666667,4.871861739166615,8.94591508625729,3.677264486382176,20.87214285714285,62.83706877937136,120.03468174387814,24.36020802271736,-9.515178571428574,91.50247897748037,108.48832376084164,24.53821973836829,1067.2369345238096,528.1433235315855,273.3687060962605,85.10151656749107,6.5
24,98_2,98,3.63175,1.6870705935140948,1.0,0.0,15.25,15.578430601315397,7.0,9.9498743710662,12.5,5.722761571129799,2.75,1.7853571071357126,0.0,0.0,1.5,1.118033988749895,3.5,2.5,3.5,3.774917217635375,0.0,0.0,5.5,5.315072906367325,0.0,0.0,5.0,3.0,18.0,3.082207001484488,14.25,10.353139620424328,14.5,8.04673846971554,0.0,0.0,3.0,3.6742346141747673,18.0,5.196152422706632,4.25,6.796138609534093,2.25,3.897114317029974,0.0,0.0,2.75,1.0897247358851685,8.91826388888889,2.7153634426313364,5.646797346904558,2.1073224311200054,6.440902777777783,64.62008495988535,120.8426844307299,16.182269453679098,-61.92902777777778,35.10285282490241,124.7516508406468,24.01263193232472,972.4952430555556,277.8713492559641,305.3523122882722,171.76643384221148,6.5
25,98_2,98,0.29575,0.5122540263384955,0.25,0.4330127018922193,0.75,1.299038105676658,0.5,0.8660254037844386,11.25,5.629165124598851,5.0,3.9370039370059056,0.25,0.4330127018922193,2.0,3.4641016151377544,1.0,1.7320508075688772,3.75,3.897114317029974,1.0,1.224744871391589,4.0,4.301162633521313,0.0,0.0,1.75,1.7853571071357126,8.75,6.977642868476432,21.25,5.11737237261468,9.25,7.660776723022281,0.0,0.0,1.0,1.7320508075688772,13.25,7.628073151196179,4.5,5.722761571129799,0.75,0.82915619758885,0.0,0.0,5.0,5.431390245600108,7.521111111111112,3.3557309326870346,7.605711673333747,1.3333042025118462,-59.24277777777778,32.65823187588788,103.97077428010832,13.526999712133032,-50.56013888888889,29.94310648519616,112.33833406409325,27.339583145532377,824.0113888888889,194.4685688301512,257.7935012385572,91.96463774890825,6.75
26,98_2,98,2.98925,2.0201115532316525,1.25,0.82915619758885,0.5,0.8660254037844386,0.25,0.4330127018922193,10.75,5.11737237261468,4.25,2.947456530637899,1.25,1.6393596310755,0.5,0.5,3.75,2.384848003542364,5.25,3.191786333700926,2.0,1.8708286933869709,9.25,7.46240577829965,0.0,0.0,4.5,2.5,15.5,9.205976319760984,16.25,9.65336728815391,9.25,6.722164829874376,0.0,0.0,1.25,2.165063509461097,17.0,8.514693182963201,5.75,8.842369591913696,2.75,4.763139720814412,0.0,0.0,5.25,5.539629951540085,5.617361111111111,2.871361314535513,10.177551399559349,3.133626201847915,-14.865972222222222,86.08924588473472,108.29783748610411,23.160127812541447,-76.41930555555555,20.733884618039298,127.08802069212274,6.817332024030077,983.0377083333334,248.91433096798843,344.928601555707,94.00124185764976,6.75
27,98_2,98,0.0,0.0,0.0,0.0,2.75,4.763139720814412,0.75,1.299038105676658,11.75,7.46240577829965,5.25,4.710360920354193,0.25,0.4330127018922193,0.0,0.0,5.75,5.2141634036535525,3.75,1.920286436967152,0.75,1.299038105676658,5.75,3.960744879438715,0.0,0.0,6.25,5.629165124598851,7.0,2.549509756796392,24.5,5.545268253204709,15.25,4.763139720814412,0.0,0.0,0.0,0.0,10.0,4.06201920231798,4.5,5.545268253204709,1.25,2.165063509461097,0.0,0.0,5.25,3.6996621467371855,12.789583333333333,4.621328779420482,5.072852413445296,2.027956943237321,25.81875,73.1047130869196,118.02478770058812,13.401428666915796,-2.006250000000003,73.94189497480626,120.82784260836952,12.937064643082962,805.1708333333333,238.31254777150784,279.8616263893523,81.15212147256695,4.5
28,98_2,98,0.3675,0.3694059420204282,0.5,0.5,0.0,0.0,0.0,0.0,11.25,5.3091901453988255,6.25,3.561951712193752,0.0,0.0,1.75,0.82915619758885,5.25,3.960744879438715,6.0,6.6332495807108,0.25,0.4330127018922193,7.75,7.39509972887452,0.0,0.0,6.5,5.408326913195984,15.0,6.745368781616021,19.0,5.196152422706632,16.5,7.762087348130012,0.0,0.0,1.5,2.598076211353316,18.0,6.363961030678928,4.0,6.928203230275509,1.75,3.031088913245535,0.0,0.0,2.5,3.278719262151,8.645694444444445,6.380102356262702,9.578428412076391,3.2318253648175927,52.40805555555556,28.076129355438816,108.19121283599,19.147421484134423,-27.9725,8.856003765842543,119.98688051103906,24.609693907929472,690.759236111111,206.48412957357087,206.7649023585803,130.66006334766695,5.75
29,98_2,98,0.7602500000000001,0.5634475907304956,0.75,0.4330127018922193,1.5,2.598076211353316,0.25,0.4330127018922193,4.25,4.322904116447646,1.25,1.6393596310755,0.0,0.0,0.0,0.0,5.25,3.960744879438715,3.5,3.570714214271425,0.0,0.0,7.75,7.258615570478987,0.0,0.0,7.0,6.041522986797286,19.0,11.76860229593982,18.5,10.897247358851684,13.75,10.568230693924123,0.0,0.0,0.25,0.4330127018922193,18.25,10.638961415476606,3.5,5.5,2.25,3.897114317029974,0.0,0.0,2.0,2.449489742783178,7.26125,4.477106638686046,8.105149750517732,7.704503527484148,33.07625,119.36185048795834,71.7613382050641,41.61005920703372,-112.99125,68.90772025138443,55.389338628139896,33.75974662274131,806.0827083333334,284.9049088611598,238.9207789411909,216.9571989112264,5.5
30,98_2,98,1.763,0.8367302432684024,1.25,0.4330127018922193,0.5,0.5,0.25,0.4330127018922193,11.0,10.41633332799983,3.0,3.5355339059327378,0.5,0.8660254037844386,0.5,0.5,2.0,2.449489742783178,5.75,5.11737237261468,0.25,0.4330127018922193,11.5,7.22841614740048,0.0,0.0,3.75,2.277608394786075,17.5,9.759610647971568,7.25,10.37725879025863,6.75,5.402545696243577,0.0,0.0,0.25,0.4330127018922193,18.5,10.111874208078342,6.75,9.03811374126261,4.5,6.689544080129826,0.0,0.0,1.25,2.165063509461097,3.423511904761905,8.747036442374908,8.831911930358615,8.945810695748175,75.61309523809524,84.88542443388536,80.52912057811857,47.44875589273743,-32.41220238095238,108.27885947402608,83.8162386779525,53.57068492229992,1047.0714285714284,483.3048033629418,391.98339786464805,250.60727908108348,7.0
31,98_2,98,1.112,1.1552785378427142,0.5,0.5,0.75,1.299038105676658,0.75,1.299038105676658,20.5,6.422616289332565,10.0,3.5355339059327378,0.0,0.0,2.5,3.278719262151,2.5,2.179449471770337,2.75,2.680951323690902,0.25,0.4330127018922193,4.5,5.722761571129799,0.0,0.0,3.5,2.0615528128088303,9.0,5.244044240850758,16.25,6.057020719792859,11.0,4.242640687119285,0.0,0.0,1.5,1.6583123951777,9.75,2.8613807855648994,5.0,7.035623639735144,2.5,4.330127018922194,0.0,0.0,4.0,3.4641016151377544,5.32375,11.335458647229744,10.84700108558938,10.401537617599327,52.15541666666667,46.062922746062505,115.29192282984212,20.281541356146125,-30.012500000000003,51.83054805619516,123.26030317776156,23.59857695153277,940.4772916666666,283.34576677705536,236.56172608977155,67.60568548076222,7.0
32,98_2,98,0.528,0.9145228263963672,0.25,0.4330127018922193,0.0,0.0,0.0,0.0,11.25,6.796138609534093,4.25,3.766629793329841,1.75,2.0463381929681126,5.25,6.139014578904337,4.75,5.068283733178324,3.75,2.7726341266023544,0.25,0.4330127018922193,7.25,9.41740410091868,0.0,0.0,5.75,5.7608593109014565,10.0,7.681145747868608,16.25,8.842369591913696,12.25,9.54921462739214,0.0,0.0,0.0,0.0,16.5,4.5,3.75,5.931905258852336,1.75,3.031088913245535,0.0,0.0,1.25,1.299038105676658,7.629166666666667,5.009738009401241,6.6150515426159,3.4691048942843112,-7.800000000000002,74.5897397155489,107.88607091652068,17.30848702309957,-13.401388888888889,24.52761092965776,139.39592909630463,2.868463044216874,973.0104166666669,429.459497856875,342.213836284384,150.5209950528676,7.0
33,98_2,98,1.157,1.2683696227835166,0.5,0.5,0.0,0.0,0.0,0.0,8.25,11.098986440211556,4.5,7.794228634059948,0.0,0.0,1.75,1.479019945774904,0.25,0.4330127018922193,0.5,0.8660254037844386,0.0,0.0,5.5,5.937171043518958,0.0,0.0,2.25,2.7726341266023544,14.0,10.0,15.0,9.82344135219425,11.75,8.407585860400118,0.0,0.0,0.25,0.4330127018922193,19.5,11.05667219374799,3.75,5.931905258852336,2.25,3.897114317029974,0.0,0.0,0.0,0.0,5.44375,5.082603687388537,5.467988638966918,0.9453685905013391,-28.38125,52.69095905180139,121.3161313861718,21.277474841531166,-22.45416666666667,100.86596880610648,96.88565717387527,30.74811517417104,1053.8864583333334,202.80555578710445,284.8747485898836,163.0971138053926,7.0
34,98_2,98,1.0185,0.7733092848272287,0.75,0.4330127018922193,0.0,0.0,0.0,0.0,5.75,6.6473679001541655,0.5,0.5,0.5,0.8660254037844386,0.25,0.4330127018922193,6.25,5.539629951540085,5.0,5.873670062235365,0.0,0.0,12.0,7.071067811865476,0.0,0.0,8.0,6.6332495807108,15.25,10.615436872781071,12.0,9.027735042633894,4.75,3.344772040064913,0.0,0.0,1.5,2.598076211353316,17.0,9.027735042633894,8.75,7.46240577829965,3.25,5.068283733178324,0.0,0.0,1.5,1.6583123951777,1.616385582010582,5.960276393968078,8.239758623320023,1.5865911663851855,50.2139417989418,58.34354197778863,103.21247122438136,23.64978623739289,-81.1005324074074,57.38720178381858,89.94936972932625,29.420271584609985,1054.3444659391537,113.91098099643324,369.4148012972802,182.4918224014972,6.5
35,98_2,98,0.55725,0.9651853125177569,0.25,0.4330127018922193,0.0,0.0,0.0,0.0,7.75,11.71270677512248,4.5,6.689544080129826,0.0,0.0,1.0,1.7320508075688772,4.75,4.968651728587948,2.75,3.2691742076555053,0.0,0.0,7.75,5.539629951540085,0.0,0.0,5.75,5.7608593109014565,15.25,12.891373084353738,12.75,10.894379284750462,9.5,5.678908345800274,0.0,0.0,1.25,1.6393596310755,15.5,13.162446581088185,3.75,5.931905258852336,1.75,3.031088913245535,0.0,0.0,2.25,3.897114317029974,4.924404761904762,8.066082849263275,5.159524837006771,2.1815387737014564,79.23938492063492,56.03117522092156,94.80542199630192,52.70182478687855,-21.251388888888886,111.26867303234827,87.17064831199076,54.27016659102714,1171.2398313492065,168.82626252626486,286.5247491472843,193.35740318754503,7.0
36,98_2,98,2.3635,1.7331336503570631,1.25,0.4330127018922193,0.0,0.0,0.0,0.0,10.5,9.287087810503357,5.0,5.787918451395113,0.25,0.4330127018922193,3.25,4.493050188902857,3.25,3.418698582794336,1.75,1.7853571071357126,0.0,0.0,4.0,3.741657386773941,0.0,0.0,3.25,2.8613807855648994,12.25,10.709224995301948,14.25,9.20258115965298,7.75,6.869315832017043,0.0,0.0,0.75,1.299038105676658,19.0,7.968688725254614,2.5,2.29128784747792,0.25,0.4330127018922193,0.0,0.0,0.25,0.4330127018922193,4.573085317460317,4.347044443016666,8.28151965080718,3.5633863731549127,-40.36505952380952,60.79542619634399,116.47179323100876,17.819096632338685,-86.8698115079365,60.37115936264243,98.7487563981555,35.10054099320144,866.8350148809524,163.36039905190756,292.3794559907676,73.01214455615256,7.0
37,98_2,98,0.46375,0.8032385620100668,0.25,0.4330127018922193,0.0,0.0,0.0,0.0,11.5,11.368817000902071,4.75,5.539629951540085,0.25,0.4330127018922193,2.0,2.9154759474226504,6.5,9.604686356149273,2.0,2.1213203435596424,0.5,0.8660254037844386,3.5,2.692582403567252,0.0,0.0,7.25,9.283722313813572,10.75,11.691342951089922,15.75,10.059199769365357,3.5,3.0413812651491097,0.0,0.0,1.75,3.031088913245535,13.0,5.338539126015656,3.25,4.548351349665063,0.75,1.299038105676658,0.0,0.0,1.75,2.48746859276655,-0.0405257936507932,9.4708307461647,10.417502173357882,3.179990006660924,-37.73005952380952,112.90809844153549,65.8983063788399,28.41334302801405,-55.13374007936508,62.87443816636253,108.0416036222631,21.601485562722804,632.5278621031746,88.46107375541972,184.1367806860736,44.64182328666158,7.0
38,98_2,98,2.51125,0.712627313186914,1.25,0.4330127018922193,8.25,14.289419162443238,3.0,5.196152422706632,4.0,3.391164991562634,2.5,2.8722813232690143,0.25,0.4330127018922193,2.25,1.7853571071357126,1.25,2.165063509461097,0.5,0.5,0.0,0.0,2.0,2.9154759474226504,0.0,0.0,2.0,3.4641016151377544,9.0,9.027735042633894,8.75,5.80409338312195,4.0,4.898979485566356,0.0,0.0,3.25,5.629165124598851,14.5,7.22841614740048,0.25,0.4330127018922193,0.0,0.0,0.0,0.0,0.5,0.8660254037844386,2.6104166666666666,2.5694755065690016,6.481092828177061,4.402659675537191,51.81527777777778,63.888011482501724,76.59008286924484,32.6279740151805,17.613194444444446,83.31060334395123,83.24993479001355,27.33255911231589,518.5329861111111,362.55470929135015,259.314525992818,135.89097991371412,7.25
39,98_2,98,3.58425,2.1533639236088264,0.75,0.4330127018922193,3.5,6.06217782649107,0.0,0.0,6.25,2.7726341266023544,2.75,1.299038105676658,0.25,0.4330127018922193,1.75,1.920286436967152,3.0,4.123105625617661,3.0,1.8708286933869709,1.25,1.6393596310755,4.25,2.947456530637899,0.0,0.0,2.5,3.278719262151,12.25,10.59186008215743,15.0,7.968688725254614,11.75,8.1967981553775,0.0,0.0,0.75,1.299038105676658,16.5,9.656603957913983,1.0,1.224744871391589,1.0,1.224744871391589,0.0,0.0,1.75,2.0463381929681126,7.810972222222221,4.743586807323242,6.145631939278785,1.1402859164426518,-27.550972222222224,65.37617036033693,100.3135219844266,25.91136583987779,-56.965694444444445,31.48936786170017,106.87984156944042,29.99500210624537,798.0667361111111,430.9133992490909,347.4043200059448,210.9470991341775,7.25
40,98_2,98,0.5945,0.6348564798440668,0.5,0.5,2.75,4.763139720814412,0.0,0.0,4.75,4.763139720814412,1.5,2.598076211353316,0.0,0.0,0.25,0.4330127018922193,0.5,0.8660254037844386,0.25,0.4330127018922193,0.0,0.0,1.25,2.165063509461097,0.0,0.0,0.75,1.299038105676658,15.5,10.64189832689638,12.0,8.215838362577491,4.0,2.8284271247461903,0.0,0.0,3.25,5.629165124598851,21.5,11.884864324004711,0.25,0.4330127018922193,0.0,0.0,0.0,0.0,2.75,2.7726341266023544,2.7729166666666667,1.90723562861424,4.872273236751272,1.5763437938588392,36.06041666666667,92.8656514240315,80.29781624816438,46.12472027405002,-85.41041666666666,42.82420191860297,89.9999503019165,27.34801951416232,898.8395833333334,470.4283083009228,187.97742133644465,61.28503912722714,7.0
41,98_2,98,0.736,1.2747893943706938,0.25,0.4330127018922193,0.0,0.0,0.0,0.0,7.25,5.11737237261468,2.5,3.2015621187164243,0.0,0.0,3.5,6.06217782649107,4.75,3.960744879438715,6.5,5.5,0.0,0.0,6.75,5.539629951540085,0.0,0.0,3.25,4.548351349665063,11.75,6.832825184358224,14.5,6.726812023536855,11.25,4.9180788932265,0.0,0.0,1.0,1.7320508075688772,14.25,8.842369591913696,4.25,5.3091901453988255,1.25,1.6393596310755,0.0,0.0,1.75,3.031088913245535,6.3375,4.377759491290065,7.460166936346128,1.1074151826601932,41.355555555555554,63.73336947203765,104.4880082766886,31.60418811831071,-73.76458333333333,46.92882273670342,113.36089624270602,23.95390647754578,990.5649305555556,362.8594659169994,542.9793683804261,98.41853221419964,7.0
42,98_2,98,1.7912500000000002,1.837049995917368,0.75,0.82915619758885,4.5,7.794228634059948,0.25,0.4330127018922193,8.5,7.762087348130012,4.5,4.55521678957215,0.0,0.0,2.5,2.179449471770337,5.25,4.322904116447646,4.25,3.491060010942235,1.75,2.48746859276655,8.75,8.728545125048045,0.0,0.0,8.5,5.315072906367325,9.0,5.1478150704935,21.0,9.027735042633894,12.5,10.5,0.0,0.0,1.75,3.031088913245535,9.0,2.549509756796392,7.0,6.745368781616021,2.5,4.330127018922194,0.0,0.0,2.5,2.598076211353316,8.829166666666666,6.518023888930346,7.247959745982429,2.079556773081748,-1.89652777777778,43.10377149609416,115.91776807258432,13.099231373862452,-19.30486111111112,22.100016267852656,112.15325016780432,25.07414865728065,865.657638888889,294.9701154065073,220.6824177847879,134.03251876455283,6.75
43,98_2,98,4.53275,3.47151309769962,1.5,0.8660254037844386,2.5,4.330127018922194,0.5,0.8660254037844386,10.25,5.11737237261468,2.5,2.692582403567252,0.0,0.0,3.75,2.680951323690902,5.25,7.949056547792323,5.0,6.96419413859206,0.0,0.0,9.5,9.656603957913983,0.0,0.0,7.25,10.304731922762477,15.5,10.781929326423912,17.0,10.024968827881713,14.0,10.074720839804945,0.0,0.0,1.0,1.7320508075688772,16.75,7.048936089935842,5.0,8.093207028119323,3.25,5.629165124598851,0.0,0.0,0.25,0.4330127018922193,9.775,2.902262048816405,5.41237661807339,2.202250257346861,37.07847222222222,67.42147396719922,119.34646541527468,34.985863365023256,-10.300694444444444,23.06261307434892,151.20526652342727,13.52334062670418,1006.7392361111112,254.0301835007261,298.9410340457331,46.22727830243078,7.0
44,98_2,98,2.5735,1.0086202208958537,1.0,0.0,1.5,2.598076211353316,0.0,0.0,11.75,8.46684711093805,2.75,2.947456530637899,0.0,0.0,0.25,0.4330127018922193,5.5,6.946221994724902,6.0,6.164414002968976,0.5,0.8660254037844386,5.25,3.897114317029974,0.0,0.0,5.75,7.361215932167728,9.75,9.256754290786809,23.75,0.82915619758885,8.25,1.299038105676658,0.0,0.0,1.5,2.598076211353316,11.25,7.822243923581007,3.25,3.6996621467371855,1.0,1.7320508075688772,0.0,0.0,2.0,1.4142135623730951,5.736111111111111,4.40051291202388,6.990224211467268,1.1766235347606384,3.470138888888888,57.17052172831293,105.4654457268069,22.61400640774492,42.23888888888889,33.64623262576967,103.08304279422106,28.873564105940428,858.534375,361.2890007226705,244.49615518591327,66.52484674055577,7.25
45,98_2,98,0.352,0.3520710155636217,0.5,0.5,0.0,0.0,0.0,0.0,13.0,7.842193570679061,2.0,1.4142135623730951,0.0,0.0,3.25,5.068283733178324,4.75,7.660776723022281,4.75,5.11737237261468,0.0,0.0,5.75,3.344772040064913,0.0,0.0,4.5,6.689544080129826,8.0,8.276472678623424,18.75,3.766629793329841,13.75,7.084313657652377,0.0,0.0,1.0,1.7320508075688772,8.5,2.0615528128088303,2.5,4.330127018922194,0.75,1.299038105676658,0.0,0.0,4.0,4.183300132670378,9.434285714285716,9.632596670480403,10.153189844130534,5.068766930230688,-2.954305555555554,16.648761425472912,132.53702404640617,21.58459621772496,-75.41043650793651,30.305829995603343,114.0101861699362,23.965446286534885,965.316140873016,209.87802046621096,410.7298815185404,70.40637323377565,6.75
46,98_2,98,2.05325,1.741810319035916,1.0,0.7071067811865476,0.0,0.0,0.0,0.0,14.5,7.158910531638177,6.5,7.566372975210778,0.75,1.299038105676658,1.75,3.031088913245535,0.75,0.4330127018922193,2.0,2.9154759474226504,0.0,0.0,4.25,4.264680527307995,0.0,0.0,1.0,0.7071067811865476,6.0,4.847679857416329,18.5,8.440971508067067,15.0,8.306623862918075,0.0,0.0,2.25,2.8613807855648994,11.0,5.873670062235365,3.5,5.5,1.75,3.031088913245535,0.25,0.4330127018922193,4.25,5.3091901453988255,11.492876984126983,3.0869250042569303,5.960186508623048,1.9703187977657104,43.531686507936506,61.20367540167125,113.5669864354532,17.055876685625314,-41.25617063492064,69.93659936091659,112.96100065238844,23.191736075574216,788.2619543650794,303.9490325519552,293.4636828756943,98.25686734309508,6.5
47,98_2,98,3.20825,2.405904130986935,1.25,0.82915619758885,0.5,0.8660254037844386,0.25,0.4330127018922193,16.0,11.0227038425243,2.5,4.330127018922194,0.0,0.0,1.0,1.224744871391589,0.25,0.4330127018922193,4.5,6.18465843842649,0.25,0.4330127018922193,5.0,5.431390245600108,0.0,0.0,1.5,1.6583123951777,7.5,9.5524865872714,9.75,11.648497757221744,13.25,8.842369591913696,0.0,0.0,0.25,0.4330127018922193,16.0,10.124228365658292,2.75,4.763139720814412,1.5,2.598076211353316,0.25,0.4330127018922193,3.75,3.561951712193752,8.503472222222223,5.898271605160342,8.723448278377138,4.564629925154369,-68.90583333333333,53.45350443895663,102.47130239578362,46.85114119362729,-51.53111111111111,123.0197796633774,58.46389348029815,33.59316644052619,1017.6395138888888,228.70175952580607,224.1545046672148,56.95839426145967,0.0
48,98_2,98,4.174,1.4710130862776172,1.25,0.4330127018922193,0.75,1.299038105676658,0.0,0.0,9.75,9.98436277385793,5.25,7.980444849756184,0.0,0.0,7.25,6.179603547154137,0.75,1.299038105676658,2.5,2.598076211353316,0.0,0.0,4.75,5.539629951540085,0.0,0.0,1.0,1.7320508075688772,10.75,9.390819985496474,12.75,8.104782538723663,10.75,7.562241731127087,0.0,0.0,2.25,3.897114317029974,19.5,7.632168761236874,1.0,1.7320508075688772,0.5,0.8660254037844386,0.0,0.0,0.25,0.4330127018922193,7.0687500000000005,5.609554024534095,6.152726860103186,0.7669909397323095,-11.960416666666664,74.00044842558388,115.4386809371588,21.70502507779565,-18.31458333333333,71.24065956685715,114.06036307427868,22.376941621587825,1021.5333333333332,366.6014369653636,232.0916842032146,108.66857708778905,5.5
49,98_2,98,1.07425,0.8210409170680837,1.0,0.7071067811865476,2.75,4.763139720814412,0.0,0.0,10.25,7.292976072907411,4.75,3.191786333700926,2.25,3.344772040064913,3.5,3.5,0.5,0.5,1.75,1.479019945774904,0.0,0.0,4.75,5.11737237261468,0.0,0.0,2.75,2.277608394786075,9.75,6.6473679001541655,15.25,8.437268515343103,5.0,3.082207001484488,0.0,0.0,0.5,0.8660254037844386,16.5,5.852349955359813,4.0,5.787918451395113,1.75,3.031088913245535,0.0,0.0,0.5,0.8660254037844386,4.759444444444444,5.954813930814068,6.157148395951792,1.3114508225083803,-6.85277777777778,54.71767849297422,115.29643866872688,6.260996885962418,4.085694444444444,15.124240116484538,125.3755641332344,17.255499874304416,1099.5072916666666,204.7151151045084,444.0135840887334,108.3834055714314,5.5
50,98_2,98,0.53325,0.9236160931361038,0.25,0.4330127018922193,4.5,7.794228634059948,0.0,0.0,12.75,11.776565713313875,2.5,4.330127018922194,0.5,0.8660254037844386,1.25,2.165063509461097,0.25,0.4330127018922193,0.0,0.0,0.0,0.0,1.0,1.7320508075688772,0.0,0.0,0.75,1.299038105676658,10.0,9.565563234854496,11.75,9.41740410091868,3.5,4.9749371855331,0.0,0.0,0.0,0.0,21.25,6.378675411086537,2.75,4.205650960315181,1.25,2.165063509461097,0.0,0.0,5.75,6.94172168845741,5.709484126984126,8.722698537715056,6.701584865017108,2.122020872379412,-13.121805555555554,58.10276984745872,113.85524423226416,4.837301110187115,-56.21664682539682,49.502216144753774,98.1418622710838,18.32581158387524,1239.6344543650794,315.8462077062259,301.0150097204218,38.42993363425953,5.5
51,98_2,98,1.41525,1.3933530376397791,0.75,0.4330127018922193,0.0,0.0,0.0,0.0,16.0,8.916277250063503,8.75,6.015604707757983,0.0,0.0,4.5,2.598076211353316,1.25,1.0897247358851685,3.25,2.8613807855648994,0.25,0.4330127018922193,4.75,3.491060010942235,0.0,0.0,1.25,1.299038105676658,9.5,4.769696007084728,19.5,4.8218253804964775,13.5,5.5,0.0,0.0,0.0,0.0,12.0,3.5355339059327378,1.75,3.031088913245535,1.0,1.7320508075688772,0.0,0.0,0.75,1.299038105676658,8.978531746031747,4.979991186867443,10.921916419053826,2.2022862261635594,8.61174603174603,20.47000715701669,130.8394443860671,15.231702209736175,17.61095238095238,18.83770031394262,133.44070221154306,24.20262823713738,882.1372023809524,239.6778678276461,442.7076285992184,111.238767006039,6.75
52,98_2,98,0.0,0.0,0.0,0.0,0.25,0.4330127018922193,0.25,0.4330127018922193,12.75,7.084313657652377,4.25,2.5860201081971503,0.75,1.299038105676658,4.0,3.9370039370059056,0.25,0.4330127018922193,1.75,2.0463381929681126,0.0,0.0,0.5,0.5,0.0,0.0,0.75,0.82915619758885,6.5,8.616843969807043,19.5,7.088723439378913,14.25,7.595228765481656,0.0,0.0,0.0,0.0,15.5,9.394147114027968,0.5,0.8660254037844386,0.0,0.0,0.0,0.0,0.75,1.299038105676658,1.3723611111111127,18.60015148026313,11.223263739461752,6.0924126082711485,34.75791666666666,61.09115458665608,97.42422277363966,21.127099060556795,-3.4076388888888864,63.58542841480014,108.58588586018011,24.95564917057364,595.8444444444444,200.380134878427,328.01932075634454,193.8915242112732,7.0
53,98_2,98,1.3622500000000002,0.5801281647187972,1.25,0.4330127018922193,1.25,2.165063509461097,1.0,1.7320508075688772,14.25,6.6473679001541655,4.0,2.549509756796392,0.0,0.0,3.75,2.8613807855648994,3.75,4.205650960315181,2.25,0.82915619758885,0.5,0.5,6.25,4.02336923485777,0.0,0.0,6.25,4.322904116447646,4.25,2.165063509461097,23.0,4.415880433163924,8.5,4.769696007084728,0.0,0.0,1.25,2.165063509461097,12.25,6.015604707757983,3.0,4.06201920231798,0.75,1.299038105676658,0.25,0.4330127018922193,2.5,0.5,7.751775793650793,3.5154916526319027,9.737426872125829,2.741136978177893,31.10251984126984,34.943331724817824,110.53431830158428,15.182497978408485,29.591875,12.487908783472932,123.11575347612704,16.640120893888845,969.5334375,129.4795767477702,583.4103606962481,109.6332422679196,7.0
54,98_2,98,2.59175,1.5557550216856122,1.0,0.0,0.5,0.8660254037844386,0.0,0.0,11.5,9.86154146165801,8.0,8.366600265340756,0.0,0.0,0.5,0.8660254037844386,4.25,4.602988159880492,1.5,1.5,0.0,0.0,5.0,2.9154759474226504,0.0,0.0,7.5,3.640054944640259,6.75,9.522998477370455,20.5,7.762087348130012,19.5,4.769696007084728,0.0,0.0,0.0,0.0,8.5,9.836157786453,4.5,6.103277807866851,1.0,1.7320508075688772,0.0,0.0,1.25,1.299038105676658,7.850833333333333,6.193991992693851,8.554471655390568,1.398130488826428,-7.587916666666665,69.5061462647469,107.78195262393822,11.946690050154931,-56.00125,45.2155186052649,107.33088607959986,25.342266208103823,1210.4535416666663,432.3113979185248,361.8702411422985,214.911510195888,7.25
55,98_2,98,1.35475,0.1169922540170929,1.0,0.0,0.25,0.4330127018922193,4.5,7.794228634059948,14.75,10.848386976873568,10.75,8.814051281902097,0.25,0.4330127018922193,1.0,1.224744871391589,4.0,6.363961030678928,2.75,2.0463381929681126,0.0,0.0,6.25,4.710360920354193,0.0,0.0,3.75,5.931905258852336,13.25,9.283722313813572,16.75,5.80409338312195,19.0,2.23606797749979,0.0,0.0,0.0,0.0,12.0,7.7781745930520225,2.25,3.897114317029974,0.75,1.299038105676658,0.0,0.0,4.0,3.9370039370059056,12.139583333333334,4.342667730880792,6.691112415084802,5.902880422944964,30.416666666666668,34.3959204016665,130.17006913688553,23.5466988027951,-36.766666666666666,49.23411369557585,129.7938826144979,24.63757746520425,1051.93125,177.07459011504085,289.651109662454,181.70925781635384,6.5
56,98_2,98,0.0,0.0,0.0,0.0,0.0,0.0,0.5,0.8660254037844386,12.25,7.822243923581007,6.25,5.84700778176325,0.0,0.0,1.5,2.0615528128088303,1.5,1.5,3.0,3.6742346141747673,1.25,2.165063509461097,4.5,4.092676385936225,0.0,0.0,2.75,1.0897247358851685,3.0,2.9154759474226504,26.25,2.8613807855648994,13.5,5.678908345800274,0.0,0.0,0.0,0.0,11.25,5.539629951540085,2.0,2.449489742783178,0.25,0.4330127018922193,0.0,0.0,2.5,2.29128784747792,13.735277777777776,8.400526094085263,7.5846232713213455,2.595292066873709,15.333749999999998,75.22285674520559,106.42950082245744,14.614662199664805,-3.617083333333337,82.7998258466952,107.29830953835103,15.373113587351542,790.7678472222223,290.7878576805362,244.854154124595,87.71495914689397,7.25
57,98_2,98,3.02375,3.067452230679396,1.0,0.7071067811865476,0.0,0.0,0.0,0.0,13.25,9.175374651751284,6.0,3.082207001484488,0.0,0.0,2.0,3.4641016151377544,2.5,2.0615528128088303,6.25,10.825317547305485,2.75,4.763139720814412,9.0,4.0,0.0,0.0,3.75,2.384848003542364,3.75,3.766629793329841,25.0,5.338539126015656,11.5,8.52936105461599,0.0,0.0,0.0,0.0,7.75,8.257572282456872,7.25,5.931905258852336,1.25,2.165063509461097,0.0,0.0,3.0,2.345207879911715,14.999166666666667,7.403753411840061,7.958835609790977,1.3715850168856891,16.280833333333327,88.23070326092083,89.73049796862709,11.569226163595902,-27.07375,87.51501969007472,99.4174824760894,18.59339726533205,832.1672916666668,218.27364041526,200.78684986624563,90.35922433653056,7.0
58,98_2,98,1.47825,1.0302777234804217,1.0,0.7071067811865476,0.0,0.0,0.0,0.0,14.75,9.60143218483576,9.75,6.869315832017043,0.0,0.0,2.0,2.449489742783178,1.5,1.6583123951777,1.5,1.118033988749895,0.0,0.0,2.25,3.344772040064913,0.0,0.0,2.0,1.4142135623730951,11.75,11.27774356863996,16.25,7.361215932167728,11.0,4.415880433163924,0.0,0.0,0.0,0.0,12.0,6.59545297913646,2.25,3.344772040064913,1.75,3.031088913245535,0.0,0.0,2.25,2.7726341266023544,9.026388888888889,4.732462141070615,9.433565834096822,3.686790317487444,13.922916666666666,56.34697793797868,120.26455558543536,8.127977925769837,6.363888888888889,79.37588589473552,103.1735295507698,26.27367280374325,911.665277777778,168.7880288854134,408.7998104826671,146.0670121533959,6.5
59,98_2,98,0.87825,0.9185386151381988,0.5,0.5,0.0,0.0,0.0,0.0,19.5,6.5383484153110105,5.75,4.866980583482946,0.25,0.4330127018922193,0.0,0.0,5.0,2.9154759474226504,2.5,2.179449471770337,0.0,0.0,6.0,7.582875444051551,0.0,0.0,4.5,2.692582403567252,7.75,8.073877630977572,21.25,8.728545125048045,11.5,9.962429422585638,0.0,0.0,0.25,0.4330127018922193,14.25,10.207227831296802,5.0,8.660254037844387,2.75,4.763139720814412,0.0,0.0,2.5,2.5,9.95,7.0761654909672345,5.845996655933096,3.251236438125784,8.742083333333333,102.82363761270908,85.22971105763034,49.01724637937322,-58.07833333333333,99.6044004842825,76.28957244075774,44.908515208090165,930.1322916666668,217.7207724391935,294.7665016280638,142.56386671759964,6.75
60,98_2,98,2.3545,1.7860241459733963,1.0,0.7071067811865476,0.0,0.0,0.0,0.0,19.25,9.03811374126261,5.0,4.847679857416329,0.0,0.0,0.0,0.0,2.5,3.774917217635375,1.75,2.48746859276655,0.0,0.0,5.0,4.847679857416329,0.0,0.0,3.75,5.931905258852336,9.25,9.148087231765992,14.75,10.755812382149475,7.0,8.860022573334675,0.0,0.0,4.25,7.361215932167728,18.75,7.258615570478987,5.5,9.526279441628825,2.5,4.330127018922194,0.0,0.0,0.5,0.8660254037844386,8.050694444444446,7.436446879222631,3.24457037700784,2.068602259086441,7.038194444444439,110.53764269621298,75.1774124691826,51.74839378174804,-113.41180555555556,50.59783245945331,72.34210806587296,56.85896671076432,924.128125,117.3688256191291,196.7479427301457,155.94137165433185,6.5
61,98_2,98,2.43475,2.038757265468354,0.75,0.4330127018922193,0.0,0.0,0.0,0.0,10.5,9.12414379544733,2.75,4.205650960315181,0.0,0.0,1.25,1.6393596310755,2.25,1.920286436967152,2.0,1.8708286933869709,0.0,0.0,2.25,1.7853571071357126,0.0,0.0,2.75,1.7853571071357126,10.25,5.402545696243577,19.5,4.716990566028302,9.5,7.533259586659682,0.0,0.0,3.5,4.092676385936225,20.5,8.077747210701755,2.0,3.4641016151377544,0.0,0.0,0.0,0.0,1.5,1.118033988749895,2.7319444444444443,7.542729488236738,10.623146671007271,1.7027995804572535,0.1180555555555553,69.31203010561089,102.63603880664932,8.917723213263079,-48.55763888888889,32.038035324677416,99.91246594759228,33.23568670690036,671.7479166666667,80.81557015653654,315.26321450411695,97.20356828432551,6.5
62,98_2,98,0.344,0.5958254778036938,0.25,0.4330127018922193,0.0,0.0,0.0,0.0,10.0,8.74642784226795,4.75,4.205650960315181,0.25,0.4330127018922193,0.75,0.82915619758885,7.25,9.730750228014282,1.5,1.118033988749895,0.0,0.0,8.0,7.713624310270756,0.0,0.0,8.75,11.255554184490428,8.25,9.832980219648569,17.75,9.41740410091868,5.0,3.1622776601683795,0.0,0.0,0.5,0.8660254037844386,14.25,11.453711188955308,6.25,6.339361166552983,0.75,1.299038105676658,0.0,0.0,1.5,1.118033988749895,2.7090277777777785,8.444408437194797,10.064599778451775,2.4398477715533624,68.5423611111111,59.14765811553064,90.40960552296087,14.236490984651326,-4.356944444444446,107.52501820025908,79.85001157205294,43.969406977315934,792.0079861111112,345.18953684574046,201.05592905609336,114.29378100931748,6.5
63,98_2,98,2.9095000000000004,1.064914198421638,1.25,0.4330127018922193,0.0,0.0,0.0,0.0,8.5,11.05667219374799,3.25,5.068283733178324,0.0,0.0,0.25,0.4330127018922193,1.25,1.6393596310755,1.5,1.6583123951777,0.0,0.0,4.0,5.338539126015656,0.0,0.0,2.75,2.947456530637899,6.75,7.790218225441442,10.5,10.712142642814277,5.5,5.937171043518958,0.0,0.0,1.75,3.031088913245535,13.5,10.805091392487157,3.0,5.196152422706632,0.5,0.8660254037844386,0.0,0.0,1.0,1.7320508075688772,4.047916666666667,3.854378310004845,5.4571472633652425,3.222401957959513,7.960416666666667,8.438534658784071,105.71933099854311,62.93515229707212,-13.209027777777775,70.20341345480303,91.1365803543348,53.68101681796917,689.0993055555556,441.4408272166706,346.7275441557176,358.6169302142378,0.0
64,98_2,98,0.0,0.0,0.0,0.0,0.0,0.0,0.0,0.0,7.75,8.1967981553775,3.5,4.387482193696061,0.0,0.0,0.75,1.299038105676658,2.75,2.947456530637899,4.75,2.8613807855648994,1.0,1.7320508075688772,7.25,6.53356717268599,0.0,0.0,4.25,4.264680527307995,8.0,8.366600265340756,7.25,7.790218225441442,3.25,3.960744879438715,0.0,0.0,1.0,1.224744871391589,12.75,9.54921462739214,5.25,8.525696452489967,3.0,4.636809247747852,0.0,0.0,3.25,3.2691742076555053,1.6972222222222222,2.9972132118081016,8.782197869653679,4.102125949632148,3.4513888888888893,5.723428439480294,102.1275403456224,40.82216057300661,-73.13958333333333,46.20966423353873,77.31797817253478,36.22480577442435,804.6468749999999,471.8356749836568,402.7516217060827,193.04231674047583,6.5
65,98_2,98,1.32775,1.2466527934834142,0.75,0.4330127018922193,0.0,0.0,0.0,0.0,15.75,10.059199769365357,9.5,8.077747210701755,1.25,2.165063509461097,1.5,1.5,2.5,3.2015621187164243,2.75,3.6996621467371855,0.0,0.0,5.0,2.549509756796392,0.0,0.0,3.75,3.631459761583488,12.25,7.048936089935842,15.5,7.566372975210778,16.25,5.889609494694874,0.0,0.0,0.25,0.4330127018922193,15.0,5.70087712549569,3.75,6.49519052838329,0.5,0.8660254037844386,0.5,0.8660254037844386,1.25,1.0897247358851685,8.849166666666667,4.118038991909728,9.686775926262236,5.9313469230060285,28.255416666666665,22.66209339204396,130.16246514600488,23.44064877582818,-37.36416666666666,47.79605557441139,134.57280522126158,21.85673730714915,909.8833333333332,306.8842889802549,254.24955103360884,163.45225618718314,6.75
66,98_2,98,0.41325,0.7157699962278385,0.25,0.4330127018922193,1.25,2.165063509461097,0.0,0.0,13.5,10.062305898749054,7.75,7.495832175282475,1.0,1.7320508075688772,0.0,0.0,0.25,0.4330127018922193,3.0,4.636809247747852,0.0,0.0,3.25,4.085033659592048,0.0,0.0,0.5,0.8660254037844386,10.75,4.815340071064556,12.25,7.660776723022281,20.25,6.139014578904337,0.0,0.0,0.25,0.4330127018922193,17.25,6.456585785072479,4.5,7.794228634059948,1.75,3.031088913245535,0.5,0.8660254037844386,3.0,2.549509756796392,7.352083333333334,2.2957567667208223,7.709851403712646,8.50555457884912,26.5375,60.2511772303155,130.843430364684,28.133504785454665,-111.06666666666668,50.44182808774216,85.42241596846199,51.753494743510856,908.709375,270.2608056924514,194.2487258122579,105.24457646524584,0.25
67,98_2,98,1.4135,0.7703033493371297,1.25,0.4330127018922193,4.75,8.227241335952167,0.25,0.4330127018922193,11.0,9.027735042633894,4.0,3.741657386773941,0.25,0.4330127018922193,1.5,1.5,2.0,2.345207879911715,2.5,2.692582403567252,0.0,0.0,5.5,6.34428877022476,0.0,0.0,3.5,3.840572873934304,5.75,2.48746859276655,18.5,7.399324293474371,11.0,7.106335201775948,0.0,0.0,0.75,1.299038105676658,7.0,6.442049363362563,7.0,10.464224768228174,2.25,2.8613807855648994,0.0,0.0,0.25,0.4330127018922193,9.510416666666666,8.219167594892568,6.010721614829882,2.901612068838492,90.08611111111112,67.41204652140227,70.50669199642003,53.568134604327895,14.695138888888888,105.60479336586953,99.86482604406584,10.104470742589678,968.1322916666666,280.84656654373555,238.12359702963911,136.1009222892566,0.25
68,98_2,98,0.355,0.6148780366869514,0.25,0.4330127018922193,1.0,1.7320508075688772,0.0,0.0,13.75,10.328964130056798,6.25,9.12071817347735,0.0,0.0,0.75,0.82915619758885,4.25,2.8613807855648994,2.25,2.7726341266023544,0.25,0.4330127018922193,5.0,4.415880433163924,0.0,0.0,4.5,2.958039891549808,7.5,6.576473218982953,15.25,9.229707470987366,9.0,2.345207879911715,0.0,0.0,1.5,2.598076211353316,13.5,6.5383484153110105,3.75,6.49519052838329,2.25,3.897114317029974,0.0,0.0,0.75,1.299038105676658,5.086120731120731,9.15139789926358,9.187629380692956,5.965793230287798,28.25657437469937,41.59114992041827,125.94330543312682,15.297769724235676,-24.336291185666184,55.21071523711581,134.57864466549546,20.773430179678524,834.2937499999999,282.73710141250075,255.06348673580635,180.8031510253863,6.75
69,98_2,98,2.581,1.5272948307383225,1.25,0.4330127018922193,6.25,9.175374651751284,0.25,0.4330127018922193,10.75,11.053845484717073,4.5,7.22841614740048,0.0,0.0,1.5,1.6583123951777,1.0,1.224744871391589,0.75,1.299038105676658,0.0,0.0,3.5,3.5,0.0,0.0,1.25,1.0897247358851685,9.0,4.636809247747852,15.25,11.053845484717073,8.75,5.068283733178324,0.0,0.0,1.25,1.6393596310755,17.0,4.847679857416329,3.75,5.931905258852336,2.0,3.4641016151377544,0.0,0.0,1.5,1.5,7.634861111111111,5.669252438022012,4.550776994926046,2.284747323438203,12.070138888888888,85.25533759527198,115.39195376622068,30.738105805820634,-38.49625,75.25628939548103,121.7539192981086,21.12155489426636,930.851875,236.7241769696027,234.3659509183014,143.9735531176636,6.75
70,98_2,98,0.0,0.0,0.0,0.0,2.0,2.1213203435596424,1.75,2.0463381929681126,15.0,10.04987562112089,7.75,5.018714974971183,0.0,0.0,1.0,1.224744871391589,1.25,1.6393596310755,1.0,1.224744871391589,0.0,0.0,3.0,2.549509756796392,0.0,0.0,0.75,0.82915619758885,13.25,9.67923034130297,14.75,8.407585860400118,11.75,10.158124826955024,0.0,0.0,6.25,7.013380069552769,16.5,7.123903424387503,5.25,9.093266739736606,2.25,3.897114317029974,0.75,1.299038105676658,1.25,1.0897247358851685,9.274623015873017,8.081479598902655,4.615917477348141,0.929362704765137,85.70202380952381,26.444368481599057,113.63007212007012,12.65188981955584,-14.98611111111111,87.74443838201546,124.3362127129984,28.740029041485567,900.4253075396825,166.6260685602503,239.5836222571,119.48034909539516,6.75
71,98_2,98,1.5065,1.0476255294712895,0.75,0.4330127018922193,0.5,0.8660254037844386,0.0,0.0,11.25,7.495832175282475,4.25,3.418698582794336,0.0,0.0,0.75,0.82915619758885,1.75,2.0463381929681126,2.5,2.5,0.0,0.0,6.25,6.759252917297888,0.0,0.0,3.0,1.8708286933869709,15.0,7.245688373094719,14.5,7.399324293474371,10.0,8.093207028119323,0.0,0.0,2.0,3.4641016151377544,16.5,6.576473218982953,5.5,7.88986691902975,2.75,3.6996621467371855,0.0,0.0,1.0,0.7071067811865476,7.447827380952381,7.938174216716811,5.005037913898941,1.3233051740813462,78.43103174603175,68.98788765194675,94.40055418071,20.967711373578936,26.38989087301588,83.65131254051747,121.25586126575394,14.649625094374098,916.593898809524,172.23927667558618,337.730571356438,131.427936415172,6.75
72,98_2,98,1.76,3.048409421321224,0.25,0.4330127018922193,3.0,2.549509756796392,0.75,0.82915619758885,14.25,8.584142356694699,8.5,4.55521678957215,0.0,0.0,0.5,0.5,4.75,4.322904116447646,6.25,5.931905258852336,0.0,0.0,9.75,9.33742469849155,0.0,0.0,6.0,5.522680508593631,10.5,4.387482193696061,15.75,6.417748826496718,12.0,4.06201920231798,0.0,0.0,1.0,1.0,11.5,4.5,7.25,9.41740410091868,4.0,5.338539126015656,0.0,0.0,1.25,1.0897247358851685,10.62309523809524,5.786745960449929,5.1693934920633655,0.5049444608982921,72.80781746031747,65.20934838474253,96.11393203681708,29.524667211918185,10.400992063492067,67.4671294354019,130.65832282990897,12.525990879497414,871.0600297619048,217.302606034734,334.1916301509229,172.13070462928405,6.75
73,98_2,98,1.349,0.290428132246172,1.0,0.0,0.0,0.0,0.0,0.0,11.0,11.113055385446437,3.25,5.068283733178324,0.25,0.4330127018922193,0.25,0.4330127018922193,8.25,6.417748826496718,8.25,4.710360920354193,0.25,0.4330127018922193,10.5,6.34428877022476,0.0,0.0,8.0,6.442049363362563,8.75,8.525696452489967,23.5,4.387482193696061,9.25,5.889609494694874,0.0,0.0,0.5,0.5,17.25,10.473180032826706,5.5,7.88986691902975,2.0,2.9154759474226504,0.0,0.0,3.0,2.1213203435596424,12.46375,6.097012972554675,7.879266171523486,2.687077876607279,-35.24513888888889,86.29116014156021,89.48921546481213,26.795409858581035,-49.15583333333333,42.13408340082619,119.29067379612788,22.254522998188914,1175.256111111111,520.9727455719919,601.2044027719883,408.219642740113,6.5
74,98_2,98,0.373,0.3921090409567216,0.5,0.5,0.0,0.0,0.0,0.0,10.0,9.40744386111339,4.0,4.743416490252569,0.75,0.82915619758885,2.0,3.4641016151377544,5.25,8.525696452489967,5.5,5.678908345800274,0.5,0.8660254037844386,8.25,6.977642868476432,0.0,0.0,6.0,9.246621004453464,15.0,8.972179222463181,14.75,6.057020719792859,17.0,9.40744386111339,0.0,0.0,5.0,6.96419413859206,15.25,7.495832175282475,3.75,5.402545696243577,1.25,1.6393596310755,0.25,0.4330127018922193,5.5,2.692582403567252,11.08375,4.600858219307205,7.042149773971069,4.014934035692147,25.20875,62.42240500296481,134.5559651089067,6.98532460667957,-56.53708333333333,61.05216099068029,126.83810197221756,27.180799849276863,1193.2554166666669,560.9571510109417,333.10779771182433,200.6816643545001,6.75
75,98_2,98,2.3465000000000003,1.947744913996697,0.75,0.4330127018922193,3.25,5.629165124598851,0.0,0.0,8.25,12.028611723719408,3.75,6.49519052838329,1.5,2.598076211353316,2.25,2.277608394786075,6.25,4.02336923485777,6.0,3.6742346141747673,0.25,0.4330127018922193,8.5,5.024937810560445,0.0,0.0,6.5,4.031128874149275,14.5,5.5,10.0,2.549509756796392,8.0,5.612486080160912,0.0,0.0,0.25,0.4330127018922193,17.5,8.261355820929152,7.75,7.822243923581007,3.0,3.6742346141747673,0.0,0.0,2.25,3.897114317029974,6.168333333333333,3.5205289042176737,7.643649131066727,2.4772028228105207,51.48027777777777,59.589369438492646,110.40633566785104,20.235227848861346,-77.72777777777777,21.61857951144322,123.58427141310317,14.317374714172784,895.9939583333332,191.40649502386685,407.7204706041495,126.4115586439756,6.75
76,98_2,98,1.189,1.2496755578949283,0.5,0.5,0.0,0.0,0.0,0.0,9.25,4.264680527307995,2.5,2.692582403567252,0.0,0.0,1.75,2.48746859276655,5.5,3.905124837953327,2.75,3.112474899497183,0.75,1.299038105676658,8.5,5.5901699437494745,0.0,0.0,8.5,5.5,10.5,9.394147114027968,18.0,8.06225774829855,8.25,5.3091901453988255,0.0,0.0,0.0,0.0,14.25,5.494315243958978,5.25,5.539629951540085,2.25,2.48746859276655,0.0,0.0,1.5,2.598076211353316,10.374583333333334,4.120776857550312,10.089374114079067,5.572063762151735,38.175,96.99656691376018,80.15884001720005,30.7298700893453,86.03416666666666,49.84363054844621,91.0132754372363,18.176725610185745,1241.5620833333332,554.6223308607485,549.1315613014015,251.0330875920909,6.5
77,98_2,98,1.78275,1.3781929064902343,0.75,0.4330127018922193,1.0,1.7320508075688772,0.0,0.0,10.0,9.027735042633894,5.0,4.847679857416329,0.5,0.8660254037844386,2.75,2.680951323690902,6.75,4.322904116447646,5.75,5.448623679425842,1.5,2.0615528128088303,9.0,5.744562646538029,0.0,0.0,7.25,5.448623679425842,8.25,4.968651728587948,19.75,5.717298313014636,8.75,4.815340071064556,0.0,0.0,4.0,6.363961030678928,13.25,6.299801584177076,4.75,6.139014578904337,2.0,2.9154759474226504,0.0,0.0,1.0,1.0,8.822083333333332,8.842551273294,7.977501789952098,3.3843564622440843,48.48125000000001,58.01247452506084,104.6911333891878,18.20154572476256,15.765,42.96793153361909,127.02175833659844,18.586511743762102,925.9272916666666,271.6554163412921,411.24807899295206,277.2139218995309,7.0
78,98_2,98,1.03225,0.6928832423287491,0.75,0.4330127018922193,5.0,8.660254037844387,0.0,0.0,11.75,10.638961415476606,6.5,8.986100377805714,0.5,0.8660254037844386,0.25,0.4330127018922193,9.5,6.5,8.5,6.18465843842649,1.0,1.7320508075688772,14.5,5.894913061275798,0.0,0.0,10.25,6.94172168845741,11.75,7.46240577829965,20.75,9.57535900110278,15.5,3.0413812651491097,0.0,0.0,2.25,3.897114317029974,9.25,5.931905258852336,6.75,7.790218225441442,3.0,3.3166247903554,0.0,0.0,4.75,3.191786333700926,12.584722222222224,4.537595652496545,6.319311798083504,1.8899757340097905,52.84444444444444,43.92234585353767,123.14029373127254,4.540033725264584,2.6472222222222186,60.57507480391583,130.39051162148095,22.47190873113668,1003.2312499999998,225.53305914705533,329.9342919366059,45.36497604061416,7.25
79,98_2,98,0.68525,0.8152102106205492,0.5,0.5,0.0,0.0,0.0,0.0,8.25,9.781998773256923,4.5,5.5,0.5,0.8660254037844386,1.0,0.7071067811865476,1.75,1.479019945774904,3.5,2.179449471770337,0.0,0.0,6.5,6.800735254367722,0.0,0.0,4.25,3.031088913245535,13.25,5.3091901453988255,11.75,5.80409338312195,8.25,1.479019945774904,0.0,0.0,1.5,2.598076211353316,18.75,6.417748826496718,4.5,6.689544080129826,2.75,4.205650960315181,0.0,0.0,1.5,1.118033988749895,3.888234126984127,2.610824804209102,8.85580734315579,4.305479768393151,49.80936507936508,34.78203243500733,112.9389171368557,14.387130896802184,-26.0305753968254,31.95697650833212,125.89347401540644,26.829981107418003,968.3738194444444,240.59346058400268,410.1443743339677,126.03274596859389,5.5
80,98_2,98,1.64825,1.0522505345686457,0.75,0.4330127018922193,0.0,0.0,0.0,0.0,6.25,8.073877630977572,3.5,5.5,0.0,0.0,1.5,2.598076211353316,9.75,7.75806032459145,7.75,5.494315243958978,0.0,0.0,16.75,8.257572282456872,0.0,0.0,13.0,9.300537618869138,18.0,2.9154759474226504,14.75,9.283722313813572,6.75,6.057020719792859,0.0,0.0,4.0,4.527692569068709,13.25,10.059199769365357,8.0,8.455767262643882,3.75,5.402545696243577,0.0,0.0,1.25,1.6393596310755,9.063928571428573,2.898510820034991,9.213344954985036,2.410286119523476,106.14420634920634,41.2079661091042,80.7377262006773,41.877927800526486,75.13248015873016,81.63420130110346,93.75081312334105,49.5472377054772,1123.6579166666668,410.22129692876246,441.13302301059474,174.46528721215196,5.5
81,98_2,98,1.226,1.2783379834769832,0.5,0.5,2.5,4.330127018922194,0.0,0.0,6.25,6.378675411086537,2.25,2.8613807855648994,0.75,0.82915619758885,2.0,2.449489742783178,3.5,2.8722813232690143,5.25,5.261891294962297,0.0,0.0,9.75,8.954747344286158,0.0,0.0,5.0,3.8078865529319534,10.75,9.390819985496474,13.75,4.710360920354193,7.0,7.071067811865476,0.0,0.0,4.25,5.165994579942956,21.5,6.689544080129826,5.0,5.338539126015656,1.75,2.48746859276655,0.0,0.0,2.0,2.0,8.924890873015872,8.077202523020913,6.443614402936088,2.965714445077205,83.09444444444445,78.02766891432618,69.81884697946836,43.47878198165964,33.08296626984127,82.3831090398202,97.57967578297868,53.88414244472692,641.888427579365,314.1372821835603,263.9420110170894,122.94965495247652,7.0
82,98_2,98,0.7065,1.2236938955474117,0.25,0.4330127018922193,2.5,4.330127018922194,2.25,3.897114317029974,10.25,10.54454835448157,4.5,5.315072906367325,1.75,2.48746859276655,1.75,2.48746859276655,1.75,2.48746859276655,4.5,4.387482193696061,0.0,0.0,7.5,6.06217782649107,0.0,0.0,2.5,2.692582403567252,15.5,11.863810517704673,13.0,10.606601717798211,14.0,7.7781745930520225,0.0,0.0,5.25,4.14578098794425,19.0,6.745368781616021,5.25,4.968651728587948,1.25,1.299038105676658,1.0,1.7320508075688772,5.25,6.139014578904337,14.61902777777778,9.772349332561925,6.327402862604552,5.0266876601003325,33.90208333333333,70.92653088289714,124.76220990957788,34.76553554727613,-75.29194444444444,37.84533727518123,120.79957658230911,32.18017884742277,618.2107638888889,81.89931000053573,170.10191040132497,133.42576275533713,7.0
83,98_2,98,2.1305,1.509989155590198,1.0,0.7071067811865476,0.25,0.4330127018922193,0.0,0.0,10.25,9.807522622966516,4.5,4.5,0.0,0.0,2.25,2.8613807855648994,1.75,1.7853571071357126,8.75,11.755317945508748,0.25,0.4330127018922193,13.75,10.304731922762477,0.0,0.0,3.0,3.3166247903554,15.25,9.730750228014282,12.75,8.496322733983215,11.5,7.22841614740048,0.0,0.0,9.25,12.07010770457331,17.75,8.437268515343103,6.25,8.011710179481033,0.75,1.299038105676658,0.25,0.4330127018922193,2.5,1.8027756377319943,13.036666666666664,6.705037906927398,5.334577531092762,2.66246060133275,26.407916666666665,60.01790178974149,120.35693624346656,14.238572470679548,-74.05958333333334,59.120599359076095,101.46063598820716,57.85353350158071,670.4758333333333,143.9479096515665,172.1818249660184,83.95532907765933,7.0
84,98_2,98,2.6935,1.5555755365780215,0.75,0.4330127018922193,4.75,8.227241335952167,1.25,2.165063509461097,9.0,7.14142842854285,2.5,2.179449471770337,0.0,0.0,2.25,2.48746859276655,6.0,6.0,9.75,7.292976072907411,0.0,0.0,15.5,9.912113800799505,0.0,0.0,9.5,8.674675786448736,14.0,9.69535971483266,15.0,10.41633332799983,8.5,8.645808232895291,0.0,0.0,8.0,12.727922061357855,15.25,7.75806032459145,6.75,5.80409338312195,2.0,2.9154759474226504,0.0,0.0,2.25,1.920286436967152,11.053194444444443,2.9774617985079304,6.135175640632331,3.487603027012075,63.670138888888886,65.92382011024726,98.01571072283792,56.278236160248376,-19.38083333333333,87.46490085314223,110.45155813738944,37.32338093936698,766.0770138888888,236.93414873679603,265.1988466317875,311.95764188611525,7.0
85,98_2,98,0.1705,0.2953146626904936,0.25,0.4330127018922193,4.75,5.068283733178324,1.75,1.7853571071357126,4.5,5.545268253204709,0.5,0.8660254037844386,0.75,0.82915619758885,3.25,4.548351349665063,5.0,5.744562646538029,7.75,7.495832175282475,0.75,1.299038105676658,10.5,7.297259759663212,0.0,0.0,6.75,7.46240577829965,11.75,5.068283733178324,9.75,5.2141634036535525,4.0,2.0,0.0,0.0,6.5,6.837397165588672,18.0,6.745368781616021,7.0,7.810249675906654,4.0,4.743416490252569,1.5,2.598076211353316,2.75,1.479019945774904,8.182500000000001,6.998736057626475,8.597825108727706,1.7790782582882994,58.37715277777778,45.15204804187268,104.65465262980698,9.022062293671324,33.23180555555556,5.1480931891134505,139.1106080910628,22.926794151574736,1015.8966319444444,434.25396801897335,504.40981726136704,235.6826305985016,7.0
86,98_2,98,0.32275,0.5590193981428552,0.25,0.4330127018922193,7.5,11.863810517704673,1.0,1.0,8.0,7.582875444051551,3.25,4.548351349665063,0.0,0.0,0.25,0.4330127018922193,4.0,4.242640687119285,6.0,5.0990195135927845,0.5,0.8660254037844386,13.0,9.974968671630002,0.0,0.0,7.75,4.602988159880492,11.5,10.259142264341596,11.75,10.328964130056798,3.25,2.8613807855648994,0.0,0.0,8.25,8.317902379807062,18.25,10.280442597476044,7.25,7.980444849756184,2.0,2.345207879911715,0.5,0.8660254037844386,2.5,1.6583123951777,8.700525793650794,6.731303285248796,6.218589825530346,2.408715106554169,81.00593253968253,76.34613522321604,72.80849284739386,23.0404935160774,31.06244047619048,52.08630218405835,117.2609240476351,22.694891155598867,914.5415873015872,367.7339299831455,270.2755236088243,53.253726698153166,7.0
87,98_2,98,1.64,1.0182050382904222,0.75,0.4330127018922193,4.25,5.7608593109014565,0.25,0.4330127018922193,9.5,7.952986860293433,2.25,2.8613807855648994,0.25,0.4330127018922193,1.25,0.82915619758885,3.25,2.165063509461097,4.0,2.8284271247461903,0.0,0.0,9.0,6.041522986797286,0.0,0.0,4.0,2.9154759474226504,12.5,7.533259586659682,11.5,6.689544080129826,3.5,3.5,0.0,0.0,3.5,4.5,19.5,6.020797289396148,5.0,4.847679857416329,0.5,0.8660254037844386,0.0,0.0,2.75,4.205650960315181,5.292916666666667,5.772719412003517,9.444676285058822,2.521506165503011,54.467638888888885,74.07393155604056,93.56750302038638,14.435062676391222,-35.49458333333334,34.945679838997584,121.42916819710771,22.59570198571049,791.7797222222223,444.6248456776406,371.77863276076425,135.17613128642998,7.0
88,98_2,98,0.7330000000000001,0.5640221626851201,0.75,0.4330127018922193,12.25,21.21762239271875,12.25,21.21762239271875,9.5,11.412712210513329,2.25,3.897114317029974,0.25,0.4330127018922193,0.25,0.4330127018922193,7.75,5.494315243958978,5.5,3.640054944640259,1.25,1.6393596310755,13.0,6.363961030678928,0.0,0.0,9.25,5.973901572674261,17.25,9.807522622966516,9.75,6.015604707757983,7.0,5.431390245600108,0.0,0.0,3.25,5.068283733178324,17.5,10.062305898749054,6.25,6.2599920127744575,2.75,3.6996621467371855,0.75,1.299038105676658,2.25,2.277608394786075,9.1975,3.8914112157416616,9.879816972605298,3.819468211826568,47.7775,46.455356608672034,122.85149457533124,22.58071891500516,-24.899166666666662,35.81658477771002,132.91376323576705,34.59018533736311,937.22125,257.7134832458353,432.4206288924474,94.58717329354464,7.0
89,98_2,98,0.3975,0.3975157229594824,0.5,0.5,4.5,5.315072906367325,1.5,2.0615528128088303,10.5,11.324751652906125,4.75,8.227241335952167,0.0,0.0,0.0,0.0,13.25,7.917543811056558,8.0,7.713624310270756,1.0,1.7320508075688772,12.75,11.818946653572814,0.0,0.0,14.75,8.642193008721803,18.25,7.361215932167728,7.5,6.576473218982953,7.0,4.415880433163924,0.0,0.0,4.25,7.361215932167728,17.25,10.615436872781071,9.25,10.034316120194738,4.5,6.689544080129826,0.0,0.0,1.75,1.479019945774904,5.4750000000000005,7.92806854368284,8.28637539456732,5.450711297953929,-10.66375,102.74351619428488,98.88354958479508,42.9668467152322,-33.69916666666666,94.16023491678074,113.2110862801541,30.864144833820745,995.8304166666668,459.5770377041218,296.18711432623496,165.08168825471947,7.0
90,98_2,98,3.2215,2.5046745796609984,1.0,0.7071067811865476,9.75,16.315253599009733,4.5,7.22841614740048,7.75,9.54921462739214,4.25,6.796138609534093,0.5,0.8660254037844386,0.0,0.0,3.75,3.766629793329841,2.25,2.8613807855648994,1.25,2.165063509461097,3.75,3.344772040064913,0.0,0.0,4.5,4.153311931459037,17.75,9.093266739736606,7.25,9.093266739736606,10.25,5.931905258852336,0.0,0.0,4.75,7.660776723022281,24.5,4.387482193696061,2.25,3.344772040064913,0.75,1.299038105676658,0.0,0.0,5.0,5.744562646538029,7.038333333333333,5.5327954055793525,8.597958115555318,6.955467642944314,-35.68541666666667,124.2532636189701,72.36893871162354,56.26465473943405,-65.43249999999999,111.88333871157938,80.06219009648888,40.5587034981849,882.900625,322.34990589041706,175.67322664364897,103.4451982691774,7.0
91,98_2,98,0.57375,0.9937641508426434,0.25,0.4330127018922193,21.75,22.230328382639787,12.75,20.94486810653149,3.25,3.2691742076555053,0.0,0.0,0.0,0.0,4.0,5.338539126015656,1.0,0.7071067811865476,2.5,2.8722813232690143,0.0,0.0,7.25,8.699856320652657,0.0,0.0,1.75,1.299038105676658,15.5,9.526279441628825,8.75,9.41740410091868,6.0,5.244044240850758,0.0,0.0,1.25,2.165063509461097,20.75,5.494315243958978,1.5,1.6583123951777,0.75,1.299038105676658,0.0,0.0,0.0,0.0,2.6641666666666666,3.8946648871672296,9.486543109733056,3.903103621828639,93.20055555555555,78.47249905162577,62.47755229105196,46.30607126783785,-46.44430555555556,51.63723686971788,129.44125370543594,19.381532798642343,868.9609722222222,391.47513766493535,350.6059177583421,90.85759795616762,7.0
92,98_2,98,2.57075,2.570934010724507,0.5,0.5,1.75,2.0463381929681126,0.75,1.299038105676658,6.25,10.825317547305485,5.0,8.660254037844387,1.0,1.224744871391589,0.5,0.5,1.25,2.165063509461097,5.25,5.356071321407137,0.0,0.0,9.5,7.632168761236874,0.0,0.0,2.75,2.947456530637899,13.75,12.255100978776143,7.75,4.968651728587948,10.25,6.417748826496718,0.0,0.0,3.25,5.629165124598851,18.5,11.01135777277262,4.5,5.315072906367325,2.25,3.897114317029974,0.0,0.0,0.0,0.0,6.731944444444444,5.338289255550501,7.722713732889348,1.6839031418701875,75.52694444444444,65.79036440962487,100.09111789257874,30.94274373994455,-70.49166666666667,67.48373683825105,110.2973610652021,21.74465817224421,1137.8854861111113,271.7941570418647,369.9481981492775,246.1308097481178,7.0
93,98_2,98,1.4960000000000002,1.193644209972134,1.0,0.7071067811865476,0.75,0.82915619758885,0.75,1.299038105676658,12.25,10.871407452579447,4.75,4.9180788932265,0.0,0.0,2.75,3.6996621467371855,1.25,1.6393596310755,2.75,2.165063509461097,0.0,0.0,10.25,8.728545125048045,0.0,0.0,1.75,1.920286436967152,17.0,9.433981132056603,12.25,11.008519428152,6.0,4.415880433163924,0.0,0.0,2.75,4.205650960315181,19.0,9.643650760992957,3.25,5.068283733178324,2.0,3.4641016151377544,0.25,0.4330127018922193,1.75,1.0897247358851685,5.614583333333333,1.984500488158166,6.327259591816547,1.680258520780182,64.12083333333334,65.61563835342744,97.89473064179748,29.079082379166643,-51.40833333333333,69.32365392169945,111.42997389487564,53.477294452449705,1112.8302083333333,210.9292153594284,226.60630854375248,121.59914552000144,7.0
94,98_2,98,1.79175,1.7296638943737015,1.0,0.7071067811865476,0.5,0.8660254037844386,14.25,24.681724007856506,5.75,9.959292143521044,3.5,6.06217782649107,0.0,0.0,1.0,1.224744871391589,3.5,5.5,5.25,3.897114317029974,0.25,0.4330127018922193,12.0,11.247221879201993,0.0,0.0,6.25,9.175374651751284,19.0,10.977249200050077,10.75,10.638961415476606,10.5,5.5901699437494745,0.0,0.0,0.25,0.4330127018922193,23.0,5.612486080160912,3.75,6.49519052838329,2.75,4.763139720814412,0.0,0.0,0.5,0.8660254037844386,7.010416666666667,6.445900330938176,5.691843204285256,2.8217079085484875,48.36875,105.33376885046437,92.39929367078594,49.83611605219288,-81.70625000000001,96.42284126998328,99.92965533734424,29.482928348803803,1097.8510416666668,196.18087997607148,228.8472753808449,95.7906244391967,7.0
95,98_2,98,0.984,0.9877742657105416,0.5,0.5,25.75,32.24418552235426,6.25,5.629165124598851,12.25,11.166355717063649,3.25,3.418698582794336,0.0,0.0,0.25,0.4330127018922193,5.25,3.2691742076555053,6.75,5.402545696243577,0.0,0.0,10.25,6.2599920127744575,0.0,0.0,7.25,4.322904116447646,13.75,11.143944544011337,17.0,10.606601717798211,9.25,7.495832175282475,0.0,0.0,0.0,0.0,10.5,9.205976319760984,10.0,9.460443964212253,3.5,6.06217782649107,0.0,0.0,7.25,10.304731922762477,6.335416666666667,4.279624590071475,7.894137040708502,2.924966708122525,18.79583333333333,91.54145321246546,99.18668088327738,30.71573421578024,-49.491666666666674,82.32629376956874,91.5116823706328,37.009015560427535,834.8010416666667,178.7811938927401,307.4513187453752,202.1556075658206,7.0
96,98_2,98,1.725,1.6115549944075755,0.75,0.4330127018922193,5.25,5.356071321407137,1.5,2.598076211353316,19.5,11.543396380615196,5.5,5.545268253204709,0.25,0.4330127018922193,0.5,0.5,0.0,0.0,9.75,11.882234638316143,0.5,0.8660254037844386,4.75,3.491060010942235,0.0,0.0,0.75,0.82915619758885,10.0,11.726039399558577,15.5,13.162446581088185,7.25,6.179603547154137,0.0,0.0,0.0,0.0,12.0,10.319883720275149,12.25,12.497499749949988,1.0,1.7320508075688772,0.0,0.0,8.25,12.577261228105266,2.854861111111111,5.739426797623415,5.58344889581622,4.541844208425813,60.80833333333334,90.34645219161132,86.09200617699273,52.88917639144224,-91.45694444444445,60.37520037732258,62.11462750920206,52.15403210515153,869.221875,116.0975772090476,217.8298716596477,146.27841234482747,7.25
97,98_2,98,0.0,0.0,0.0,0.0,3.75,5.931905258852336,0.0,0.0,19.25,11.71270677512248,3.75,4.9180788932265,0.0,0.0,0.25,0.4330127018922193,0.5,0.8660254037844386,7.5,12.99038105676658,0.0,0.0,4.5,5.024937810560445,0.0,0.0,0.25,0.4330127018922193,9.75,11.840080236214618,19.5,8.874119674649425,4.5,3.640054944640259,0.0,0.0,0.5,0.5,9.75,8.073877630977572,13.0,11.874342087037917,1.0,1.224744871391589,0.0,0.0,7.5,12.99038105676658,1.797777777777778,9.361745865390075,4.838005129221967,2.810831240875848,73.52319444444444,79.35103117583904,72.27612674190135,44.263022245398446,-7.224027777777777,64.55596831046928,80.53643444185025,49.67670994188052,803.4893055555556,211.9870798057556,202.1654351841273,133.51893476120784,7.25
98,98_2,98,0.8665,0.5802337890885019,0.75,0.4330127018922193,0.75,0.82915619758885,0.75,0.82915619758885,14.0,13.19090595827292,3.0,5.196152422706632,0.0,0.0,0.75,1.299038105676658,5.0,4.58257569495584,12.5,11.4564392373896,0.75,0.82915619758885,8.0,8.154753215150045,0.0,0.0,6.25,6.139014578904337,12.0,7.648529270389178,21.5,7.365459931328117,8.0,7.176350047203662,0.0,0.0,0.25,0.4330127018922193,11.0,8.06225774829855,13.5,12.114041439585716,3.0,4.636809247747852,0.0,0.0,11.5,12.216791722870616,6.863611111111111,8.950875849447483,6.627089264923738,5.11847598044446,32.74305555555556,89.43759906301939,79.7611255988666,48.62514112447046,-14.212222222222222,52.97667416909557,95.90662377687934,56.37417305909388,661.9515277777778,129.59317529411993,190.88303112259223,134.0795289473035,7.25
99,98_2,98,0.0,0.0,0.0,0.0,0.5,0.8660254037844386,0.0,0.0,14.75,10.133484099755622,4.5,5.5901699437494745,1.25,2.165063509461097,0.5,0.8660254037844386,3.25,3.6996621467371855,10.5,11.6081867662439,0.25,0.4330127018922193,7.75,7.75806032459145,0.0,0.0,5.25,6.139014578904337,8.5,5.024937810560445,19.0,8.803408430829505,6.5,5.408326913195984,0.0,0.0,0.0,0.0,4.0,3.741657386773941,14.75,10.894379284750462,3.5,4.9749371855331,0.0,0.0,8.75,12.316147936753602,6.278214285714286,8.845140998794125,7.318583378964792,6.375775438953854,52.98148809523809,54.70989478691824,88.30340596435539,51.71030760447901,3.137063492063493,43.364545413866,96.05840983258274,58.87784233569448,620.6463293650794,93.85419687239816,270.71708722943566,188.13937732309847,7.25
100,98_2,98,1.05575,0.6487747586797747,0.75,0.4330127018922193,0.0,0.0,0.5,0.8660254037844386,16.75,12.93010054098575,6.25,9.705024471890836,0.0,0.0,1.5,2.598076211353316,7.5,7.632168761236874,13.5,10.920164833920778,0.0,0.0,13.25,11.818946653572814,0.0,0.0,9.25,9.256754290786809,12.25,8.842369591913696,16.5,10.805091392487157,5.25,6.378675411086537,0.0,0.0,0.0,0.0,5.75,8.317902379807062,18.75,11.299889379989525,5.5,8.411301920630361,0.0,0.0,10.25,11.882234638316143,4.83092261904762,6.95537726446088,3.604750234807132,2.2631271930427586,15.565178571428577,125.62334799788944,56.82315630943333,38.71175411463757,-40.37522817460318,68.63796679634831,78.7554630517379,54.624207067575256,736.582619047619,108.0443166857844,153.90434305520412,103.27934418570696,7.0
101,98_2,98,0.0,0.0,0.0,0.0,0.0,0.0,0.0,0.0,7.25,6.905613658466566,4.0,4.242640687119285,0.5,0.8660254037844386,1.25,1.0897247358851685,4.25,2.48746859276655,4.25,3.112474899497183,0.0,0.0,5.5,2.8722813232690143,0.0,0.0,4.75,3.2691742076555053,8.75,6.417748826496718,15.0,8.455767262643882,7.5,5.766281297335398,0.0,0.0,0.75,1.299038105676658,14.25,6.417748826496718,7.0,4.06201920231798,1.5,2.598076211353316,0.0,0.0,3.75,1.920286436967152,8.645833333333334,6.827861274464599,9.332011115992362,3.568575620176897,-4.247777777777777,36.55454180247495,115.81078527522136,10.882764415033412,-27.38208333333333,32.1754748551849,120.70525110301404,13.561390208368588,476.5998611111111,154.74851616312029,188.66323343157325,87.66962212699794,7.0
102,98_2,98,2.31475,1.839198925483592,1.0,0.7071067811865476,0.0,0.0,0.0,0.0,8.25,8.437268515343103,4.0,4.527692569068709,0.25,0.4330127018922193,2.25,2.7726341266023544,11.5,10.735455276791944,7.75,3.832427429188973,1.0,1.224744871391589,10.5,8.52936105461599,0.0,0.0,13.0,10.173494974687902,11.75,11.053845484717073,11.75,8.257572282456872,10.25,6.015604707757983,0.0,0.0,1.0,1.7320508075688772,15.0,5.0,6.75,7.189401922274203,3.5,4.092676385936225,0.0,0.0,2.0,2.9154759474226504,3.189315476190476,8.718555001060222,8.779580947334914,1.9947643423787589,-25.16391865079365,81.85008712378973,96.72919131509992,44.50359177606628,-57.33529761904762,57.029290034535,110.47438868997747,40.24867391283103,849.6954464285715,150.3669480567768,338.54912060064964,191.65258379519176,7.0
103,98_2,98,0.619,0.6201334533791899,0.5,0.5,0.0,0.0,0.0,0.0,11.0,10.862780491200215,5.25,6.53356717268599,1.5,2.598076211353316,2.5,3.774917217635375,3.0,2.549509756796392,1.5,1.5,0.0,0.0,2.75,2.384848003542364,0.0,0.0,3.25,2.5860201081971503,10.0,7.176350047203662,15.5,9.656603957913983,10.25,9.883698700385398,0.0,0.0,2.75,4.763139720814412,16.0,7.905694150420948,2.5,4.330127018922194,0.25,0.4330127018922193,0.0,0.0,0.75,0.4330127018922193,7.26,4.766219692200622,7.888767561771749,2.750248582734232,40.602807539682544,34.77671075865182,123.58767550734318,6.941945663698761,13.87423611111111,54.15200210587465,125.46139998554118,10.373004398243529,589.5705456349207,108.24021994766584,163.21524179817666,76.55331054990243,7.0
1,98_4,98,0.0,0.0,0.0,0.0,0.0,0.0,0.0,0.0,4.25,2.48746859276655,1.0,1.224744871391589,2.0,2.0,0.0,0.0,0.25,0.4330127018922193,1.5,2.598076211353316,0.25,0.4330127018922193,3.5,2.5,0.0,0.0,0.5,0.8660254037844386,3.5,3.3541019662496847,14.0,8.74642784226795,9.5,8.381527307120106,0.0,0.0,0.5,0.5,5.5,3.905124837953327,4.0,2.7386127875258306,2.5,2.5,0.0,0.0,0.75,0.4330127018922193,3.8159989316239313,4.960797976330948,4.71121049999603,3.105010938741259,45.87419871794872,43.30017977059073,73.75231488248,44.94318538151403,-28.19618055555556,27.83452255053641,75.90648209452392,44.25089616921129,534.3554620726495,393.5423536196111,156.84807155670103,136.23683996133036,0.0
2,98_4,98,2.2716666666666665,1.6852996436506145,0.6666666666666666,0.4714045207910317,0.0,0.0,0.0,0.0,1.75,1.920286436967152,1.75,1.920286436967152,0.0,0.0,0.75,1.299038105676658,0.5,0.8660254037844386,3.75,4.264680527307995,0.0,0.0,4.75,8.227241335952167,0.0,0.0,1.0,1.7320508075688772,4.5,5.545268253204709,16.0,11.937336386313325,12.0,8.154753215150045,0.0,0.0,2.25,3.897114317029974,7.0,8.74642784226795,1.0,1.7320508075688772,0.0,0.0,0.0,0.0,0.0,0.0,3.3449166666666668,2.2569244729030897,4.602294593617831,4.439181945350568,103.06311111111113,60.729062180533965,40.345407233926174,29.056044636189945,67.31090277777777,104.16415804078798,43.732484998763205,49.4260493956527,546.8090347222221,466.4507167292799,156.55522327021933,235.9393636191141,0.0
3,98_4,98,1.838,1.2998492220253854,0.6666666666666666,0.4714045207910317,0.0,0.0,0.0,0.0,1.5,1.5,0.0,0.0,0.5,0.5,0.75,1.299038105676658,0.5,0.8660254037844386,5.25,6.832825184358224,0.0,0.0,5.0,8.660254037844387,0.0,0.0,0.5,0.8660254037844386,11.0,11.357816691600547,9.25,9.256754290786809,11.75,11.255554184490428,0.0,0.0,4.5,7.794228634059948,9.75,11.840080236214618,1.25,2.165063509461097,0.0,0.0,0.0,0.0,0.0,0.0,2.810346014492753,1.974135294224468,4.112167013402768,3.272796284961592,99.47693176328502,59.19451972159185,48.87187719151759,29.98166549912741,-1.4589088164251225,89.4427236041808,73.14916900658609,56.98770437237604,608.9865166062801,561.3713258961651,36.424191429775945,24.453530798759708,0.0
4,98_4,98,1.9803333333333333,1.6374472680228684,1.0,0.816496580927726,0.0,0.0,0.0,0.0,4.25,4.264680527307995,0.0,0.0,0.75,0.82915619758885,0.5,0.8660254037844386,1.0,1.7320508075688772,4.25,5.11737237261468,0.0,0.0,6.75,7.258615570478987,0.0,0.0,3.5,2.8722813232690143,12.5,9.604686356149273,3.25,2.48746859276655,12.0,9.246621004453464,0.0,0.0,2.75,4.763139720814412,15.5,9.759610647971568,3.5,2.0615528128088303,1.0,1.0,0.0,0.0,0.0,0.0,5.730208333333334,3.337525196274013,4.36924545019772,3.34675069326518,46.35,50.63123041222241,88.8998910274868,52.86814037305148,-45.81458333333333,60.804974661423785,91.9535994270424,61.89705819203116,829.2727430555556,543.114095334104,266.5681450487582,185.8227597674816,0.0
5,98_4,98,1.3226666666666669,1.8705331384988133,0.3333333333333333,0.4714045207910317,0.0,0.0,0.0,0.0,6.5,6.020797289396148,3.0,3.0,0.0,0.0,0.0,0.0,0.0,0.0,0.75,1.299038105676658,0.0,0.0,1.5,2.598076211353316,0.0,0.0,0.25,0.4330127018922193,7.25,9.175374651751284,2.25,1.299038105676658,7.25,4.264680527307995,0.0,0.0,5.25,6.832825184358224,16.75,10.328964130056798,0.0,0.0,0.0,0.0,0.0,0.0,0.0,0.0,3.147570048309179,4.208817361152075,3.240483029035068,2.4780725925412463,20.32572765700483,66.23183322490686,87.19182668022293,55.82465300540333,-67.58515458937198,52.4763987437012,82.2504327613584,61.415352026009714,1081.6857074275365,625.2640023290104,148.09510017797103,86.46581052844549,0.0
6,98_4,98,1.7563333333333333,1.2640575760445232,0.6666666666666666,0.4714045207910317,0.0,0.0,0.0,0.0,0.75,0.82915619758885,0.0,0.0,7.0,7.035623639735144,1.25,2.165063509461097,0.0,0.0,0.0,0.0,0.0,0.0,0.0,0.0,0.0,0.0,0.0,0.0,10.5,10.5,3.75,3.766629793329841,4.0,2.549509756796392,0.0,0.0,1.5,2.598076211353316,15.25,10.304731922762477,1.5,1.5,1.5,1.5,0.0,0.0,0.25,0.4330127018922193,1.3103333333333331,6.512721103092521,5.015742967328844,3.0735048765915427,37.72733333333333,73.47488284327736,70.41470396477926,56.221554084963046,-43.308875,68.94283609280298,73.03405201774049,56.29785405255885,865.8940486111112,531.1907331273011,183.6596389520973,109.7482427176982,0.0
7,98_4,98,0.3556666666666666,0.5029886236840307,0.3333333333333333,0.4714045207910317,0.0,0.0,0.0,0.0,0.75,1.299038105676658,0.0,0.0,0.0,0.0,2.0,3.4641016151377544,0.0,0.0,0.0,0.0,0.0,0.0,0.25,0.4330127018922193,0.0,0.0,0.0,0.0,6.0,9.82344135219425,11.0,8.689073598491383,13.25,10.473180032826706,0.0,0.0,0.0,0.0,7.5,10.161200716450788,0.0,0.0,0.0,0.0,0.0,0.0,0.0,0.0,7.231597222222222,5.8249585529939365,2.728929246167391,1.5852133245659437,113.32048611111112,65.53707533904719,39.27257793821656,22.747905900930768,-120.19548611111112,69.50891794147063,34.3973628394128,24.926439400346027,642.9048611111111,539.9387195421549,52.16157636744205,35.12286943468175,0.0
8,98_4,98,1.5463333333333331,0.573569137554973,1.0,0.0,0.0,0.0,0.0,0.0,1.0,1.0,0.0,0.0,2.25,2.277608394786075,0.5,0.8660254037844386,1.75,3.031088913245535,2.5,3.2015621187164243,0.0,0.0,3.0,4.636809247747852,0.0,0.0,1.5,2.598076211353316,9.0,9.0,6.0,3.741657386773941,9.75,5.7608593109014565,0.0,0.0,0.75,1.299038105676658,12.0,9.669539802906858,1.75,1.0897247358851685,0.25,0.4330127018922193,0.0,0.0,0.0,0.0,7.288194444444445,5.866863085608678,3.850512290166133,2.4075474358252418,68.50520833333334,41.36564947369023,80.7119799985645,46.97912908030749,-13.78020833333333,69.93061289288585,94.41690751206312,59.50885821754781,641.7336805555556,527.8384546392614,99.96798662925268,67.51780521830142,0.0
9,98_4,98,0.0,0.0,0.0,0.0,0.0,0.0,0.0,0.0,1.25,1.299038105676658,0.0,0.0,0.0,0.0,0.0,0.0,0.0,0.0,0.25,0.4330127018922193,0.0,0.0,1.75,3.031088913245535,0.0,0.0,0.0,0.0,10.5,11.521718621802911,3.5,3.5,7.75,6.796138609534093,0.0,0.0,3.75,5.931905258852336,11.5,11.191514642799696,0.5,0.5,0.25,0.4330127018922193,0.25,0.4330127018922193,0.0,0.0,3.799479166666667,2.734195755809382,4.740547063999386,2.977191720589078,56.12934027777778,38.915829514968685,75.51089206366991,53.62911682185667,1.2071180555555614,86.36269125145759,82.11180962210648,49.34882977458475,516.9890625,521.4991092820368,184.55314810693045,118.91723407921714,0.0
10,98_4,98,3.5800000000000005,1.494955740704944,1.3333333333333333,0.4714045207910317,0.0,0.0,0.0,0.0,0.0,0.0,0.0,0.0,0.0,0.0,0.0,0.0,1.75,3.031088913245535,5.5,9.526279441628825,0.0,0.0,7.25,12.55736835487436,0.0,0.0,3.5,6.06217782649107,7.5,12.99038105676658,0.0,0.0,0.5,0.8660254037844386,0.0,0.0,4.75,8.227241335952167,7.5,12.99038105676658,0.0,0.0,0.0,0.0,0.0,0.0,0.0,0.0,0.93125,1.612972314548517,1.1178418101413097,1.936158809989511,38.17083333333333,66.11382270057702,13.717897499455068,23.760095442078235,-37.35625,64.70292298024488,18.710765548096457,32.4079965778124,384.303125,665.6325380074933,33.11331667979604,57.3539468965247,0.0
11,98_4,98,0.0,0.0,0.0,0.0,0.0,0.0,0.0,0.0,0.0,0.0,0.0,0.0,0.0,0.0,0.0,0.0,0.0,0.0,5.0,3.082207001484488,0.0,0.0,6.5,6.87386354243376,0.0,0.0,0.0,0.0,13.5,10.712142642814277,0.75,0.82915619758885,2.75,2.7726341266023544,0.0,0.0,6.5,11.258330249197702,15.5,10.618380290797653,0.5,0.8660254037844386,0.0,0.0,0.0,0.0,2.25,2.277608394786075,7.6833468687745,4.699745891252905,8.074234033613996,5.996239956491626,58.01969543249148,53.0867164201065,54.286773682631306,32.415766135882016,3.503017961570592,60.44142919063816,68.74012931917004,51.17249193187868,495.6912984584859,637.4468596929236,149.76436785584377,103.62974050291254,0.0
12,98_4,98,1.6876666666666669,1.0894635785049855,1.0,0.0,0.0,0.0,0.0,0.0,0.0,0.0,0.0,0.0,0.0,0.0,0.0,0.0,0.25,0.4330127018922193,5.5,7.262919523166975,0.0,0.0,9.5,11.94780314534852,0.0,0.0,0.75,0.82915619758885,19.0,11.335784048754634,1.25,1.299038105676658,1.25,1.299038105676658,0.0,0.0,7.5,12.99038105676658,20.5,11.94780314534852,0.25,0.4330127018922193,0.0,0.0,0.0,0.0,0.5,0.5,10.66247913921827,12.504291869929093,7.898892455333696,6.284078605679377,84.80886830259112,60.206389106401616,33.99792267656725,32.794002969641106,-0.2115467171717142,107.60619104719105,41.687844975765394,41.38757202202378,575.8868456302152,608.6934562553733,143.57239582348257,115.82147830416132,0.0
13,98_4,98,0.8853333333333334,1.2520504072209802,0.3333333333333333,0.4714045207910317,0.0,0.0,0.0,0.0,0.0,0.0,0.0,0.0,0.0,0.0,0.25,0.4330127018922193,1.5,1.118033988749895,14.0,8.215838362577491,0.0,0.0,11.75,11.098986440211556,0.0,0.0,1.0,1.7320508075688772,20.0,11.640446726822816,0.5,0.8660254037844386,6.0,5.049752469181039,0.0,0.0,5.5,9.526279441628825,20.25,11.71270677512248,1.25,2.165063509461097,0.5,0.8660254037844386,0.25,0.4330127018922193,3.25,3.2691742076555053,6.795240447957839,8.360546674277307,6.898173441696349,4.085819020148322,88.91145970575317,59.76477067644649,34.83206099138193,33.31238945346695,39.20430802591129,46.21065593557669,77.88317150716733,57.523527009512286,562.8386295015371,602.5997611720778,124.70665518925207,72.06787442159556,0.0
14,98_4,98,2.1053333333333337,0.8338414450934635,1.0,0.0,0.0,0.0,0.0,0.0,0.75,0.4330127018922193,0.0,0.0,0.0,0.0,0.0,0.0,0.0,0.0,8.0,4.898979485566356,0.0,0.0,9.5,7.088723439378913,0.0,0.0,1.0,1.7320508075688772,16.25,10.685855136581257,0.5,0.5,6.5,3.905124837953327,0.0,0.0,5.0,8.660254037844387,18.75,10.985786271359917,0.0,0.0,0.0,0.0,2.25,1.7853571071357126,4.5,4.5,3.837504146860765,2.579883895271849,9.841681802744604,6.096816459114892,18.14453977687913,61.777744233542215,75.97256071245826,45.25750906974849,5.889156230893764,77.46583130575941,65.27522092716319,41.16834009172037,535.3279721624046,557.1120450637897,186.534313658968,111.6302125556742,6.0
15,98_4,98,1.7533333333333332,0.0702392735978637,1.0,0.0,22.0,29.709706606876257,21.33333333333333,20.499322482029065,0.0,0.0,0.0,0.0,0.5,0.5,0.0,0.0,1.25,1.0897247358851685,2.5,3.2015621187164243,0.0,0.0,6.75,11.691342951089922,0.0,0.0,1.75,1.920286436967152,8.75,12.316147936753602,0.0,0.0,1.5,1.118033988749895,0.0,0.0,6.5,11.258330249197702,8.25,11.453711188955308,0.5,0.8660254037844386,0.0,0.0,0.0,0.0,0.5,0.5,2.4881944444444444,2.023485158705149,7.46814362239787,5.088074994235682,45.61770833333333,71.17319351748543,20.52764886108608,22.260167646708386,-33.128819444444446,53.68824448468958,30.58425942492288,20.769844628591635,407.0855902777778,665.2737625312633,99.50300771043123,65.80032854549106,5.0
16,98_4,98,1.727666666666667,1.2236378367619871,0.6666666666666666,0.4714045207910317,5.333333333333333,7.542472332656507,6.0,8.48528137423857,0.0,0.0,0.0,0.0,0.0,0.0,0.0,0.0,1.0,1.7320508075688772,8.25,6.832825184358224,0.0,0.0,8.5,11.884864324004711,0.0,0.0,2.5,4.330127018922194,13.0,10.793516572461453,0.25,0.4330127018922193,3.25,1.920286436967152,0.0,0.0,4.75,8.227241335952167,16.0,10.36822067666386,1.5,2.598076211353316,0.0,0.0,0.5,0.5,3.25,3.2691742076555053,6.631099979813214,6.45801450631732,9.372126819600089,5.649464812134625,41.04709688459688,55.60785965201094,62.4684680907973,36.2450339527568,-53.006235363220654,69.48680194420812,45.14817674475028,39.734200132172525,479.16782421350433,650.7457621356949,133.3505217148379,82.34311088603813,6.0
17,98_4,98,3.4456666666666664,2.860530525774702,1.3333333333333333,0.4714045207910317,3.0,4.242640687119285,3.0,4.242640687119285,0.5,0.8660254037844386,0.0,0.0,0.0,0.0,0.25,0.4330127018922193,0.75,0.82915619758885,2.5,2.692582403567252,0.0,0.0,2.0,3.4641016151377544,0.0,0.0,0.25,0.4330127018922193,7.5,7.533259586659682,4.5,3.570714214271425,5.25,3.112474899497183,0.0,0.0,2.25,3.897114317029974,18.0,11.04536101718726,0.0,0.0,0.0,0.0,0.0,0.0,0.25,0.4330127018922193,10.3883648989899,6.009870255771306,7.736104929244867,5.419761192645566,19.884800084175083,33.03618736652489,72.73466254483803,45.58663594488159,-34.49677398989899,71.08770766220607,47.125934623549625,32.575451676420954,444.3213446969697,548.865292750347,223.46932147689648,130.24260941767062,5.333333333333333
18,98_4,98,1.586,0.6988523926171153,1.3333333333333333,0.4714045207910317,4.666666666666667,6.599663291074443,0.0,0.0,0.5,0.8660254037844386,0.25,0.4330127018922193,2.5,2.5,0.0,0.0,0.5,0.8660254037844386,6.0,6.0,0.0,0.0,5.5,7.826237921249264,0.0,0.0,1.0,1.7320508075688772,14.5,9.340770846134705,1.5,1.6583123951777,4.0,2.449489742783178,0.0,0.0,4.0,5.244044240850758,17.5,10.523782589924592,0.25,0.4330127018922193,0.25,0.4330127018922193,0.0,0.0,0.5,0.5,9.88140347805789,6.069837211772468,9.730361601049886,6.042114024834109,23.36940130539395,59.78583103021326,58.52469409972694,35.04724429405933,-1.6643546649428993,7.241495041486251,74.21996273587092,52.98250614250291,452.5626020792933,530.6446937083879,213.4924443015002,127.45034533381038,5.333333333333333
19,98_4,98,1.2583333333333335,1.104038747307157,0.6666666666666666,0.4714045207910317,0.3333333333333333,0.4714045207910317,0.3333333333333333,0.4714045207910317,2.25,2.277608394786075,0.25,0.4330127018922193,0.0,0.0,0.0,0.0,0.0,0.0,3.75,4.264680527307995,0.0,0.0,7.5,12.41974234837422,0.0,0.0,0.25,0.4330127018922193,11.0,11.357816691600547,0.0,0.0,1.25,0.82915619758885,0.0,0.0,10.75,9.959292143521044,21.0,12.206555615733702,0.0,0.0,0.0,0.0,0.0,0.0,0.0,0.0,4.594444444444445,2.8864225583211454,6.437872475011259,4.268514248606198,99.68472222222222,57.750308390630806,51.042985004035536,31.81239157144724,-40.699305555555554,27.52341219833311,98.86960557440192,58.95489367833615,1135.3168402777778,658.0828711214117,208.6744595991697,164.3477776003206,13.333333333333334
20,98_4,98,1.6706666666666663,0.3246386024831647,1.0,0.0,4.0,5.656854249492381,0.0,0.0,0.75,0.82915619758885,0.0,0.0,0.0,0.0,0.0,0.0,0.0,0.0,3.0,5.196152422706632,0.0,0.0,6.5,11.258330249197702,0.0,0.0,1.75,3.031088913245535,10.25,11.627015954233483,0.0,0.0,0.25,0.4330127018922193,0.0,0.0,20.0,11.554220008291344,22.25,12.852528934026951,2.5,3.774917217635375,0.0,0.0,0.0,0.0,0.0,0.0,0.0020833333333333,0.9457759710946352,1.8345005082872647,2.273916411844712,123.30104166666668,71.19151025036224,12.56859278972969,7.932968916486205,53.40659722222222,124.7828590047662,22.45299011780472,38.03416017464154,1193.1350694444443,690.0874867441765,121.8382234458148,103.76449284970408,13.333333333333334
21,98_4,98,6.208333333333333,2.0745284336981795,1.3333333333333333,0.4714045207910317,0.0,0.0,0.0,0.0,4.25,4.264680527307995,0.25,0.4330127018922193,0.0,0.0,0.25,0.4330127018922193,0.75,1.299038105676658,5.5,9.526279441628825,0.0,0.0,5.75,9.959292143521044,0.0,0.0,2.5,4.330127018922194,11.75,9.730750228014282,1.5,1.5,1.25,0.82915619758885,0.0,0.0,7.75,5.3091901453988255,20.0,11.575836902790224,0.5,0.8660254037844386,0.0,0.0,0.25,0.4330127018922193,0.0,0.0,2.630208333333333,1.7467961123113689,5.293920620781071,3.198284986786244,99.74548611111112,58.62065304910341,61.31674649770064,40.155775502523845,41.25798611111111,112.36021209971604,68.29800106830635,43.19603378659085,1177.276388888889,694.0118665744704,168.88246246044554,103.372649329835,13.333333333333334
22,98_4,98,0.8106666666666668,0.5734842824543863,0.6666666666666666,0.4714045207910317,0.0,0.0,0.0,0.0,0.0,0.0,0.0,0.0,0.0,0.0,0.25,0.4330127018922193,0.0,0.0,5.25,6.832825184358224,0.0,0.0,5.25,7.949056547792323,0.0,0.0,0.0,0.0,16.0,10.677078252031311,0.75,0.82915619758885,7.25,7.258615570478987,0.0,0.0,6.0,8.154753215150045,19.0,11.335784048754634,1.5,0.8660254037844386,0.0,0.0,0.0,0.0,0.0,0.0,4.612244504993805,4.649854588829172,4.446485958597666,3.8245542318515686,63.253209474455865,63.42669436599597,63.92890616102397,62.372499611466246,19.51418357420001,15.862936015840958,116.0347266011217,67.0484995061395,862.7967136891165,587.6966934819172,222.78966709836985,181.64719706716835,5.0
23,98_4,98,1.1376666666666666,1.608903629459791,0.3333333333333333,0.4714045207910317,0.0,0.0,0.0,0.0,9.75,9.756408150543928,0.0,0.0,0.5,0.8660254037844386,0.25,0.4330127018922193,0.0,0.0,2.25,2.277608394786075,0.0,0.0,3.75,4.264680527307995,0.0,0.0,0.0,0.0,9.5,11.94780314534852,5.0,5.049752469181039,0.5,0.5,0.0,0.0,6.0,6.0,13.5,9.5524865872714,3.25,2.0463381929681126,0.0,0.0,0.75,0.82915619758885,0.0,0.0,3.835930555555556,2.234223103358012,4.075096261852443,2.659850059707108,36.67998611111111,56.284238382736014,93.70081577381724,57.3387611615213,29.24770833333333,49.814872749061685,109.1072894755199,63.74266452464105,1376.9251666666669,820.8056548424017,289.141688829822,167.0484690204905,13.333333333333334
24,98_4,98,2.517,0.4867696238126066,1.0,0.0,7.0,9.899494936611664,1.6666666666666667,2.357022603955158,3.0,3.0,0.0,0.0,1.0,1.0,0.0,0.0,0.0,0.0,4.25,6.219927652312364,0.0,0.0,6.75,10.54454835448157,0.0,0.0,0.5,0.8660254037844386,8.25,11.453711188955308,1.25,1.299038105676658,4.75,4.264680527307995,0.0,0.0,8.0,7.905694150420948,14.0,8.972179222463181,4.25,3.631459761583488,0.5,0.5,0.0,0.0,0.5,0.8660254037844386,3.694791666666666,2.2083281741291936,3.980983160073024,2.4317550271533044,103.653125,60.14574409523169,56.04720821458737,35.505493734358886,45.87291666666668,94.87341335501714,67.64263018797415,44.87407152658805,1229.6208333333334,714.6227704435805,365.9274668396856,211.5637696509012,13.666666666666666
25,98_4,98,0.2703333333333333,0.3823090663615267,0.3333333333333333,0.4714045207910317,0.0,0.0,0.0,0.0,1.5,1.5,0.0,0.0,2.25,2.277608394786075,0.0,0.0,0.0,0.0,2.0,3.4641016151377544,0.0,0.0,6.5,11.258330249197702,0.0,0.0,0.0,0.0,8.5,12.439855304624729,2.25,2.277608394786075,7.0,6.519202405202649,0.0,0.0,7.25,11.409973707244026,21.0,12.18605760695394,0.0,0.0,0.0,0.0,0.0,0.0,0.0,0.0,5.602083333333334,3.5555628119500606,3.833684843489618,2.2815259193789545,93.75625,58.97118569426513,65.56505987719576,51.51023957368693,-61.08680555555556,62.625620157072056,85.3838318070076,68.95949790990788,1145.5385416666668,666.537306794407,142.46495315677836,98.5613225034171,13.333333333333334
26,98_4,98,1.1056666666666668,0.9100711815872184,0.6666666666666666,0.4714045207910317,0.0,0.0,0.0,0.0,5.0,5.0,1.75,1.7853571071357126,0.0,0.0,1.0,1.7320508075688772,0.0,0.0,0.5,0.5,0.0,0.0,4.0,5.787918451395113,0.0,0.0,0.0,0.0,8.0,8.336666000266533,4.25,4.264680527307995,4.0,4.0,0.0,0.0,5.5,7.826237921249264,15.75,10.638961415476606,1.0,1.0,0.0,0.0,0.0,0.0,0.0,0.0,3.895486111111111,4.966184005781743,4.739355912441302,2.8736663303095216,20.451944444444447,59.730385783783696,73.78847518302528,47.35109056092714,-78.1975,53.792267857471856,68.02303565664343,50.638667269516446,656.9292708333332,410.413735121761,366.415647924331,224.76655512732663,13.333333333333334
27,98_4,98,1.1166666666666667,0.8628187655714391,0.6666666666666666,0.4714045207910317,6.333333333333333,8.956685895029603,1.3333333333333333,1.8856180831641267,0.75,1.299038105676658,0.25,0.4330127018922193,2.25,2.277608394786075,0.0,0.0,0.0,0.0,1.0,1.224744871391589,0.0,0.0,1.75,3.031088913245535,0.0,0.0,0.0,0.0,12.75,7.790218225441442,3.0,2.1213203435596424,1.5,2.598076211353316,0.0,0.0,2.25,3.897114317029974,16.75,10.80219885023415,1.25,1.299038105676658,0.0,0.0,0.0,0.0,1.0,1.0,5.755902777777778,4.166959755316885,6.853157690985673,4.088927080095945,8.511458333333334,38.42228982876689,92.36631770729602,53.76796960507063,-38.459375,24.081747420209435,84.32333097650186,48.952358627935055,563.3729166666667,439.9513924234273,215.47827152190052,124.44428790023508,13.666666666666666
28,98_4,98,1.2620000000000002,0.9502571581770204,0.6666666666666666,0.4714045207910317,3.333333333333333,4.714045207910316,0.0,0.0,0.25,0.4330127018922193,0.0,0.0,1.0,1.0,0.0,0.0,1.25,2.165063509461097,5.25,9.093266739736606,0.0,0.0,6.75,11.691342951089922,0.0,0.0,3.5,6.06217782649107,11.25,9.36416040016402,3.0,1.8708286933869709,3.75,2.8613807855648994,0.0,0.0,2.75,4.763139720814412,16.25,9.496709956611287,2.25,3.897114317029974,0.0,0.0,0.0,0.0,0.0,0.0,1.0000965909090909,2.830908612895565,6.85300701390004,3.999773247814549,-7.78016982323232,86.97622954657616,75.5249997962523,45.686358175675416,-70.32151767676768,41.43080461126949,84.59827382848394,49.04689467080538,655.107807449495,562.3326326501673,137.2219631316272,95.17392769040896,14.0
29,98_4,98,1.1123333333333332,0.8011434883270843,0.6666666666666666,0.4714045207910317,0.0,0.0,0.0,0.0,0.0,0.0,0.0,0.0,3.25,3.2691742076555053,0.0,0.0,2.75,2.277608394786075,6.25,10.256095748383007,0.0,0.0,7.5,12.99038105676658,0.0,0.0,3.25,1.920286436967152,18.5,11.169153951844338,0.0,0.0,0.25,0.4330127018922193,0.0,0.0,7.5,12.41974234837422,18.5,11.169153951844338,0.5,0.8660254037844386,0.0,0.0,0.0,0.0,2.5,2.5,4.037847222222222,5.110108538350908,9.821501331920926,5.69871609713524,18.127777777777773,90.11186945238516,49.84464933799618,48.93809763722527,-33.12083333333333,65.15840540666176,75.92029319232958,50.93316877171252,666.6920138888888,565.7600157077429,142.32860212367822,119.85768578480992,11.333333333333334
30,98_4,98,1.2013333333333334,1.2350452983145552,0.6666666666666666,0.4714045207910317,1.0,1.4142135623730951,0.6666666666666666,0.9428090415820634,0.0,0.0,0.0,0.0,0.0,0.0,0.25,0.4330127018922193,0.5,0.8660254037844386,2.25,3.897114317029974,0.0,0.0,4.75,8.227241335952167,0.0,0.0,1.25,2.165063509461097,17.25,10.034316120194738,0.25,0.4330127018922193,0.25,0.4330127018922193,0.0,0.0,4.0,6.928203230275509,21.0,12.206555615733702,1.0,1.7320508075688772,0.0,0.0,0.0,0.0,1.75,1.7853571071357126,5.337648101697015,3.674263844597277,7.2849559457621265,4.477794819858061,28.53822628559041,31.47812901757511,82.84703586995289,50.43644459208174,-7.774763685388685,101.61169089113709,39.57093304171283,39.94408276522587,470.97359856930507,594.0359191623759,129.11541385679868,75.05526597761293,13.666666666666666
31,98_4,98,0.8676666666666666,0.6137840735054054,0.6666666666666666,0.4714045207910317,5.666666666666667,8.013876853447538,0.3333333333333333,0.4714045207910317,0.0,0.0,0.0,0.0,0.5,0.5,0.0,0.0,0.0,0.0,3.0,5.196152422706632,0.0,0.0,7.0,12.12435565298214,0.0,0.0,0.0,0.0,15.0,10.606601717798211,0.0,0.0,0.25,0.4330127018922193,0.0,0.0,6.5,11.258330249197702,20.75,12.007809958522827,0.25,0.4330127018922193,0.0,0.0,0.0,0.0,0.0,0.0,8.118939393939394,6.553405506375814,8.313183087463536,6.030288911252314,50.752490449365446,66.7855033920756,48.37028719101768,48.1812145124568,-3.69250080937581,31.45104737572251,86.67626117232817,55.10388314198936,500.2609414659415,612.8741877994332,172.24506270317647,107.86533549270628,12.666666666666666
32,98_4,98,1.639,1.1801121415639562,0.6666666666666666,0.4714045207910317,0.0,0.0,0.0,0.0,1.75,1.299038105676658,0.0,0.0,0.0,0.0,0.0,0.0,1.0,1.7320508075688772,5.75,9.959292143521044,0.0,0.0,6.5,11.258330249197702,0.0,0.0,2.75,4.763139720814412,16.0,10.653637876331258,1.25,0.82915619758885,0.75,0.82915619758885,0.0,0.0,5.25,9.093266739736606,16.5,10.21028892833107,1.25,1.0897247358851685,0.0,0.0,0.0,0.0,0.0,0.0,8.65669191919192,5.05095320139217,8.707248144379792,5.051961463883512,-8.497916666666669,74.59937033707122,86.57863829976634,50.1638612183528,-75.61748737373739,47.11843028985873,74.77737394593598,43.87417963248852,722.3569128787879,549.7128283960459,288.6721952045026,195.95904577374583,12.333333333333334
33,98_4,98,1.271,0.3484862503265611,1.0,0.0,0.0,0.0,0.0,0.0,0.5,0.5,0.0,0.0,0.0,0.0,0.0,0.0,2.75,4.763139720814412,4.75,8.227241335952167,0.0,0.0,7.5,11.280514172678478,0.0,0.0,4.0,6.928203230275509,14.0,10.653637876331258,2.0,2.0,0.25,0.4330127018922193,0.0,0.0,2.25,2.7726341266023544,15.5,10.012492197250394,1.25,2.165063509461097,0.0,0.0,0.25,0.4330127018922193,0.75,0.82915619758885,7.027083333333334,5.172588592093474,8.060789880352962,5.391706686712474,-26.91527777777777,37.61992329168445,94.90681768858433,56.240929819266825,-31.878125,23.64387388632477,86.26575157941313,50.19803155015881,675.2796874999999,568.2059966678029,154.26411502016003,92.67224740805456,13.333333333333334
34,98_4,98,0.3803333333333333,0.5378725582225671,0.3333333333333333,0.4714045207910317,0.0,0.0,0.0,0.0,2.5,2.5,0.0,0.0,3.25,3.2691742076555053,1.0,1.0,0.0,0.0,4.75,4.9180788932265,0.0,0.0,8.75,11.211043662389333,0.0,0.0,0.0,0.0,17.5,10.897247358851684,0.0,0.0,0.0,0.0,0.0,0.0,7.5,8.558621384311845,19.0,11.090536506409418,1.5,2.598076211353316,0.0,0.0,0.0,0.0,0.5,0.5,6.629861111111112,6.306168097695215,9.538339096998172,6.327095679678941,9.035763888888887,86.99847413993251,74.64903582156234,53.78342662886718,-18.70555555555556,35.65743731184489,104.54095410198585,60.70509806333061,735.8546875,564.8676436478049,197.5576648774624,154.43954836726866,13.333333333333334
35,98_4,98,3.0863333333333336,2.282993551360922,2.0,0.816496580927726,0.0,0.0,0.0,0.0,0.0,0.0,0.0,0.0,3.0,3.0,0.0,0.0,0.0,0.0,1.0,0.7071067811865476,0.5,0.5,7.25,12.55736835487436,0.0,0.0,0.0,0.0,20.25,11.840080236214618,1.0,1.0,0.5,0.5,0.0,0.0,6.75,9.41740410091868,21.5,12.439855304624729,0.0,0.0,0.0,0.0,0.0,0.0,0.0,0.0,1.6454861111111112,5.19345684452553,7.037515642109688,4.953503934570799,90.34097222222222,54.61242514861821,65.38160229422286,44.8266613000272,105.69861111111112,62.23735587599448,52.87051337644098,32.46404082187576,631.0097222222223,518.6802563418679,38.09671516604035,23.57591721137792,13.333333333333334
36,98_4,98,3.2390000000000003,2.159616632645711,1.0,0.0,0.0,0.0,0.0,0.0,0.0,0.0,0.0,0.0,0.0,0.0,0.0,0.0,1.25,1.299038105676658,2.5,3.774917217635375,0.0,0.0,7.25,11.409973707244026,0.0,0.0,0.5,0.5,20.5,11.94780314534852,0.25,0.4330127018922193,1.5,1.5,0.0,0.0,6.75,11.691342951089922,20.0,11.726039399558577,1.25,0.82915619758885,0.25,0.4330127018922193,0.0,0.0,0.25,0.4330127018922193,3.875422705314009,2.522057091589605,8.123823388534891,5.885638245943218,59.77432065217392,34.78958706613757,90.74471225694168,52.45729204433494,59.73028381642513,37.665641094264906,86.46377321838231,55.23560235278922,624.7327068236716,490.3116612175498,88.91883398133412,52.53064910600412,13.333333333333334
37,98_4,98,2.566666666666667,0.8759304893781369,1.0,0.0,0.0,0.0,0.0,0.0,0.25,0.4330127018922193,0.0,0.0,0.0,0.0,0.5,0.5,0.25,0.4330127018922193,0.25,0.4330127018922193,0.0,0.0,3.5,6.06217782649107,0.0,0.0,0.25,0.4330127018922193,15.5,10.307764064044152,0.5,0.8660254037844386,0.75,0.82915619758885,0.0,0.0,5.75,9.959292143521044,20.0,11.640446726822816,0.5,0.8660254037844386,0.0,0.0,0.0,0.0,0.25,0.4330127018922193,-0.5965633233725338,1.6328366134795071,7.467482892266371,4.857852201344024,12.163993024519344,77.11362372290387,73.61201831164715,46.911943625459415,-21.50828026140526,29.93942054174351,100.5910273872484,60.056951308327655,624.9352236214079,480.3889316934922,189.65405638270647,132.99616472446968,13.333333333333334
38,98_4,98,0.0,0.0,0.0,0.0,0.6666666666666666,0.9428090415820634,0.6666666666666666,0.9428090415820634,1.25,0.82915619758885,0.0,0.0,1.0,1.0,0.0,0.0,1.75,1.7853571071357126,0.25,0.4330127018922193,0.0,0.0,0.5,0.8660254037844386,0.0,0.0,2.0,2.1213203435596424,13.25,10.328964130056798,0.75,0.82915619758885,3.0,1.8708286933869709,0.0,0.0,3.25,4.493050188902857,14.5,8.874119674649425,1.0,1.0,0.0,0.0,0.0,0.0,0.0,0.0,-0.7578307109557111,1.7834763495353614,8.584185773324853,5.21372158042463,24.547017565767565,63.36030786810244,92.41141892463664,58.82614136162605,-2.8462343212343217,11.104087497439346,113.78800078518978,65.8672349044602,713.2769050047175,431.1162508235908,294.19229537170133,226.03979842812083,13.333333333333334
39,98_4,98,4.817666666666667,1.3790234064567413,1.6666666666666667,0.4714045207910317,0.0,0.0,0.0,0.0,3.75,2.277608394786075,1.0,1.7320508075688772,0.25,0.4330127018922193,0.0,0.0,1.25,0.82915619758885,0.5,0.5,0.0,0.0,0.75,1.299038105676658,0.0,0.0,1.25,0.82915619758885,8.75,11.755317945508748,4.0,6.363961030678928,7.25,7.660776723022281,0.0,0.0,1.25,2.165063509461097,12.25,10.520812706250409,0.25,0.4330127018922193,0.0,0.0,0.0,0.0,0.0,0.0,2.6776710035133946,1.6682981179520593,5.698222627804582,3.3036855585396148,-31.18677508783488,34.6495805153272,78.77926428331088,48.51769901100732,-56.39144460913482,32.584209282534,69.95764076115694,40.4124527652472,408.1475112538428,312.65954678592266,144.2725671971114,93.78923740018683,11.333333333333334
40,98_4,98,1.255,1.7748380207782342,0.3333333333333333,0.4714045207910317,0.0,0.0,0.0,0.0,1.5,1.5,0.0,0.0,0.25,0.4330127018922193,0.25,0.4330127018922193,0.0,0.0,0.0,0.0,0.0,0.0,0.25,0.4330127018922193,0.0,0.0,0.0,0.0,7.75,12.852528934026951,3.0,3.082207001484488,12.5,10.618380290797653,0.0,0.0,0.5,0.5,8.5,12.459935794377111,0.0,0.0,0.0,0.0,0.0,0.0,0.0,0.0,6.372916666666666,6.20339673698119,3.634404959324661,2.3475560851911057,91.15104166666669,52.87517421620564,68.43492484762675,41.95202755965297,12.52534722222222,71.5295865627218,83.8854795922092,48.591907500746814,587.622048611111,339.6361177088611,209.4929926484804,146.64071499987807,11.333333333333334
41,98_4,98,1.2673333333333334,0.4265374804424837,1.0,0.0,0.0,0.0,0.0,0.0,8.5,8.5,5.0,5.0,0.0,0.0,0.5,0.5,0.0,0.0,0.0,0.0,0.0,0.0,0.0,0.0,0.0,0.0,0.0,0.0,6.0,10.392304845413264,2.25,1.479019945774904,6.0,9.246621004453464,0.0,0.0,0.0,0.0,16.25,10.685855136581257,0.0,0.0,0.0,0.0,0.0,0.0,0.0,0.0,6.145863526570048,4.05944208617934,3.2604114490136467,2.19959752353483,66.71065821256039,40.06494263986059,77.41583404138294,45.0506051464545,15.512572463768125,67.882927690587,85.07891449555052,49.424004835368734,594.0788360507247,344.2540709106686,234.6956722085089,190.8743419065874,11.333333333333334
42,98_4,98,0.4793333333333333,0.6778797008975035,0.3333333333333333,0.4714045207910317,0.0,0.0,0.0,0.0,3.75,3.766629793329841,0.0,0.0,0.25,0.4330127018922193,0.0,0.0,0.5,0.8660254037844386,1.0,1.7320508075688772,0.0,0.0,1.75,3.031088913245535,0.0,0.0,0.5,0.8660254037844386,7.5,12.99038105676658,1.75,1.0897247358851685,13.0,9.192388155425116,0.0,0.0,4.25,7.361215932167728,8.75,12.316147936753602,1.0,1.0,0.25,0.4330127018922193,0.0,0.0,0.0,0.0,8.794097222222222,5.241490050957114,2.7782054002525274,1.652483985604862,38.08888888888889,47.5993312034793,96.48404146508584,61.684102648654665,-49.307638888888896,107.05123411705162,55.47190557180146,40.62281282463845,681.0534722222221,406.26985282509634,111.23789921807366,73.62607572184857,11.333333333333334
43,98_4,98,2.3116666666666665,1.2872547878679217,1.3333333333333333,0.4714045207910317,0.0,0.0,0.0,0.0,1.5,1.5,0.0,0.0,0.25,0.4330127018922193,0.0,0.0,0.0,0.0,0.0,0.0,0.0,0.0,1.25,2.165063509461097,0.0,0.0,0.0,0.0,10.0,11.726039399558577,0.0,0.0,6.0,6.519202405202649,0.0,0.0,5.0,8.660254037844387,20.5,11.94780314534852,0.5,0.5,0.0,0.0,0.0,0.0,0.0,0.0,4.71875,2.900457189775816,1.786026882844783,1.182437204368277,-22.49201388888889,124.51027979515284,35.53132029379519,34.81598289364043,20.06666666666667,71.44573795701338,94.37306931124326,64.02995879481742,620.576736111111,374.7844351261958,65.6319543220466,49.00365296259252,10.333333333333334
44,98_4,98,1.703,0.2291389680230464,1.0,0.0,0.0,0.0,0.0,0.0,2.75,2.7726341266023544,0.0,0.0,1.5,1.5,0.0,0.0,0.25,0.4330127018922193,0.0,0.0,0.0,0.0,0.25,0.4330127018922193,0.0,0.0,0.0,0.0,13.25,10.353139620424328,6.75,6.759252917297888,8.5,12.439855304624729,0.0,0.0,0.75,1.299038105676658,20.5,11.884864324004711,0.0,0.0,0.0,0.0,0.0,0.0,0.0,0.0,3.185763888888889,3.0457991927901165,4.249063873249858,2.472800238538437,-5.195833333333336,78.06722274656062,67.88342409342545,43.26330985812256,-48.75763888888889,54.441835799714326,70.9713824837412,44.76096740714008,511.32812500000006,304.7334817920903,81.57169149573753,47.759164470400826,10.333333333333334
45,98_4,98,1.049,1.4835100269293766,0.3333333333333333,0.4714045207910317,12.666666666666666,17.913371790059205,1.0,1.4142135623730951,0.0,0.0,0.0,0.0,0.0,0.0,0.0,0.0,0.0,0.0,0.0,0.0,0.0,0.0,0.0,0.0,0.0,0.0,0.0,0.0,13.25,9.54921462739214,1.25,2.165063509461097,6.0,10.392304845413264,0.0,0.0,1.25,2.165063509461097,19.0,11.335784048754634,0.0,0.0,0.0,0.0,0.0,0.0,0.0,0.0,7.348958333333334,4.630263872932742,6.933932604664487,4.720898142360714,29.69756944444444,65.26934366595019,71.84559023940953,47.05980234319568,7.128819444444446,48.78584084695166,75.38407070141264,44.12311263508786,478.2217013888889,284.8623196227611,196.7058031906416,131.57517337833875,10.666666666666666
46,98_4,98,1.3259999999999998,0.4690266516947624,1.0,0.0,14.0,19.79898987322333,3.333333333333333,4.714045207910316,0.0,0.0,0.0,0.0,0.75,0.82915619758885,0.0,0.0,0.0,0.0,1.25,1.0897247358851685,0.0,0.0,1.5,1.5,0.0,0.0,0.0,0.0,12.75,10.848386976873568,1.0,1.224744871391589,5.25,6.869315832017043,0.0,0.0,7.25,8.642193008721803,16.0,10.653637876331258,1.25,1.299038105676658,0.0,0.0,0.0,0.0,0.0,0.0,5.970611111111111,3.6101708062084814,4.9991366872682965,3.554776769210937,64.0465,52.10086154997823,78.37428912638134,53.48493841450042,10.148416666666666,57.47505290238491,101.58046768739617,58.86390618513887,706.2120277777778,428.7209932082303,87.83789111257367,52.91227711506435,11.666666666666666
47,98_4,98,0.0,0.0,0.0,0.0,0.3333333333333333,0.4714045207910317,0.0,0.0,0.25,0.4330127018922193,0.0,0.0,9.5,9.5,0.0,0.0,0.25,0.4330127018922193,4.25,5.11737237261468,0.0,0.0,4.0,6.928203230275509,0.0,0.0,1.75,3.031088913245535,18.75,10.894379284750462,0.25,0.4330127018922193,1.25,1.0897247358851685,0.0,0.0,4.0,6.928203230275509,20.25,11.71270677512248,2.75,2.5860201081971503,0.0,0.0,0.0,0.0,0.75,1.299038105676658,2.5864583333333333,3.756995067306303,8.789951330727916,5.188806795616003,89.36215277777777,52.90566353028078,57.88375373720614,34.06141447686373,51.85937500000001,92.03958106391984,52.052367091340415,45.94135240879387,669.1034722222222,453.9569562995406,205.4482753008739,209.02500330654385,13.666666666666666
48,98_4,98,2.557,1.5191947428380164,1.0,0.0,4.666666666666667,6.599663291074443,1.3333333333333333,1.8856180831641267,0.0,0.0,0.0,0.0,0.0,0.0,0.0,0.0,2.0,3.4641016151377544,7.5,12.99038105676658,0.5,0.8660254037844386,7.5,12.99038105676658,0.0,0.0,7.75,12.275483697190918,18.5,11.169153951844338,0.25,0.4330127018922193,0.5,0.5,0.0,0.0,5.0,8.660254037844387,17.0,9.9498743710662,5.75,8.842369591913696,0.75,1.299038105676658,0.0,0.0,0.75,0.82915619758885,5.694097222222222,3.376230110617161,7.239989370255123,5.025325177081958,10.528819444444444,93.82001809890724,52.38214892486558,50.68172663871937,-23.86145833333333,60.31951451545518,88.81679045946629,51.89173028532312,730.7585069444444,832.8060248741248,192.7784179339509,111.32399392914051,12.666666666666666
49,98_4,98,2.598666666666667,0.1527881612633068,1.6666666666666667,0.4714045207910317,8.0,11.31370849898476,1.0,1.4142135623730951,0.0,0.0,0.0,0.0,0.25,0.4330127018922193,0.0,0.0,0.75,1.299038105676658,7.25,12.55736835487436,0.0,0.0,7.5,12.99038105676658,0.0,0.0,5.5,8.958236433584458,18.5,11.169153951844338,0.75,0.82915619758885,0.0,0.0,0.0,0.0,7.0,9.300537618869138,22.25,12.852528934026951,5.25,9.093266739736606,0.0,0.0,0.0,0.0,0.0,0.0,6.584722222222222,6.882581257676406,7.95526730355376,5.46764623811575,70.02222222222221,62.21950437392631,50.367308451897294,48.6176709593544,-25.94131944444445,87.64305954140553,48.63839788621559,47.66195499247723,643.270486111111,708.4930098723469,160.6512413971777,119.76047787789862,12.666666666666666
50,98_4,98,2.659333333333333,1.1933486032542582,1.3333333333333333,0.4714045207910317,12.333333333333334,17.441967269268172,3.6666666666666665,5.185449728701348,0.5,0.5,0.0,0.0,1.0,1.0,0.0,0.0,0.0,0.0,7.5,11.863810517704673,0.0,0.0,7.5,12.99038105676658,0.0,0.0,3.25,5.629165124598851,11.75,11.098986440211556,2.75,2.7726341266023544,3.0,1.8708286933869709,0.0,0.0,7.75,12.275483697190918,18.75,10.894379284750462,5.0,8.093207028119323,0.0,0.0,0.0,0.0,0.0,0.0,6.095511801847615,4.191467057702743,5.345105816182084,3.128161391036704,82.66003173901487,56.4378904389941,41.67038436942951,27.88138425302264,4.356330130057245,110.17013672859592,45.45062552562982,43.83450344657583,641.4201336279461,739.4983801157852,153.67012444504195,126.60844958242608,11.666666666666666
51,98_4,98,0.7793333333333333,1.1021437696094325,0.3333333333333333,0.4714045207910317,6.666666666666667,9.428090415820632,2.6666666666666665,3.771236166328253,1.25,1.299038105676658,0.0,0.0,0.0,0.0,0.0,0.0,0.5,0.8660254037844386,5.5,9.526279441628825,0.0,0.0,7.5,12.99038105676658,0.0,0.0,1.0,1.7320508075688772,9.0,12.18605760695394,2.0,1.224744871391589,5.0,2.9154759474226504,0.0,0.0,6.5,6.837397165588672,10.25,10.59186008215743,8.0,6.041522986797286,2.75,2.7726341266023544,0.0,0.0,0.0,0.0,6.162847222222222,6.0550018362251405,4.9958297668342,2.904691263036444,103.45659722222224,60.888731128893546,48.4899299163902,36.66349036171707,42.33888888888888,61.620080751747246,92.08515202583682,57.1172073573399,1009.2050347222224,612.310902727922,264.1632518588858,181.1279975785924,11.666666666666666
52,98_4,98,2.736666666666667,0.360090112178728,1.0,0.0,5.0,7.071067811865476,3.0,4.242640687119285,4.75,4.763139720814412,0.5,0.5,0.0,0.0,0.0,0.0,0.75,1.299038105676658,4.25,7.361215932167728,0.0,0.0,5.5,9.526279441628825,0.0,0.0,1.5,2.598076211353316,8.0,12.708265027138834,0.0,0.0,2.5,2.5,0.0,0.0,6.5,10.688779163215974,11.75,11.098986440211556,3.25,3.2691742076555053,0.0,0.0,0.0,0.0,0.0,0.0,4.778787878787878,9.325500405705014,4.404541042815071,2.5500483006732133,40.79267676767677,75.04258694036557,74.42484829006128,73.04227113600122,-21.836616161616163,15.005441904525057,112.74932110723624,65.6306663837283,931.9319602272726,546.9979167396427,239.4254173583573,171.0629655562645,10.666666666666666
53,98_4,98,6.102333333333334,0.5397044458672622,2.0,0.0,1.3333333333333333,1.8856180831641267,0.0,0.0,10.75,10.755812382149475,3.75,3.766629793329841,0.0,0.0,0.0,0.0,0.0,0.0,0.75,1.299038105676658,0.0,0.0,2.5,4.330127018922194,0.0,0.0,0.0,0.0,8.5,12.439855304624729,0.5,0.5,7.5,7.5,0.0,0.0,8.25,12.577261228105266,12.0,11.04536101718726,0.0,0.0,0.0,0.0,0.0,0.0,0.0,0.0,1.9256944444444444,9.20255797080456,1.950119204357545,1.3557198998394129,57.14791666666667,67.14768300146534,64.83982396609167,63.8760698344121,25.88368055555557,130.99365869102152,38.12806985551059,37.87868376627785,781.7211805555555,475.39864716899126,53.94642216521335,35.54579978439853,10.666666666666666
54,98_4,98,2.9160000000000004,4.123846747879946,0.3333333333333333,0.4714045207910317,0.0,0.0,5.0,7.071067811865476,4.5,4.55521678957215,0.5,0.5,0.0,0.0,0.75,0.82915619758885,0.0,0.0,7.75,10.059199769365357,0.0,0.0,7.0,12.12435565298214,0.0,0.0,1.75,3.031088913245535,8.25,12.577261228105266,7.75,7.822243923581007,9.75,9.756408150543928,0.0,0.0,6.25,10.825317547305485,12.0,7.842193570679061,6.25,9.12071817347735,0.5,0.8660254037844386,0.0,0.0,0.0,0.0,6.787271825396825,4.610658506747928,3.4207141364274785,2.189026474864369,108.96617063492064,64.68640410014655,33.59151299957086,32.13362700498349,31.540595238095246,57.90202000026031,96.67374190027792,57.76617612905572,880.9354265873017,613.6796485936018,248.1553762005556,147.12622800413223,13.666666666666666
55,98_4,98,1.4513333333333334,1.0381523116682938,0.6666666666666666,0.4714045207910317,0.6666666666666666,0.9428090415820634,0.0,0.0,0.0,0.0,0.0,0.0,0.0,0.0,0.25,0.4330127018922193,2.0,2.0,8.5,10.781929326423912,0.0,0.0,8.75,12.316147936753602,0.0,0.0,4.0,2.345207879911715,14.75,10.256095748383007,0.75,0.82915619758885,1.75,1.7853571071357126,0.0,0.0,2.75,4.763139720814412,10.5,6.576473218982953,8.75,11.755317945508748,0.75,1.299038105676658,0.0,0.0,0.0,0.0,2.2788194444444443,2.432289733522905,6.9514144777344935,4.357271360271902,50.671875,60.969970649193705,71.78964984234644,50.68110419293048,-7.400347222222223,33.06212201899217,103.08597714359205,60.2938131616142,744.3340277777778,669.4252914449077,113.76831956612484,67.11315942754453,13.666666666666666
56,98_4,98,4.494666666666666,2.2577170376781543,1.6666666666666667,0.4714045207910317,11.333333333333334,16.027753706895076,1.3333333333333333,1.8856180831641267,0.0,0.0,0.0,0.0,0.0,0.0,0.0,0.0,0.0,0.0,5.25,9.093266739736606,0.0,0.0,7.25,12.55736835487436,0.0,0.0,3.0,5.196152422706632,19.0,11.335784048754634,0.5,0.5,0.5,0.8660254037844386,0.0,0.0,4.75,8.227241335952167,16.5,10.012492197250394,6.0,10.392304845413264,0.75,1.299038105676658,0.0,0.0,0.0,0.0,3.537847222222222,2.131950184348046,3.9022026137121264,2.3098393195334905,57.53819444444444,44.3921763999112,96.67332622709876,56.98846737052512,32.834375,89.53001389853502,86.35421160989975,50.74787753633942,724.2602430555555,668.692331468357,62.41097253819529,46.68273013374834,9.666666666666668
57,98_4,98,2.208,1.8337815209742592,0.6666666666666666,0.4714045207910317,0.6666666666666666,0.9428090415820634,1.3333333333333333,1.8856180831641267,0.5,0.8660254037844386,0.0,0.0,0.5,0.5,0.0,0.0,0.0,0.0,7.25,12.55736835487436,0.0,0.0,7.0,12.12435565298214,0.0,0.0,3.75,4.815340071064556,22.25,12.852528934026951,0.0,0.0,0.25,0.4330127018922193,0.0,0.0,5.0,8.660254037844387,22.25,12.852528934026951,3.25,5.629165124598851,0.0,0.0,0.0,0.0,0.0,0.0,1.6843749999999995,3.3369854667361576,2.9781008585437343,2.614071065079433,96.79618055555557,58.17587725361286,52.1717482180898,38.05260359700755,44.34687499999999,138.02372705692946,27.12374214401852,22.869701891218863,643.58125,586.2575288658643,68.21130587159978,76.99360330810042,10.666666666666666
58,98_4,98,2.0730000000000004,0.0765419275081746,1.6666666666666667,0.4714045207910317,7.333333333333333,10.370899457402697,1.0,1.4142135623730951,0.0,0.0,0.0,0.0,0.0,0.0,0.0,0.0,0.5,0.5,7.0,9.848857801796104,0.0,0.0,7.25,10.848386976873568,0.0,0.0,3.25,3.418698582794336,17.0,10.816653826391969,0.75,0.4330127018922193,3.75,4.264680527307995,0.0,0.0,6.75,11.691342951089922,17.25,10.848386976873568,1.25,1.299038105676658,0.0,0.0,0.0,0.0,0.0,0.0,3.1913194444444444,2.013070804863436,7.284631190235771,4.243564206666633,8.723958333333332,90.08497870717332,62.71014729279434,43.30589857046272,-44.08159722222223,29.498583962649885,90.58174825817648,57.36902452701617,606.7961805555556,434.2535657167894,222.5997772059995,209.418591365665,10.666666666666666
59,98_4,98,2.935333333333334,0.908558320759995,1.3333333333333333,0.4714045207910317,6.0,8.48528137423857,0.6666666666666666,0.9428090415820634,0.0,0.0,0.0,0.0,0.5,0.5,0.0,0.0,0.0,0.0,6.75,11.691342951089922,0.0,0.0,7.5,12.99038105676658,0.0,0.0,2.5,4.330127018922194,14.5,10.618380290797653,1.25,1.299038105676658,2.0,1.5811388300841898,0.0,0.0,6.5,11.258330249197702,16.75,10.497023387608508,0.25,0.4330127018922193,0.0,0.0,0.0,0.0,0.0,0.0,0.5243055555555556,0.4992601586533003,6.552258823357555,4.191895517646984,-30.62326388888889,123.68852732347352,30.45997446727221,23.463174421403536,-59.86076388888888,50.54796207829844,97.87925117843356,58.66649259328036,726.2123263888889,631.1761173966942,52.29390858793971,30.21899861864776,11.666666666666666
60,98_4,98,0.91,0.6449759685445652,0.6666666666666666,0.4714045207910317,0.3333333333333333,0.4714045207910317,0.3333333333333333,0.4714045207910317,1.5,1.5,0.0,0.0,0.5,0.8660254037844386,0.0,0.0,0.0,0.0,7.25,10.280442597476044,0.0,0.0,9.5,11.968709203585824,0.0,0.0,1.75,2.48746859276655,7.75,12.275483697190918,1.0,1.0,2.75,2.7726341266023544,0.0,0.0,3.75,6.49519052838329,6.0,9.246621004453464,13.0,7.842193570679061,5.75,5.7608593109014565,0.0,0.0,0.0,0.0,5.059588675213675,7.79665454694341,3.261358467885188,2.4829953220256056,67.00451388888888,52.61528614945035,84.34123069222386,60.53241863564093,4.42029914529914,110.57531298995018,65.362324454304,61.04495106953775,853.0734241452991,601.9672239091186,149.83642461294374,98.70463832001376,11.666666666666666
61,98_4,98,5.440333333333332,2.834323238838898,1.6666666666666667,0.4714045207910317,0.3333333333333333,0.4714045207910317,0.3333333333333333,0.4714045207910317,1.0,1.0,0.0,0.0,0.0,0.0,0.0,0.0,0.0,0.0,9.0,11.640446726822816,0.0,0.0,12.75,10.894379284750462,0.0,0.0,0.25,0.4330127018922193,8.25,12.577261228105266,0.0,0.0,3.0,3.0,0.0,0.0,6.25,10.825317547305485,8.0,12.708265027138834,22.5,12.99038105676658,14.5,14.517231140957977,0.0,0.0,0.0,0.0,4.919791666666666,10.26593754809172,0.7954716689923388,0.4608278051074747,120.66562499999998,69.67122482939014,2.0830295434132777,1.662923683820731,-20.70868055555556,92.12541864642112,65.03129812232946,64.84381110557301,973.680034722222,617.7630096241127,44.68427144001426,29.527977104877724,9.333333333333332
62,98_4,98,2.2293333333333334,3.1527534350504203,0.3333333333333333,0.4714045207910317,0.0,0.0,0.0,0.0,0.5,0.5,0.0,0.0,1.0,1.224744871391589,0.0,0.0,0.0,0.0,7.25,12.55736835487436,0.0,0.0,7.5,12.99038105676658,0.0,0.0,5.0,8.660254037844387,8.25,12.577261228105266,2.75,2.7726341266023544,7.25,5.84700778176325,0.0,0.0,7.5,11.84271928232701,13.75,10.685855136581257,4.25,3.344772040064913,2.5,2.5,0.0,0.0,0.0,0.0,8.573263888888889,5.00054890650211,2.969962426842219,2.123301966880608,111.31180555555554,65.28328334864977,30.6501633719634,29.635367200862845,4.895833333333343,112.047431440266,58.74414398723432,58.041126141964654,897.8236111111111,636.259192670348,91.94458975257986,68.72824226494195,11.333333333333334
63,98_4,98,5.575666666666667,2.163813043885467,2.0,0.0,0.0,0.0,0.0,0.0,0.0,0.0,0.0,0.0,3.5,3.5,0.0,0.0,2.0,3.4641016151377544,7.0,12.12435565298214,0.25,0.4330127018922193,7.0,12.12435565298214,0.0,0.0,5.5,9.526279441628825,10.25,10.084022015049351,4.25,2.680951323690902,5.0,3.082207001484488,0.0,0.0,9.5,5.852349955359813,16.25,9.41740410091868,4.5,6.652067347825035,0.75,1.299038105676658,0.0,0.0,0.0,0.0,7.800138888888888,4.646319437697932,3.869270681663467,2.541683854231095,56.914375,53.43561015298576,87.63712951832449,62.79645391217178,50.28784722222222,29.579782514063258,103.29580237819088,59.63808734414707,1033.9056944444444,645.5856654218757,144.12112804260448,128.42084224557192,11.333333333333334
64,98_4,98,4.5296666666666665,3.1741166050134675,1.0,0.0,5.333333333333333,7.542472332656507,2.0,2.8284271247461903,0.25,0.4330127018922193,0.0,0.0,3.25,3.2691742076555053,0.0,0.0,0.0,0.0,6.5,11.258330249197702,0.0,0.0,7.0,12.12435565298214,0.0,0.0,6.0,10.392304845413264,8.0,12.708265027138834,1.0,1.0,2.0,1.224744871391589,0.0,0.0,6.75,11.691342951089922,18.0,10.677078252031311,5.0,3.5355339059327378,0.0,0.0,0.0,0.0,0.0,0.0,7.492361111111112,4.367586476756292,3.28855255047515,2.2942606650741744,84.40277777777779,56.09087028355565,71.31449708105932,50.08141708737784,25.73923611111112,106.59131415212266,74.10450998671362,48.09058225931898,1058.3458333333333,656.5190482408907,165.12843536316348,98.15568920017206,11.333333333333334
65,98_4,98,7.786666666666666,3.292182896228917,2.0,0.816496580927726,0.6666666666666666,0.9428090415820634,0.0,0.0,1.0,1.7320508075688772,0.0,0.0,0.0,0.0,0.0,0.0,1.25,2.165063509461097,5.0,8.660254037844387,0.0,0.0,8.0,9.924716620639604,0.0,0.0,4.25,6.219927652312364,20.5,11.84271928232701,1.25,2.165063509461097,2.25,3.344772040064913,0.0,0.0,4.25,7.361215932167728,20.25,11.71270677512248,2.5,2.692582403567252,0.0,0.0,0.0,0.0,0.75,1.299038105676658,6.825347222222223,5.220309044405055,3.1876399306240524,3.007154148808681,-35.472569444444446,119.05201139916016,54.1585511107489,31.90736784711095,-91.71979166666668,73.42843545564308,55.5662398065195,55.23922108030082,927.2291666666666,605.1775876369886,125.60141568267524,134.94871688849216,10.666666666666666
66,98_4,98,3.2183333333333337,2.275709754975113,1.3333333333333333,0.9428090415820634,7.0,9.899494936611664,0.0,0.0,0.0,0.0,0.0,0.0,0.0,0.0,0.0,0.0,0.0,0.0,5.75,9.959292143521044,0.0,0.0,7.5,12.99038105676658,0.0,0.0,2.5,4.330127018922194,10.0,11.726039399558577,1.0,1.0,1.75,1.299038105676658,0.0,0.0,5.25,9.093266739736606,12.25,8.842369591913696,6.75,8.870597499605086,0.5,0.8660254037844386,0.0,0.0,0.0,0.0,5.726736111111111,3.311662684617776,4.616217019842173,2.717050929528474,31.52465277777778,73.71204606653782,82.78149288016756,67.19910821551544,-39.26701388888889,31.747551584518924,105.8932528151854,61.66845657297949,824.934548611111,644.3691614527208,102.70062716567745,59.69794730992196,11.0
67,98_4,98,1.3470000000000002,0.7337574531137656,1.0,0.0,3.333333333333333,4.714045207910316,1.6666666666666667,2.357022603955158,1.25,0.82915619758885,0.0,0.0,0.5,0.5,0.0,0.0,0.75,1.299038105676658,5.5,8.958236433584458,0.0,0.0,6.5,10.111874208078342,0.0,0.0,4.0,6.928203230275509,15.75,10.328964130056798,4.0,2.7386127875258306,5.75,3.418698582794336,0.0,0.0,4.5,7.794228634059948,13.5,8.381527307120106,3.0,5.196152422706632,0.0,0.0,0.0,0.0,0.0,0.0,5.248263888888889,4.596769171931864,5.144208334321393,2.970551703389777,9.842361111111105,75.17302750286674,93.97480887266352,60.59452861790915,24.35590277777778,23.91928848174211,111.32393296186645,64.276434492097,710.2329861111111,599.7107516025922,109.89661065331369,66.72591075066573,11.666666666666666
68,98_4,98,2.502,1.835813352894751,1.3333333333333333,0.4714045207910317,3.0,4.242640687119285,0.0,0.0,0.75,0.4330127018922193,0.0,0.0,2.5,2.5,0.0,0.0,0.0,0.0,3.75,6.49519052838329,0.0,0.0,5.75,9.959292143521044,0.0,0.0,2.75,4.763139720814412,13.0,9.565563234854496,8.5,6.652067347825035,13.0,9.082951062292477,0.0,0.0,6.0,6.0,14.75,9.627434756984853,2.5,4.330127018922194,0.0,0.0,0.0,0.0,0.0,0.0,8.567013888888889,4.954336076967494,4.133097094735331,2.587433874999811,58.10104166666667,57.34269745287429,83.20613746048915,61.254534232820646,47.97986111111111,63.80703849238719,94.56438752354204,56.92508728947765,554.6296875,569.9420066410034,124.57286389373849,116.32290206357511,13.666666666666666
69,98_4,98,2.99,0.9499642098521396,1.0,0.0,5.333333333333333,7.542472332656507,4.666666666666667,6.599663291074443,3.25,3.2691742076555053,0.0,0.0,1.75,1.7853571071357126,0.5,0.5,0.25,0.4330127018922193,6.0,10.392304845413264,0.0,0.0,7.5,12.99038105676658,0.0,0.0,3.5,6.06217782649107,9.5,11.94780314534852,5.0,5.0,7.5,6.18465843842649,0.0,0.0,7.0,9.848857801796104,11.5,10.23474474522936,2.5,2.29128784747792,0.0,0.0,0.5,0.5,0.25,0.4330127018922193,7.432261473429951,5.172912178375501,5.283804430577922,3.5969418284923327,56.40652173913044,65.26695921721466,74.03930053344853,65.56897792941713,-55.25160024154589,59.34523184728833,76.0469325255963,50.74895680445222,691.146958031401,614.1045205149885,151.04545288583122,97.12774342347016,11.666666666666666
70,98_4,98,2.783,2.1328967782494,1.3333333333333333,0.9428090415820634,0.0,0.0,0.0,0.0,1.5,2.598076211353316,0.5,0.8660254037844386,0.0,0.0,0.0,0.0,0.5,0.8660254037844386,5.25,9.093266739736606,0.0,0.0,7.25,12.55736835487436,0.0,0.0,0.5,0.8660254037844386,8.0,12.708265027138834,0.5,0.8660254037844386,10.5,7.088723439378913,0.0,0.0,2.75,4.205650960315181,4.75,7.084313657652377,3.25,5.629165124598851,0.5,0.8660254037844386,0.0,0.0,0.0,0.0,11.98125,6.969057043559688,1.952080737309009,1.6657219568762691,110.76527777777778,64.638155271466,32.55979809579797,23.53743749552895,-65.58333333333333,37.86815257134505,103.00280439915574,59.58850006760874,907.4059027777778,627.8209045261904,46.70748617769495,32.17581702463387,13.333333333333334
71,98_4,98,1.0023333333333333,0.7140711137943864,1.0,0.816496580927726,8.0,11.31370849898476,1.0,1.4142135623730951,0.0,0.0,0.0,0.0,1.0,1.0,0.0,0.0,1.25,2.165063509461097,4.5,7.794228634059948,0.0,0.0,7.0,12.12435565298214,0.0,0.0,1.5,2.598076211353316,10.0,11.726039399558577,0.0,0.0,9.25,6.609652033201143,0.0,0.0,4.5,7.794228634059948,9.25,8.437268515343103,3.75,5.931905258852336,0.5,0.8660254037844386,0.0,0.0,0.0,0.0,8.770138888888889,5.479419750175297,4.408436000692433,2.57703336773434,78.4388888888889,55.185536802881806,78.15081924686363,54.10776352904483,-59.16944444444445,38.25047430715366,108.8076430177036,63.05408692567625,859.3706597222222,618.58587527855,114.91795647167666,75.66147829674226,13.666666666666666
72,98_4,98,3.578333333333333,2.6764459435768337,1.3333333333333333,0.9428090415820634,6.0,6.48074069840786,0.3333333333333333,0.4714045207910317,0.25,0.4330127018922193,0.0,0.0,0.25,0.4330127018922193,0.0,0.0,0.0,0.0,6.0,8.689073598491383,0.0,0.0,7.0,12.12435565298214,0.0,0.0,0.25,0.4330127018922193,16.0,10.653637876331258,1.5,1.5,2.75,1.920286436967152,0.0,0.0,5.25,7.39509972887452,16.0,10.36822067666386,2.75,2.277608394786075,0.0,0.0,0.0,0.0,0.0,0.0,5.185763888888889,3.906828707132551,5.999598363592785,4.2660082649322,79.31493055555555,56.62629590141374,74.14711463176874,63.73685095498189,-56.69201388888889,35.65196381000404,102.2361455859294,59.126230362231055,931.4592013888888,601.8322285718393,199.14030050214083,148.27170032404302,13.666666666666666
73,98_4,98,2.549333333333333,1.8780043190105349,1.3333333333333333,0.9428090415820634,4.666666666666667,6.599663291074443,0.0,0.0,2.25,2.277608394786075,0.75,0.82915619758885,0.0,0.0,0.0,0.0,0.0,0.0,6.5,10.688779163215974,0.0,0.0,8.0,12.708265027138834,0.0,0.0,0.0,0.0,21.25,12.316147936753602,0.25,0.4330127018922193,4.0,3.5355339059327378,0.0,0.0,7.75,8.98262211161084,20.0,11.74734012447073,0.5,0.5,0.0,0.0,0.0,0.0,0.0,0.0,8.21701388888889,4.77637963786623,4.7620110122868615,3.6757323297206654,89.5045138888889,59.0473263167212,48.23634307369455,47.12747556894035,-67.80729166666667,40.30255889214987,87.86665278906958,50.8086809625288,811.2571180555556,605.690721257804,240.60554691924693,186.45281299879403,11.666666666666666
74,98_4,98,2.7453333333333334,2.6553847597329887,1.0,0.816496580927726,0.0,0.0,0.0,0.0,0.75,0.4330127018922193,0.0,0.0,2.25,2.277608394786075,0.0,0.0,0.0,0.0,7.0,5.744562646538029,0.0,0.0,7.75,10.59186008215743,0.0,0.0,0.0,0.0,10.0,11.726039399558577,4.0,4.0,8.5,6.264982043070834,0.0,0.0,3.0,3.5355339059327378,7.25,8.642193008721803,4.0,2.449489742783178,1.25,1.299038105676658,0.0,0.0,0.0,0.0,10.327777777777778,5.963033305600741,3.451535329500434,1.9939718982319503,109.79722222222222,64.25802749246371,45.17468187896508,38.276584980871576,42.00486111111111,65.54601773762899,98.08335778897506,60.67739105448922,778.8909722222222,625.1714198937964,143.1932855943715,87.52527298783703,11.333333333333334
75,98_4,98,1.9063333333333328,1.8470232507710584,0.6666666666666666,0.4714045207910317,6.666666666666667,9.428090415820632,0.3333333333333333,0.4714045207910317,2.25,2.277608394786075,0.0,0.0,0.0,0.0,0.0,0.0,0.75,1.299038105676658,5.0,8.660254037844387,0.0,0.0,6.75,11.121488209767612,0.0,0.0,1.25,2.165063509461097,9.75,11.840080236214618,0.25,0.4330127018922193,2.5,1.8027756377319943,0.0,0.0,6.75,10.54454835448157,15.75,10.638961415476606,0.5,0.8660254037844386,0.0,0.0,0.0,0.0,0.0,0.0,6.066666666666666,3.778489005762312,2.9822283108046888,2.5156122600623,120.45416666666668,69.55533306396346,23.31806440085393,14.119357358862274,34.40555555555557,133.44702691725865,41.33253096648525,31.377113807111304,799.4942708333333,584.9990817659857,87.3605370126019,54.76101920543342,10.666666666666666
76,98_4,98,2.306666666666666,0.6210863242917383,1.6666666666666667,0.4714045207910317,1.6666666666666667,2.357022603955158,1.6666666666666667,2.357022603955158,1.5,1.5,0.0,0.0,0.75,0.82915619758885,0.0,0.0,0.25,0.4330127018922193,6.0,9.246621004453464,0.0,0.0,8.0,11.0227038425243,0.0,0.0,3.25,4.493050188902857,13.25,9.934158243152764,1.25,1.299038105676658,5.5,5.5,0.0,0.0,11.0,8.154753215150045,17.25,10.256095748383007,3.75,3.766629793329841,1.0,0.7071067811865476,0.25,0.4330127018922193,0.0,0.0,7.2444444444444445,4.374526429395699,3.59759857909752,2.4427998199993977,106.5121527777778,61.7744981844482,37.092008837909646,21.43938067340864,-10.67534722222222,18.97616531069244,116.90919934681516,67.88792303712191,827.0196180555556,597.823367964104,121.44757569022585,97.11914770470923,10.666666666666666
77,98_4,98,1.3766666666666667,0.4934371512383539,1.3333333333333333,0.4714045207910317,0.0,0.0,0.0,0.0,0.0,0.0,0.0,0.0,0.0,0.0,0.0,0.0,0.0,0.0,7.5,12.99038105676658,0.0,0.0,7.5,12.99038105676658,0.0,0.0,1.5,2.598076211353316,10.5,11.521718621802911,0.5,0.5,3.25,3.2691742076555053,0.0,0.0,7.75,12.295832627357935,11.0,11.335784048754634,1.0,0.7071067811865476,0.0,0.0,0.0,0.0,0.0,0.0,7.8850694444444445,4.872801357537894,4.676095933792346,3.58729636376176,106.409375,63.31416941249484,49.04287135290656,48.54733225836808,63.13263888888888,50.72179750548575,98.46353944477092,62.58250792787064,720.0925347222221,670.3616366827677,66.8287784075604,49.63239813151925,11.333333333333334
78,98_4,98,1.1726666666666663,1.0038623190236575,0.6666666666666666,0.4714045207910317,1.3333333333333333,1.8856180831641267,1.3333333333333333,1.8856180831641267,0.75,1.299038105676658,0.0,0.0,1.0,1.0,0.0,0.0,1.75,1.920286436967152,6.75,6.2599920127744575,0.0,0.0,8.0,7.3824115301167,0.0,0.0,4.75,4.437059837324712,12.25,8.166241485530538,4.0,2.8284271247461903,1.75,3.031088913245535,0.0,0.0,4.0,5.787918451395113,10.75,8.166241485530538,3.5,2.179449471770337,0.75,0.4330127018922193,0.0,0.0,0.0,0.0,3.807291666666666,2.327952081572389,6.788691177937452,3.9797463853847663,70.55868055555555,47.98702347153849,73.72179437853706,45.3645818710454,-0.9746527777777771,55.8721237588536,97.38613831457988,56.25745112716642,647.5782986111112,577.0710156960624,132.29040841644115,100.40151205466988,11.666666666666666
79,98_4,98,1.8263333333333327,0.5309452786200183,1.3333333333333333,0.4714045207910317,8.0,11.31370849898476,0.3333333333333333,0.4714045207910317,2.25,1.7853571071357126,0.0,0.0,0.0,0.0,0.0,0.0,1.25,2.165063509461097,6.5,10.111874208078342,0.0,0.0,7.5,12.41974234837422,0.0,0.0,4.5,4.5,16.5,10.452272480183437,0.0,0.0,6.5,6.020797289396148,0.0,0.0,4.75,7.660776723022281,17.25,10.034316120194738,3.5,3.840572873934304,0.25,0.4330127018922193,0.0,0.0,0.25,0.4330127018922193,1.8684027777777776,1.745113154461624,8.519740916246375,6.1178544677615685,48.92118055555556,62.874239952078185,80.0617027954554,63.19757047996463,-67.65937500000001,43.64841722413168,75.5500574060408,43.98706807495256,728.9557291666667,579.4135434323915,169.54013465088084,99.06658589546844,11.666666666666666
80,98_4,98,3.0356666666666663,1.1783107494299718,1.3333333333333333,0.4714045207910317,0.0,0.0,0.0,0.0,2.75,2.277608394786075,2.0,1.5811388300841898,0.5,0.5,0.0,0.0,0.0,0.0,7.0,8.74642784226795,0.0,0.0,8.5,9.7082439194738,0.0,0.0,4.25,5.11737237261468,12.75,10.40132203135736,0.25,0.4330127018922193,3.5,3.0413812651491097,0.0,0.0,4.5,7.794228634059948,12.5,9.604686356149273,6.0,3.6742346141747673,2.5,2.5,0.0,0.0,0.0,0.0,4.355555555555555,3.330424077656933,6.741916377031157,3.9841380018252655,46.04201388888889,32.056170595976624,102.9251234063531,59.55843174971356,-34.74479166666667,49.79753568749035,90.52180845794751,54.607397779855646,753.9190972222223,512.35399178378,197.99426852664425,116.42273531874402,11.333333333333334
81,98_4,98,1.8983333333333328,0.5781097550542535,1.6666666666666667,0.4714045207910317,0.0,0.0,0.0,0.0,2.0,2.0,0.0,0.0,0.0,0.0,0.0,0.0,5.0,8.660254037844387,7.25,12.55736835487436,0.0,0.0,7.75,12.852528934026951,0.0,0.0,6.75,11.691342951089922,11.0,11.335784048754634,0.75,0.82915619758885,5.5,5.5,0.0,0.0,3.0,5.196152422706632,15.0,9.0,4.5,5.024937810560445,1.0,1.0,0.0,0.0,0.0,0.0,8.615625,4.974783962890304,4.831268054064131,2.7907957342050618,63.368402777777774,56.54168762601449,74.39150001080118,54.73204202435796,-69.15659722222222,43.09612288423816,96.1890182595912,55.64603947847072,861.6125,657.5918226308568,133.2042332644051,83.8076809002855,10.333333333333334
82,98_4,98,4.085,1.0345958953459398,1.6666666666666667,0.4714045207910317,0.3333333333333333,0.4714045207910317,0.3333333333333333,0.4714045207910317,0.0,0.0,0.0,0.0,0.75,0.82915619758885,0.0,0.0,1.5,2.598076211353316,6.25,6.94172168845741,0.25,0.4330127018922193,8.5,9.17877987534291,0.0,0.0,3.25,5.629165124598851,16.5,10.712142642814277,0.5,0.5,1.5,1.5,0.0,0.0,2.0,1.4142135623730951,15.25,8.842369591913696,6.0,5.049752469181039,2.75,1.7853571071357126,0.0,0.0,0.0,0.0,5.829166666666666,3.4383786755775847,6.240319304938814,4.17523224239844,-19.26458333333333,50.89513400904463,92.42127026108588,54.693358956782646,60.79131944444445,36.065907556329286,79.7401927044842,46.10641654601713,796.229513888889,573.8852199528566,275.1151659285257,175.39993039123752,11.666666666666666
83,98_4,98,1.27,0.429751090749052,1.3333333333333333,0.4714045207910317,0.0,0.0,0.0,0.0,0.0,0.0,0.0,0.0,0.0,0.0,0.0,0.0,0.0,0.0,11.0,9.874208829065749,0.0,0.0,7.5,11.863810517704673,0.0,0.0,4.5,7.794228634059948,20.25,11.840080236214618,0.25,0.4330127018922193,1.0,0.7071067811865476,0.0,0.0,9.25,8.926785535678562,21.5,12.519984025548917,4.5,7.794228634059948,0.5,0.8660254037844386,0.25,0.4330127018922193,0.0,0.0,3.4107185990338165,3.137401713538876,7.197070905126493,4.402923427163931,52.08635265700483,57.24786940931613,86.00669945574103,57.5661534711638,44.92949879227053,78.67072545942617,91.47260259488236,56.73895011223362,983.455902777778,646.453844959991,172.29404547897758,100.070673230714,10.333333333333334
84,98_4,98,0.9846666666666666,0.696919571320026,0.6666666666666666,0.4714045207910317,16.333333333333332,23.098821518760552,1.6666666666666667,2.357022603955158,0.75,0.82915619758885,0.0,0.0,0.0,0.0,0.0,0.0,1.0,1.7320508075688772,7.0,12.12435565298214,0.0,0.0,7.5,12.99038105676658,0.0,0.0,3.75,6.49519052838329,12.75,10.848386976873568,2.0,1.5811388300841898,5.0,3.3166247903554,0.0,0.0,8.75,10.133484099755622,16.5,9.836157786453,3.0,4.636809247747852,0.0,0.0,0.5,0.5,0.0,0.0,6.946527777777778,4.350775693131564,3.758881817808908,2.196485775892076,70.97222222222223,63.60769092576312,63.623637096555605,62.56093182428693,-9.253124999999995,77.5407716103971,95.10761365946948,61.91176839349602,856.1458333333333,549.9746803909982,125.30936530696152,74.17745683011206,10.666666666666666
85,98_4,98,3.950333333333333,1.463344419092405,2.0,0.816496580927726,0.0,0.0,0.0,0.0,3.0,2.1213203435596424,0.25,0.4330127018922193,0.0,0.0,0.25,0.4330127018922193,0.5,0.8660254037844386,3.5,4.387482193696061,0.0,0.0,5.75,6.609652033201143,0.0,0.0,1.75,3.031088913245535,9.0,6.363961030678928,2.0,1.4142135623730951,3.25,1.920286436967152,0.0,0.0,2.5,4.330127018922194,14.75,8.525696452489967,3.5,2.5,0.25,0.4330127018922193,0.0,0.0,0.0,0.0,6.122722792440534,3.613041988289949,4.688611683937455,2.76971193856194,66.64201185239492,38.558417804401486,80.30846053096809,47.814335396232906,71.51230632942327,48.94012111535136,70.90175839615517,42.74000249479328,652.1578759367871,392.7349705775586,313.3962002741655,267.72306368394504,11.333333333333334
86,98_4,98,2.855,0.4296882590902385,1.6666666666666667,0.4714045207910317,0.0,0.0,0.0,0.0,4.5,3.570714214271425,2.5,2.5,1.0,1.0,0.0,0.0,0.0,0.0,6.0,9.246621004453464,0.0,0.0,6.5,8.986100377805714,0.0,0.0,2.25,3.897114317029974,12.5,8.5,2.75,1.6393596310755,5.75,4.02336923485777,0.0,0.0,6.5,7.88986691902975,19.25,11.299889379989525,4.0,5.244044240850758,0.0,0.0,0.0,0.0,0.0,0.0,6.787951631701633,4.0690477956561,3.531406362589047,2.2382020077039453,56.871541860916864,56.34631270276341,73.16855734886803,54.45584712485875,42.34575757575757,38.25483783467284,90.8602949300586,55.085867220945424,801.6442737470861,542.5724331033095,194.2055222233249,189.2334721636698,11.333333333333334
87,98_4,98,0.4696666666666667,0.6642089697945637,0.3333333333333333,0.4714045207910317,0.0,0.0,0.0,0.0,9.5,9.013878188659971,6.5,6.5,0.0,0.0,0.0,0.0,0.75,1.299038105676658,6.0,9.246621004453464,0.0,0.0,7.5,12.99038105676658,0.0,0.0,2.25,3.897114317029974,15.25,10.615436872781071,3.75,2.8613807855648994,8.0,7.035623639735144,0.0,0.0,4.0,5.787918451395113,14.25,8.257572282456872,6.0,8.689073598491383,0.75,1.299038105676658,0.0,0.0,0.25,0.4330127018922193,7.617361111111111,4.469617242965119,5.265031600444511,3.5462178982858883,0.4076388888888935,65.45428652221293,91.80342906504356,53.09709080855198,-69.36041666666667,51.39755431350525,80.2843971668232,52.58269582537105,952.3394097222222,653.6857735911283,156.83071230339894,92.80494726823784,11.333333333333334
88,98_4,98,4.462,1.8713241301281829,2.0,0.816496580927726,0.0,0.0,0.0,0.0,0.5,0.5,0.0,0.0,7.25,6.299801584177076,0.0,0.0,0.0,0.0,9.25,11.519006033508273,0.0,0.0,10.0,11.726039399558577,0.0,0.0,4.5,7.794228634059948,11.25,11.299889379989525,1.75,1.7853571071357126,1.0,1.0,0.0,0.0,8.75,10.133484099755622,16.0,10.653637876331258,7.0,5.338539126015656,2.5,2.5,0.0,0.0,0.0,0.0,7.062847222222223,4.268814944804484,3.072390349297621,3.017818004513167,109.5690972222222,63.27737019713598,37.17964130555784,23.49241981342518,58.26319444444444,35.49003138679435,98.82426090976767,57.08213661564624,1223.3522569444444,710.9246499994198,317.26977975282057,277.1462798200994,11.333333333333334
89,98_4,98,2.955,2.150430189520227,1.3333333333333333,0.9428090415820634,0.3333333333333333,0.4714045207910317,0.0,0.0,0.5,0.5,0.0,0.0,2.5,2.598076211353316,0.0,0.0,0.0,0.0,7.5,12.99038105676658,0.0,0.0,10.0,11.726039399558577,0.0,0.0,1.25,2.165063509461097,9.75,11.840080236214618,1.25,1.299038105676658,8.0,8.0,0.0,0.0,7.0,12.12435565298214,7.25,12.55736835487436,4.75,3.491060010942235,2.5,2.598076211353316,0.0,0.0,0.0,0.0,10.139930555555557,6.230062441398711,3.084394172624173,1.7879399093699566,45.23854166666666,70.35669607133818,79.13353208669781,78.39576727123773,88.46597222222222,59.45696838394741,73.54058537348331,57.34991229187094,788.3666666666667,649.151502196382,163.6806177982991,139.6395789345769,11.666666666666666
90,98_4,98,0.4659999999999999,0.6590235200658622,0.3333333333333333,0.4714045207910317,13.0,18.384776310850235,1.3333333333333333,0.9428090415820634,0.0,0.0,0.0,0.0,0.5,0.5,0.0,0.0,0.0,0.0,4.75,7.660776723022281,0.0,0.0,7.75,12.275483697190918,0.0,0.0,0.0,0.0,14.0,10.653637876331258,3.5,3.570714214271425,3.0,2.549509756796392,0.0,0.0,6.0,10.392304845413264,16.75,10.755812382149475,2.25,1.299038105676658,0.0,0.0,0.0,0.0,0.0,0.0,3.704861111111111,3.719328464190416,6.083688524836591,3.7125396635940793,15.49722222222222,92.79204441623452,71.08974199372864,69.39140904768486,-51.50590277777778,47.65037527922082,95.6564265818596,57.26271046417792,693.862326388889,533.6263577383737,124.31203083999632,71.86937779161838,11.666666666666666
91,98_4,98,0.8603333333333333,0.6113811322643911,0.6666666666666666,0.4714045207910317,0.0,0.0,0.0,0.0,2.25,1.479019945774904,0.5,0.5,0.25,0.4330127018922193,0.0,0.0,0.25,0.4330127018922193,4.0,5.787918451395113,0.0,0.0,5.75,8.814051281902097,0.0,0.0,1.25,1.6393596310755,9.75,9.256754290786809,1.75,1.0897247358851685,4.0,2.449489742783178,0.0,0.0,4.5,5.545268253204709,10.5,9.526279441628825,1.0,0.7071067811865476,0.0,0.0,0.0,0.0,0.25,0.4330127018922193,7.165972222222222,4.6398561761813415,5.175977320706229,3.010601044987193,92.85381944444444,53.84771154965491,70.21476603202467,43.19926611610482,36.95416666666667,64.66382168623691,95.40292174000292,55.40681812840724,929.8689236111112,552.9237335756866,264.4405192913453,186.3123790091574,11.333333333333334
92,98_4,98,0.7216666666666667,1.0205907875125837,0.3333333333333333,0.4714045207910317,0.0,0.0,0.0,0.0,1.5,1.5,0.0,0.0,0.0,0.0,0.0,0.0,0.5,0.8660254037844386,2.5,4.330127018922194,0.0,0.0,5.0,8.660254037844387,0.0,0.0,0.5,0.8660254037844386,13.25,9.54921462739214,1.0,1.0,1.5,0.8660254037844386,0.0,0.0,8.75,5.261891294962297,16.5,10.452272480183437,4.25,2.48746859276655,0.0,0.0,0.0,0.0,1.0,1.7320508075688772,7.212847222222223,5.030299146691808,5.7801316694724685,5.308941550574788,56.45625,32.696298940548644,98.27761271247658,56.82091364337557,45.273958333333326,114.54470857997708,52.50217240516008,30.346774610410417,1108.8432291666666,641.9574011896896,333.9610240917697,192.865748985446,10.333333333333334
93,98_4,98,3.453666666666667,1.7584296656076095,1.6666666666666667,0.9428090415820634,0.0,0.0,0.0,0.0,4.0,4.0,0.0,0.0,0.0,0.0,0.0,0.0,0.0,0.0,2.75,4.763139720814412,0.0,0.0,5.0,8.660254037844387,0.0,0.0,0.0,0.0,9.0,12.18605760695394,1.25,1.299038105676658,2.0,1.224744871391589,0.0,0.0,6.75,8.317902379807062,19.5,11.521718621802911,1.0,1.7320508075688772,0.0,0.0,0.0,0.0,0.0,0.0,5.985763888888889,3.457376928077257,4.691306167089879,2.712525518999449,34.7125,58.11565829949216,97.3193577180336,62.766854918120416,-3.63055555555556,91.7117816379319,76.66684161987344,56.59855435214207,1003.5432291666668,609.9391967280353,183.84548346593743,136.74242411925712,9.333333333333332
94,98_4,98,2.549333333333333,2.0603574662880444,0.6666666666666666,0.4714045207910317,0.0,0.0,0.0,0.0,6.75,6.759252917297888,1.5,1.5,0.0,0.0,0.0,0.0,0.0,0.0,5.0,7.516648189186454,0.0,0.0,5.75,9.390819985496474,0.0,0.0,0.5,0.8660254037844386,8.25,12.577261228105266,4.25,4.264680527307995,4.75,4.866980583482946,0.0,0.0,8.5,11.324751652906125,9.75,11.321991874224253,7.5,4.716990566028302,1.5,1.5,0.0,0.0,0.0,0.0,8.866319444444445,7.123018349547199,3.9289458252659184,2.6523010332159416,23.46180555555556,71.02632093340924,87.04255725843828,62.8639732942035,12.41041666666667,105.387709688078,77.97203433022746,50.61805444031307,1352.968402777778,784.4794809382163,434.9575211827233,401.5199966307272,9.333333333333332
95,98_4,98,4.249,6.008993426523281,0.3333333333333333,0.4714045207910317,0.0,0.0,0.0,0.0,9.0,9.0,8.5,8.5,0.0,0.0,0.0,0.0,0.0,0.0,4.75,7.084313657652377,0.0,0.0,6.75,11.691342951089922,0.0,0.0,1.0,1.7320508075688772,21.5,12.439855304624729,4.5,4.55521678957215,10.25,7.562241731127087,0.0,0.0,6.75,8.317902379807062,20.25,11.755317945508748,0.0,0.0,0.0,0.0,0.0,0.0,0.0,0.0,6.268055555555557,3.883201446258258,5.409934566048802,3.834456604389584,50.47743055555555,62.65874317624401,87.67786077690629,65.8030108213455,-41.97152777777778,61.81663260208837,101.98466853085188,69.28693387385476,1029.4826388888887,620.2914766810144,86.77838888923966,55.76842807256866,9.333333333333332
96,98_4,98,0.9563333333333331,0.6786065788723897,0.6666666666666666,0.4714045207910317,0.0,0.0,0.0,0.0,3.25,3.2691742076555053,0.0,0.0,2.0,2.0,0.0,0.0,0.0,0.0,1.25,2.165063509461097,0.0,0.0,6.25,5.448623679425842,0.0,0.0,0.0,0.0,12.75,10.848386976873568,0.75,0.82915619758885,5.75,4.815340071064556,0.0,0.0,4.25,7.361215932167728,16.75,10.755812382149475,2.5,2.5,2.5,2.5,0.0,0.0,0.0,0.0,6.90673611111111,4.050089249773917,4.502282303826005,3.2955256894420466,61.89140873015873,63.54535035276938,70.67309841425211,56.085788034676014,-25.12511904761905,88.35979961177078,58.62147179827896,58.06669909374039,1008.849558531746,622.4522425297623,217.68656558056125,188.6575124706013,9.333333333333332
97,98_4,98,0.5083333333333333,0.7188918942063233,0.3333333333333333,0.4714045207910317,0.0,0.0,0.0,0.0,4.5,4.5,1.5,1.5,0.0,0.0,0.0,0.0,0.0,0.0,7.5,12.99038105676658,0.0,0.0,7.5,12.99038105676658,0.0,0.0,4.0,6.928203230275509,7.75,12.852528934026951,4.75,4.866980583482946,1.25,1.299038105676658,0.0,0.0,7.25,12.55736835487436,22.5,12.99038105676658,1.0,1.7320508075688772,0.0,0.0,0.0,0.0,0.0,0.0,3.016319444444444,2.1426784554714846,2.8815862549167868,1.679452377700035,95.40625,57.33808040394901,55.61394874163994,35.70270361807384,-18.54618055555555,88.07770728519402,87.4242174714646,73.39132514818031,1010.6741319444444,619.8345914915948,121.99664703857016,96.23083619028893,9.333333333333332
98,98_4,98,1.3333333333333333,1.059495896903596,0.6666666666666666,0.4714045207910317,0.3333333333333333,0.4714045207910317,0.0,0.0,4.25,3.344772040064913,0.5,0.5,0.0,0.0,0.0,0.0,0.0,0.0,5.75,8.257572282456872,0.0,0.0,7.0,10.41633332799983,0.0,0.0,3.5,6.06217782649107,11.25,9.807522622966516,1.5,1.118033988749895,9.75,7.495832175282475,0.0,0.0,9.25,7.5291101731877985,13.25,9.20258115965298,5.0,5.385164807134504,0.0,0.0,0.0,0.0,0.25,0.4330127018922193,9.377777777777778,5.41930170949344,4.349831523032729,2.81434090297255,57.303125,48.44147307854188,71.49606220829997,42.643491731196896,-17.34513888888889,15.886561160957186,114.64615097834955,66.62556884465728,857.2751736111111,547.6667728331562,309.49592716841653,194.70135678478653,9.333333333333332
99,98_4,98,2.5523333333333333,2.4712156702499457,0.6666666666666666,0.4714045207910317,4.666666666666667,6.599663291074443,0.0,0.0,9.0,9.0,0.0,0.0,0.25,0.4330127018922193,0.25,0.4330127018922193,0.0,0.0,3.25,5.629165124598851,0.0,0.0,5.75,8.257572282456872,0.0,0.0,0.5,0.8660254037844386,11.0,8.54400374531753,0.25,0.4330127018922193,8.25,4.9180788932265,0.0,0.0,3.5,3.840572873934304,13.5,10.712142642814277,1.5,1.118033988749895,0.0,0.0,0.0,0.0,0.0,0.0,9.52951388888889,5.573676642106527,4.415373987048877,3.421111839118612,59.42152777777778,41.533810708894926,91.3030218978256,60.19809564538856,19.56701388888889,19.352777139226784,103.80119028950138,59.97784089187771,782.1951388888889,451.7967559989692,299.8107542734887,183.13386393731625,9.666666666666668
100,98_4,98,0.747,0.5340530560409393,0.6666666666666666,0.4714045207910317,0.0,0.0,0.0,0.0,1.0,1.224744871391589,0.0,0.0,0.0,0.0,0.0,0.0,0.0,0.0,7.25,12.55736835487436,0.0,0.0,7.5,12.99038105676658,0.0,0.0,2.75,4.763139720814412,8.5,12.439855304624729,0.5,0.5,0.75,0.82915619758885,0.0,0.0,5.25,9.093266739736606,13.0,9.565563234854496,5.0,8.660254037844387,0.0,0.0,0.0,0.0,0.0,0.0,4.203356481481482,3.048881448667242,3.985615593240873,2.823999543290397,34.089120370370374,72.08401115720879,71.6059201594409,59.244941106147394,-8.725925925925926,11.024186139627371,110.77886949211194,63.961009832748935,726.2245370370371,555.5578772257624,195.98611689790675,160.20888637608184,10.333333333333334
101,98_4,98,1.625333333333333,1.678944575883578,0.6666666666666666,0.4714045207910317,2.6666666666666665,3.771236166328253,0.3333333333333333,0.4714045207910317,0.5,0.8660254037844386,0.0,0.0,0.0,0.0,0.0,0.0,0.0,0.0,5.0,5.338539126015656,0.0,0.0,5.5,6.726812023536855,0.0,0.0,0.25,0.4330127018922193,9.25,11.519006033508273,0.5,0.8660254037844386,5.75,3.344772040064913,0.0,0.0,2.5,4.330127018922194,12.75,9.98436277385793,4.75,2.7726341266023544,2.25,1.920286436967152,0.0,0.0,0.0,0.0,7.163541666666666,4.136036766061,4.301289572356978,3.103287585205789,80.30034722222221,47.44883526446442,82.55742544006955,51.52519489053399,51.63333333333334,51.531899168810426,95.34332204564468,55.10866137186271,886.598611111111,512.8704571826052,210.5188050576081,122.77997533543753,9.666666666666668
102,98_4,98,0.992,0.7666763767501036,0.6666666666666666,0.4714045207910317,0.0,0.0,0.0,0.0,0.0,0.0,0.0,0.0,0.0,0.0,0.0,0.0,0.0,0.0,0.75,0.82915619758885,0.0,0.0,1.0,1.0,0.0,0.0,0.0,0.0,21.5,12.439855304624729,0.0,0.0,4.5,4.5,0.0,0.0,3.75,3.766629793329841,20.75,12.111461513789324,0.5,0.5,0.0,0.0,0.0,0.0,0.0,0.0,7.389583333333333,4.4167506870939,4.308671525748304,2.7178661560983906,-82.20138888888889,53.06515523610085,75.14981641849144,54.61478248000281,56.55833333333333,54.621820718565495,47.802402435596825,42.98111561365649,1004.6138888888888,648.6962299155108,166.4213080835213,149.068984205612,9.333333333333332
103,98_4,98,1.856,0.766976314280087,1.3333333333333333,0.4714045207910317,0.0,0.0,0.0,0.0,1.0,1.7320508075688772,1.0,1.7320508075688772,0.5,0.8660254037844386,0.0,0.0,0.0,0.0,5.5,6.18465843842649,0.0,0.0,6.5,8.986100377805714,0.0,0.0,0.25,0.4330127018922193,13.25,8.870597499605086,1.0,1.7320508075688772,3.0,2.549509756796392,0.0,0.0,5.0,3.9370039370059056,15.25,8.842369591913696,3.75,3.766629793329841,0.25,0.4330127018922193,0.0,0.0,0.0,0.0,7.049999999999999,4.077687423310206,5.77491095049818,5.555556281521189,-26.19375000000001,56.16382051857811,102.22389380502965,59.675654317388016,57.98229166666667,36.442634521863226,102.2165100195168,60.6946832474727,1154.6465277777777,676.1867952584452,154.74232737767693,90.26464875511851,9.333333333333332
104,98_4,98,0.3273333333333333,0.4629192394167931,0.3333333333333333,0.4714045207910317,8.333333333333334,11.785113019775793,1.0,1.4142135623730951,0.0,0.0,0.0,0.0,0.0,0.0,0.0,0.0,0.0,0.0,10.75,8.584142356694699,0.0,0.0,8.5,12.439855304624729,0.0,0.0,0.25,0.4330127018922193,20.25,11.840080236214618,0.0,0.0,3.5,3.0413812651491097,0.0,0.0,9.75,7.885905147793752,21.75,12.577261228105266,1.0,1.7320508075688772,0.25,0.4330127018922193,0.0,0.0,0.0,0.0,3.293055555555555,2.347791268957399,4.39880492887307,2.657714675522452,-4.888194444444451,107.10329062432147,69.12755722543855,66.90644248047033,60.87048611111111,104.7033845207836,58.92775976026034,48.73693402882241,1108.5137152777777,642.6321572969285,116.6055239532942,73.55006517028544,9.666666666666668
105,98_4,98,4.8356666666666674,1.727540898374205,1.0,0.0,2.6666666666666665,3.771236166328253,0.0,0.0,2.75,2.7726341266023544,0.0,0.0,0.0,0.0,0.0,0.0,0.0,0.0,4.75,6.53356717268599,0.0,0.0,4.5,7.794228634059948,0.0,0.0,0.0,0.0,9.5,11.94780314534852,3.0,3.0,6.5,4.769696007084728,0.0,0.0,4.0,6.928203230275509,13.25,10.755812382149475,0.75,1.299038105676658,0.0,0.0,0.0,0.0,0.0,0.0,7.4690972222222225,5.388518778008394,3.8230261580832265,2.5687987227688844,66.29652777777778,59.38627740123461,77.51776393292863,70.06686282377206,-26.63263888888889,69.59029939557149,89.07330344632224,58.78185116802331,928.9998263888888,537.4220643824572,186.50891665982888,110.85059039382864,9.666666666666668
106,98_4,98,2.6606666666666667,1.6823646717905392,1.3333333333333333,0.4714045207910317,0.0,0.0,0.3333333333333333,0.4714045207910317,2.25,1.7853571071357126,0.5,0.5,2.0,2.0,0.0,0.0,0.0,0.0,2.5,4.330127018922194,0.0,0.0,3.75,6.49519052838329,0.0,0.0,0.0,0.0,8.5,11.884864324004711,4.25,2.5860201081971503,7.25,5.3091901453988255,0.0,0.0,4.75,5.973901572674261,12.0,10.099504938362076,1.0,0.7071067811865476,0.0,0.0,0.0,0.0,0.0,0.0,7.071180555555555,4.132535599051816,4.5965769840147175,2.65448189068192,98.69340277777778,60.616162231088,50.41757983574656,48.16716636458194,61.89131944444444,60.960203181169504,89.87395290767788,55.504422306316414,785.0347222222222,453.3513209960269,172.68140849867643,99.9576762120865,10.333333333333334
107,98_4,98,1.2596666666666667,1.158105445208778,1.0,0.816496580927726,0.0,0.0,0.0,0.0,7.75,7.75806032459145,5.25,5.261891294962297,0.0,0.0,0.0,0.0,2.75,4.763139720814412,7.0,12.12435565298214,0.0,0.0,7.5,12.99038105676658,0.0,0.0,4.75,8.227241335952167,8.0,12.708265027138834,0.0,0.0,0.0,0.0,0.0,0.0,3.25,5.629165124598851,13.75,7.949056547792323,4.75,5.973901572674261,0.75,1.299038105676658,0.0,0.0,0.0,0.0,6.924456521739129,4.036310433140135,5.880457444994249,6.611215844396012,11.413375603864733,93.5259302434566,70.39230657908789,68.76464613262081,7.383303140096618,57.71173371103568,105.90811587183408,64.79785160439867,1056.3769550120774,629.3387832287576,138.86957276971134,109.0589899389121,10.333333333333334
108,98_4,98,0.8463333333333334,1.1968960782884297,0.3333333333333333,0.4714045207910317,0.0,0.0,0.0,0.0,11.0,11.0,3.5,3.774917217635375,0.0,0.0,0.0,0.0,0.75,1.299038105676658,7.0,12.12435565298214,0.0,0.0,7.0,12.12435565298214,0.0,0.0,2.0,3.4641016151377544,7.75,12.852528934026951,0.25,0.4330127018922193,1.5,1.5,0.0,0.0,5.75,5.261891294962297,17.25,10.256095748383007,3.5,4.924428900898052,0.25,0.4330127018922193,0.5,0.5,0.0,0.0,5.617708333333333,5.039579780727699,1.8211539881999383,1.424142754127489,12.46909722222222,93.083639275786,76.47540627622209,74.52165744446549,58.16874999999999,73.67085592702743,91.34201706264436,54.81388769890645,1001.1732638888888,583.9989375801042,138.57870723030055,80.0543690629254,9.333333333333332
109,98_4,98,2.0980000000000003,2.261781598651824,0.6666666666666666,0.4714045207910317,0.0,0.0,0.0,0.0,1.5,1.5,0.0,0.0,2.0,2.0,0.0,0.0,0.0,0.0,2.0,3.4641016151377544,0.0,0.0,2.5,4.330127018922194,0.0,0.0,0.0,0.0,14.25,10.638961415476606,0.5,0.5,3.25,1.920286436967152,0.0,0.0,1.25,2.165063509461097,15.5,10.012492197250394,1.75,1.299038105676658,0.5,0.5,0.0,0.0,0.0,0.0,5.630555555555556,3.819426767635863,3.687818094642008,2.1546935060820096,-1.6909722222222214,104.41936743453412,56.83092960486048,54.74565123845076,48.41770833333334,28.19955432921449,96.97956573664692,56.18203705434113,645.5779513888889,421.7833893418343,213.70871859708905,158.8928634729332,10.333333333333334
110,98_4,98,2.534666666666667,2.796431336940391,1.0,0.816496580927726,5.333333333333333,7.542472332656507,0.0,0.0,1.0,1.0,0.0,0.0,2.25,2.277608394786075,1.5,1.5,0.5,0.8660254037844386,6.25,10.825317547305485,0.0,0.0,7.0,11.554220008291344,0.0,0.0,4.0,6.928203230275509,10.25,11.627015954233483,0.0,0.0,2.25,1.299038105676658,0.0,0.0,4.75,8.227241335952167,15.75,9.41740410091868,4.75,5.448623679425842,0.0,0.0,0.0,0.0,0.25,0.4330127018922193,6.178078613516114,4.159766173181135,4.135630294296023,2.3919325439211936,60.36288804713804,61.34191609823026,60.1330704347995,52.58631009435871,49.94263477032227,45.31863165775582,83.71848088424719,57.33067086962608,584.8306268939393,468.98264611656566,296.9008734227327,238.58472183284,9.666666666666668
111,98_4,98,0.3343333333333333,0.4728187343534047,0.3333333333333333,0.4714045207910317,5.0,7.071067811865476,0.0,0.0,5.0,3.3166247903554,0.5,0.5,1.0,1.0,1.0,1.7320508075688772,0.5,0.8660254037844386,4.5,7.794228634059948,0.0,0.0,4.5,7.794228634059948,0.0,0.0,3.5,6.06217782649107,6.25,9.12071817347735,1.25,2.165063509461097,5.0,5.873670062235365,0.0,0.0,3.75,6.49519052838329,15.25,8.814051281902097,3.75,4.264680527307995,0.0,0.0,0.0,0.0,0.0,0.0,7.177083333333334,4.867270849339838,2.738949432022171,2.290244960926156,23.56909722222222,80.75869460209168,81.09763438440405,71.06850797520795,-72.43090277777779,56.31744434363768,87.27035264967404,67.1176633681327,831.0861111111112,479.9137232242944,116.6158153999962,97.02199310689056,9.666666666666668
112,98_4,98,1.507,0.0719073477933003,1.0,0.0,0.0,0.0,0.0,0.0,8.75,8.757139944068497,4.25,4.264680527307995,0.25,0.4330127018922193,0.0,0.0,0.0,0.0,5.25,9.093266739736606,0.0,0.0,6.5,11.258330249197702,0.0,0.0,2.25,3.897114317029974,8.5,11.324751652906125,3.25,2.165063509461097,4.75,3.960744879438715,0.0,0.0,5.5,7.262919523166975,11.75,10.615436872781071,1.5,2.0615528128088303,0.0,0.0,0.0,0.0,0.25,0.4330127018922193,7.295486111111112,4.344671706434195,4.565230548942399,3.140798582097484,93.0888888888889,53.85268238874424,63.55913371537726,36.89895295143918,59.95798611111111,37.17247899731916,95.15966432413256,54.9554093332179,937.4630208333332,542.6460858543082,145.71696142678826,97.54521890771464,10.333333333333334
113,98_4,98,2.3640000000000003,2.474150089761465,0.6666666666666666,0.4714045207910317,7.333333333333333,10.370899457402697,0.0,0.0,7.75,7.75806032459145,0.0,0.0,0.75,0.82915619758885,0.0,0.0,0.75,0.82915619758885,6.0,8.12403840463596,0.0,0.0,8.0,11.0227038425243,0.0,0.0,2.0,1.4142135623730951,9.0,12.18605760695394,8.5,8.52936105461599,7.75,5.931905258852336,0.0,0.0,6.75,11.691342951089922,12.75,10.848386976873568,4.5,2.598076211353316,1.5,1.5,0.0,0.0,0.25,0.4330127018922193,4.747222222222223,4.529029308966932,5.412434355506298,3.180690309390195,78.45659722222223,60.154185068575806,52.26985470799194,50.55292313748489,6.188194444444445,4.476763728833173,102.51207033612468,61.70108198373151,634.9472222222223,398.8445586209632,208.3914322430371,142.46554320427407,10.666666666666666
114,98_4,98,1.2713333333333334,1.2586917370384574,0.6666666666666666,0.4714045207910317,4.666666666666667,6.599663291074443,0.0,0.0,1.75,1.7853571071357126,1.75,1.299038105676658,3.25,3.2691742076555053,0.0,0.0,0.75,1.299038105676658,3.75,6.49519052838329,0.0,0.0,4.0,6.928203230275509,0.0,0.0,2.0,3.4641016151377544,13.5,9.912113800799505,4.75,3.561951712193752,8.25,6.417748826496718,0.0,0.0,3.75,6.49519052838329,17.5,10.897247358851684,0.25,0.4330127018922193,0.0,0.0,0.0,0.0,0.0,0.0,3.553125,4.947596371212041,6.173551772194744,3.6229815753323664,80.05138888888888,48.99791065793104,62.04249992431004,36.13956022811422,71.50659722222223,57.25876871441084,68.20442192780914,46.84759677723929,663.331076388889,385.3796698695073,153.48616064185936,124.86860382030952,10.666666666666666
115,98_4,98,2.232333333333333,1.714460913005083,1.3333333333333333,0.9428090415820634,1.6666666666666667,2.357022603955158,0.6666666666666666,0.9428090415820634,3.75,4.264680527307995,1.0,0.7071067811865476,0.0,0.0,0.0,0.0,0.5,0.8660254037844386,2.0,3.4641016151377544,0.0,0.0,3.25,5.629165124598851,0.0,0.0,1.25,2.165063509461097,9.75,6.722164829874376,6.25,6.417748826496718,7.5,9.069178573608529,0.0,0.0,3.5,6.06217782649107,15.5,9.759610647971568,1.75,1.920286436967152,0.0,0.0,0.0,0.0,0.0,0.0,5.858333333333333,3.6525438243625343,4.597053385189275,2.791136879683122,64.65416666666667,42.63687538224525,86.6528043253023,57.099564128158526,-2.2482638888888884,12.030505343116884,113.3743880597162,65.6446807632226,602.6786458333333,349.16226745679546,178.79505057052012,156.9090966604309,10.666666666666666
1,99_1,99,0.0,0.0,0.0,0.0,0.0,0.0,0.0,0.0,20.0,6.164414002968976,5.0,5.715476066494082,0.3333333333333333,0.4714045207910317,1.6666666666666667,1.699673171197595,0.0,0.0,0.0,0.0,0.0,0.0,0.0,0.0,0.0,0.0,0.0,0.0,0.0,0.0,21.666666666666668,2.494438257849294,22.33333333333333,7.586537784494028,0.0,0.0,0.0,0.0,16.333333333333332,7.586537784494028,0.0,0.0,0.0,0.0,0.0,0.0,0.0,0.0,-8.10489417989418,2.0051491971469533,12.396984810013375,5.048895574624591,35.85925925925926,4.34615643859626,104.4221512642315,4.227986267416474,-22.129298941798947,62.05759036726352,103.82422709998986,10.913406393941074,430.9708664021164,35.722116759422185,156.89252258031993,33.160236184319594,14.0
2,99_1,99,2.103,1.493777984396164,0.6666666666666666,0.4714045207910317,1.0,1.4142135623730951,1.0,1.4142135623730951,13.666666666666666,2.0548046676563256,1.6666666666666667,2.357022603955158,0.0,0.0,0.6666666666666666,0.9428090415820634,0.0,0.0,0.0,0.0,0.0,0.0,0.0,0.0,0.0,0.0,0.0,0.0,2.0,2.160246899469287,18.33333333333333,8.65383665716478,20.0,5.0990195135927845,0.0,0.0,0.0,0.0,15.0,4.898979485566356,0.0,0.0,0.0,0.0,0.0,0.0,1.0,1.4142135623730951,-6.499907407407407,5.31257723416786,11.317907347181787,6.483689432423708,35.85092592592593,44.350658357868895,84.60916884051137,15.001110170527143,-38.348055555555554,31.829674137664,112.96541850481356,14.124028483302444,423.6206018518519,115.93831907180936,226.1018551975069,33.12776869812766,14.0
3,99_1,99,1.1306666666666667,0.8075173200756887,0.6666666666666666,0.4714045207910317,0.0,0.0,0.0,0.0,14.666666666666666,2.867441755680876,3.6666666666666665,4.496912521077348,0.6666666666666666,0.4714045207910317,0.3333333333333333,0.4714045207910317,0.0,0.0,0.0,0.0,0.0,0.0,2.0,2.8284271247461903,0.0,0.0,0.0,0.0,3.333333333333333,4.027681991198191,17.0,1.632993161855452,14.0,7.25718035235908,0.0,0.0,0.0,0.0,19.33333333333333,2.867441755680876,2.0,2.8284271247461903,0.0,0.0,0.0,0.0,0.0,0.0,-0.9042195767195764,4.280366139351172,6.970747484655273,2.2000984392098086,59.67563492063491,32.521332253026095,68.08512723572242,13.752175935424884,-45.96011904761905,24.687602583577064,105.26728278544654,22.774830340217804,435.0399669312169,46.280985790415485,242.68759440637945,51.412894812838346,14.0
4,99_1,99,1.0273333333333332,0.773665015077944,0.6666666666666666,0.4714045207910317,0.0,0.0,0.0,0.0,11.666666666666666,5.734883511361751,0.3333333333333333,0.4714045207910317,0.3333333333333333,0.4714045207910317,0.6666666666666666,0.4714045207910317,0.0,0.0,0.0,0.0,0.0,0.0,0.0,0.0,0.0,0.0,0.0,0.0,2.333333333333333,2.6246692913372702,13.666666666666666,1.699673171197595,13.333333333333334,8.498365855987974,0.0,0.0,0.0,0.0,26.666666666666668,0.9428090415820634,0.0,0.0,0.0,0.0,0.0,0.0,1.6666666666666667,2.357022603955158,-0.3973015873015872,5.427543171668237,5.444521372930306,0.6063204475041317,39.12568783068784,61.56741907080632,70.3337678760444,9.796836153038443,-88.15492063492063,32.44981065303237,87.11376538208923,8.319792080699173,539.2254894179895,70.92474967018838,227.527321123422,21.77999001446808,14.0
5,99_1,99,5.296,0.9466646713593996,1.6666666666666667,0.4714045207910317,0.0,0.0,0.0,0.0,7.666666666666667,4.642796092394707,1.6666666666666667,1.699673171197595,0.6666666666666666,0.9428090415820634,0.0,0.0,0.0,0.0,0.0,0.0,0.0,0.0,0.3333333333333333,0.4714045207910317,0.0,0.0,0.0,0.0,2.6666666666666665,3.771236166328253,13.333333333333334,3.0912061651652345,17.666666666666668,8.178562764256865,0.0,0.0,0.0,0.0,19.0,4.546060565661952,0.0,0.0,0.0,0.0,0.0,0.0,0.3333333333333333,0.4714045207910317,-0.9795370370370368,2.966794198373168,6.955579770180697,3.259761935980624,41.209775132275134,53.55729409087325,88.82740002038588,23.20390424646777,-52.04156084656085,36.66371229710805,104.62192918009504,10.953320218623874,603.7019973544974,150.39645625790695,369.3287630001966,168.78409428623658,14.0
6,99_1,99,1.8413333333333337,0.5197321959967032,1.0,0.0,0.0,0.0,0.0,0.0,5.333333333333333,3.2998316455372216,0.6666666666666666,0.9428090415820634,1.0,0.816496580927726,0.3333333333333333,0.4714045207910317,0.0,0.0,0.0,0.0,0.0,0.0,0.3333333333333333,0.4714045207910317,0.0,0.0,0.0,0.0,0.3333333333333333,0.4714045207910317,5.666666666666667,3.858612300930075,6.333333333333333,1.247219128924647,0.0,0.0,0.0,0.0,18.0,6.48074069840786,0.6666666666666666,0.9428090415820634,0.0,0.0,0.0,0.0,0.6666666666666666,0.9428090415820634,-0.3877116402116403,1.6372577237971495,4.269292999550797,1.225857785098583,54.46198412698413,30.694314760365344,46.46496713481916,2.765050335170512,-51.8380291005291,45.31746639155638,80.24583704163923,19.991670356601706,293.69107142857143,103.24689298126056,263.11781209069494,15.456044993462225,14.0
7,99_1,99,1.3156666666666668,0.2128290915787177,1.0,0.0,0.0,0.0,0.0,0.0,6.666666666666667,6.599663291074443,2.0,2.8284271247461903,1.3333333333333333,1.247219128924647,1.0,0.816496580927726,0.0,0.0,0.0,0.0,0.0,0.0,0.0,0.0,0.0,0.0,0.0,0.0,4.0,3.741657386773941,7.666666666666667,3.299831645537222,12.666666666666666,1.699673171197595,0.0,0.0,0.0,0.0,21.0,4.08248290463863,0.0,0.0,0.0,0.0,0.3333333333333333,0.4714045207910317,1.0,1.4142135623730951,-0.2550000000000001,3.6274237817190698,5.105328537824458,1.105924117930357,43.42083333333333,34.218634616093496,78.60019972118056,3.934001370006003,-48.39472222222222,13.346196405255478,103.17871034753271,10.124319749357392,423.02532407407415,130.28261651838565,309.10286963800445,32.60207074592783,12.0
8,99_1,99,2.596,1.8363928410519,0.6666666666666666,0.4714045207910317,0.0,0.0,0.0,0.0,5.333333333333333,5.557777333511022,0.0,0.0,0.6666666666666666,0.4714045207910317,2.333333333333333,3.2998316455372216,0.0,0.0,0.0,0.0,0.0,0.0,0.0,0.0,0.0,0.0,0.0,0.0,3.0,3.559026084010437,5.333333333333333,4.496912521077348,6.0,4.08248290463863,0.0,0.0,0.0,0.0,16.333333333333332,6.599663291074443,0.6666666666666666,0.9428090415820634,0.0,0.0,0.0,0.0,0.0,0.0,2.8227248677248675,3.675579708045555,5.048740827906911,1.2647340554141504,31.94037037037037,37.343031809963485,61.3166252767953,5.297429491026001,-39.77193562610229,24.413752240476988,84.16033064278746,6.57699079565713,212.840405643739,55.669661523816906,241.4293541281984,33.42455124771742,8.0
9,99_1,99,1.2406666666666666,0.8786054606907219,0.6666666666666666,0.4714045207910317,0.0,0.0,0.0,0.0,6.0,4.898979485566356,0.0,0.0,1.3333333333333333,1.8856180831641267,0.0,0.0,0.0,0.0,0.0,0.0,0.0,0.0,2.0,2.8284271247461903,0.0,0.0,0.6666666666666666,0.9428090415820634,3.0,4.242640687119285,3.6666666666666665,0.9428090415820634,8.333333333333334,6.847546194724712,0.0,0.0,0.0,0.0,14.333333333333334,7.760297817881877,1.3333333333333333,1.8856180831641267,0.0,0.0,0.0,0.0,0.0,0.0,3.1036640211640214,3.175230684399003,4.110219032358115,1.209527054762466,26.16219576719577,48.224462878266046,61.08727329194223,22.777879245775267,-31.35679894179894,49.52904217439583,78.7527649485843,16.93959112155786,255.9401256613756,139.89252936875735,269.9411615187549,143.39400068471738,11.0
10,99_1,99,0.5723333333333334,0.8094015621982015,0.3333333333333333,0.4714045207910317,0.0,0.0,0.0,0.0,4.0,4.320493798938574,2.0,2.8284271247461903,0.6666666666666666,0.9428090415820634,2.6666666666666665,2.494438257849294,0.0,0.0,0.0,0.0,0.0,0.0,0.0,0.0,0.0,0.0,0.0,0.0,2.0,2.8284271247461903,5.333333333333333,3.858612300930076,4.666666666666667,4.109609335312651,0.0,0.0,0.0,0.0,13.0,11.04536101718726,0.0,0.0,0.0,0.0,0.0,0.0,0.0,0.0,1.7591534391534391,1.2854636086107052,2.741650283355808,2.2932854199745405,38.3722619047619,30.546006411955045,45.85624935054267,32.71246390636614,-10.29595238095238,16.24741822272099,62.892798507874375,45.78505190696029,286.51600529100523,249.45046809461164,223.3155135687405,169.00579054604506,13.0
11,99_1,99,6.284999999999999,3.6931829993471306,2.0,0.816496580927726,0.0,0.0,0.0,0.0,3.0,2.160246899469287,0.0,0.0,0.3333333333333333,0.4714045207910317,2.0,2.8284271247461903,0.0,0.0,0.0,0.0,0.0,0.0,0.0,0.0,0.0,0.0,0.0,0.0,2.0,2.8284271247461903,6.333333333333333,6.342099196813483,4.0,4.96655480858378,0.0,0.0,0.0,0.0,14.0,11.04536101718726,0.0,0.0,0.0,0.0,0.0,0.0,0.0,0.0,-0.3612566137566136,1.3913032606497182,3.177977144484174,1.96761616571048,39.90673280423281,30.70150011884201,49.7557461554684,35.61938316019332,-5.259074074074076,8.558373998645179,85.48974503001358,39.38859514793538,240.03897486772487,223.0720190167845,192.568138409951,117.26676796589946,13.666666666666666
12,99_1,99,1.881,0.6646823802890119,1.0,0.0,0.0,0.0,0.0,0.0,5.0,3.741657386773941,0.3333333333333333,0.4714045207910317,2.0,1.4142135623730951,1.0,0.816496580927726,0.0,0.0,0.0,0.0,0.0,0.0,1.0,1.4142135623730951,0.0,0.0,0.0,0.0,1.3333333333333333,1.8856180831641267,8.666666666666666,6.599663291074443,6.0,4.242640687119285,0.0,0.0,0.3333333333333333,0.4714045207910317,13.666666666666666,10.07747763855398,1.3333333333333333,1.8856180831641267,1.0,1.4142135623730951,0.0,0.0,1.3333333333333333,1.8856180831641267,1.284537037037037,1.1645688001993724,2.9803594416816845,2.33836237379436,40.716388888888886,29.38905566272781,48.30226889479031,35.40809808026504,-11.105740740740742,28.690725119583803,64.42829067887402,45.75698850931203,226.0168055555556,183.06511432333173,173.6284631985146,133.09517592988053,14.0
13,99_1,99,2.122333333333333,1.5123699576786391,0.6666666666666666,0.4714045207910317,0.0,0.0,0.0,0.0,0.0,0.0,0.0,0.0,0.3333333333333333,0.4714045207910317,2.333333333333333,3.2998316455372216,0.0,0.0,0.0,0.0,0.0,0.0,0.0,0.0,0.0,0.0,0.0,0.0,0.0,0.0,0.0,0.0,0.0,0.0,0.0,0.0,0.0,0.0,8.0,6.164414002968976,0.0,0.0,0.0,0.0,0.0,0.0,0.0,0.0,-0.1362962962962962,0.94751411092279,1.4451809127014592,1.0372029645376464,26.84685185185185,20.183256752937737,35.753068546838094,25.44856240087256,-1.1085185185185178,38.91078268716586,51.84472642567268,36.89084835095175,132.23435185185184,132.00915175328598,174.25492538820038,151.85964992554574,9.0
14,99_1,99,3.985,0.609638144038467,1.6666666666666667,0.4714045207910317,0.0,0.0,0.0,0.0,11.0,11.343133018115704,2.0,2.160246899469287,0.6666666666666666,0.9428090415820634,0.6666666666666666,0.9428090415820634,0.0,0.0,0.0,0.0,0.0,0.0,1.0,1.4142135623730951,0.0,0.0,0.0,0.0,6.0,4.320493798938574,7.0,4.242640687119285,9.666666666666666,4.988876515698588,0.0,0.0,0.3333333333333333,0.4714045207910317,24.0,2.943920288775949,0.3333333333333333,0.4714045207910317,0.3333333333333333,0.4714045207910317,1.3333333333333333,1.8856180831641267,2.333333333333333,3.2998316455372216,2.6314814814814818,9.6457479953384,6.456781465146524,1.3371161093716282,33.68849206349206,56.6448698770129,79.9929975881065,18.734435575129247,-80.82208994708994,31.285961589796013,88.91939717425096,18.20984719217411,480.1339285714286,170.90962607501123,376.4027001179668,240.8004944916765,12.666666666666666
15,99_1,99,1.2263333333333333,1.7342972319902057,0.3333333333333333,0.4714045207910317,0.0,0.0,0.0,0.0,8.333333333333334,9.741092797468305,2.333333333333333,3.2998316455372216,2.6666666666666665,3.771236166328253,0.3333333333333333,0.4714045207910317,0.0,0.0,0.0,0.0,0.0,0.0,0.0,0.0,0.0,0.0,0.0,0.0,0.0,0.0,6.333333333333333,6.944222218666553,8.333333333333334,9.104333522498443,0.0,0.0,0.0,0.0,11.666666666666666,13.02134998974974,0.0,0.0,0.0,0.0,0.0,0.0,0.3333333333333333,0.4714045207910317,3.5148148148148146,6.491343291099932,3.123335837083012,2.2088648551646264,26.575,39.206912537724016,46.08891916315387,23.02907939898728,-16.072222222222223,29.48850712513497,74.12043767293645,43.43462655517093,112.3074074074074,98.08536656229164,92.7101343971412,86.54723925883094,12.666666666666666
16,99_1,99,4.455333333333333,3.156485000052361,0.6666666666666666,0.4714045207910317,0.0,0.0,0.0,0.0,8.666666666666666,3.0912061651652345,0.0,0.0,3.6666666666666665,5.185449728701348,1.3333333333333333,1.8856180831641267,0.6666666666666666,0.9428090415820634,1.0,1.4142135623730951,0.0,0.0,1.0,1.4142135623730951,0.0,0.0,1.0,1.4142135623730951,2.333333333333333,3.2998316455372216,13.333333333333334,8.055363982396381,11.0,6.48074069840786,0.0,0.0,0.0,0.0,22.33333333333333,5.792715732327588,1.0,1.4142135623730951,1.0,1.4142135623730951,0.0,0.0,3.0,2.449489742783178,3.237777777777778,7.054575274566624,5.63480052907573,1.1515885224766211,67.8275925925926,59.78232064923965,59.05988847206712,13.05409599817408,1.426481481481484,59.290727465962775,107.68276449014232,14.217900724060016,374.5024074074074,93.96564995747504,221.1194392143215,97.70052081246816,14.0
17,99_1,99,1.0526666666666669,1.4886954766580782,0.3333333333333333,0.4714045207910317,0.0,0.0,0.0,0.0,13.666666666666666,10.656244908763853,6.0,8.48528137423857,0.6666666666666666,0.9428090415820634,1.6666666666666667,0.9428090415820634,0.3333333333333333,0.4714045207910317,0.3333333333333333,0.4714045207910317,0.0,0.0,2.0,2.8284271247461903,0.0,0.0,0.3333333333333333,0.4714045207910317,2.0,2.8284271247461903,18.666666666666668,4.189935029992178,16.666666666666668,4.642796092394706,0.0,0.0,0.6666666666666666,0.9428090415820634,20.33333333333333,2.6246692913372702,1.3333333333333333,1.8856180831641267,0.6666666666666666,0.9428090415820634,0.0,0.0,0.3333333333333333,0.4714045207910317,2.641256613756614,7.72825421781388,7.827461160107148,3.806429225997239,51.73978835978836,41.31486580209097,74.12624549923324,5.237322148156216,-27.56554232804233,24.55213306370773,102.25010467991456,14.196375023826295,255.94080026455023,44.675489742378,165.39536399097054,93.5461248482012,14.0
18,99_1,99,1.0806666666666669,0.7995099888195407,0.6666666666666666,0.4714045207910317,0.0,0.0,0.0,0.0,10.666666666666666,13.02134998974974,4.0,5.656854249492381,2.333333333333333,2.6246692913372702,1.0,0.816496580927726,0.0,0.0,0.0,0.0,0.0,0.0,0.0,0.0,0.0,0.0,0.0,0.0,0.0,0.0,8.666666666666666,5.792715732327589,5.0,2.449489742783178,0.0,0.0,0.3333333333333333,0.4714045207910317,16.333333333333332,8.73053390247253,0.0,0.0,0.0,0.0,0.0,0.0,3.6666666666666665,5.185449728701348,3.185277777777778,8.536579445637887,5.295629113052555,1.2301956992742449,54.71953703703704,46.81426642886002,55.69225555294339,18.60430478777832,4.061481481481482,3.522916673663281,87.51908537214932,24.045425920763343,224.7203703703704,178.11663868244187,159.27448107368113,125.66498873720444,5.666666666666667
19,99_1,99,0.7646666666666667,0.5555011751162687,0.6666666666666666,0.4714045207910317,0.0,0.0,0.0,0.0,6.0,8.48528137423857,0.0,0.0,2.6666666666666665,1.699673171197595,0.6666666666666666,0.9428090415820634,0.0,0.0,0.0,0.0,0.0,0.0,0.0,0.0,0.0,0.0,0.0,0.0,0.0,0.0,1.3333333333333333,0.9428090415820634,1.3333333333333333,1.247219128924647,0.0,0.0,0.0,0.0,15.666666666666666,11.440668201153676,0.0,0.0,0.0,0.0,0.0,0.0,6.0,8.48528137423857,5.28925925925926,8.006321914809979,3.5006645807865504,2.182111231578928,39.30148148148148,35.058757268045,54.18466465727604,20.506568011649364,-9.06962962962963,22.98659759061499,65.8777472226251,16.61905169082642,169.61037037037036,118.72636108691708,159.14954813087311,124.38421238668434,2.6666666666666665
20,99_1,99,0.0,0.0,0.0,0.0,0.0,0.0,0.0,0.0,0.0,0.0,0.0,0.0,2.0,1.632993161855452,2.0,2.160246899469287,0.0,0.0,0.0,0.0,0.0,0.0,0.3333333333333333,0.4714045207910317,0.0,0.0,0.0,0.0,0.0,0.0,0.0,0.0,0.0,0.0,0.0,0.0,0.0,0.0,7.0,4.320493798938574,0.3333333333333333,0.4714045207910317,0.3333333333333333,0.4714045207910317,0.0,0.0,0.6666666666666666,0.9428090415820634,0.9666666666666665,0.9358102055121758,3.969278322066181,1.93216343198535,20.40833333333333,12.98944193766044,48.10626136120374,19.808636637591885,1.7027777777777782,10.39854052556071,56.01960932114679,21.914669664543982,172.05416666666667,199.97340005402387,415.8120506966541,498.25026447311257,3.0
21,99_1,99,2.4886666666666666,2.464395170331973,0.6666666666666666,0.4714045207910317,0.0,0.0,0.0,0.0,1.0,0.816496580927726,0.0,0.0,1.0,1.4142135623730951,0.6666666666666666,0.9428090415820634,0.0,0.0,0.0,0.0,0.0,0.0,0.0,0.0,0.0,0.0,0.0,0.0,0.3333333333333333,0.4714045207910317,1.0,0.816496580927726,1.0,0.816496580927726,0.0,0.0,0.0,0.0,3.6666666666666665,4.496912521077348,0.0,0.0,0.0,0.0,0.0,0.0,0.3333333333333333,0.4714045207910317,0.4675925925925926,0.953880781834586,2.7186528719247227,2.8317386794700417,6.578703703703702,4.725529524475971,32.20352519132794,25.93046702407995,0.5287037037037039,3.8049136612834817,30.47512731401919,24.89648781295585,89.05046296296297,111.48670120324556,176.62472340965357,195.05298668845296,3.0
22,99_1,99,2.321,2.107129326833073,1.0,0.0,0.0,0.0,0.0,0.0,4.333333333333333,6.128258770283413,1.3333333333333333,1.8856180831641267,0.6666666666666666,0.9428090415820634,0.3333333333333333,0.4714045207910317,0.0,0.0,0.0,0.0,0.0,0.0,0.0,0.0,0.0,0.0,0.0,0.0,0.0,0.0,4.333333333333333,5.436502143433364,6.0,8.48528137423857,0.0,0.0,0.0,0.0,12.333333333333334,8.9566858950296,0.0,0.0,0.0,0.0,0.0,0.0,0.3333333333333333,0.4714045207910317,0.7583333333333333,1.174044134447095,2.8334737712635323,2.003661501415091,58.64629629629629,41.934603293232286,43.156262309306925,31.835076657592985,24.8462962962963,17.59886832508645,73.79355728354746,52.23525234548194,247.2703703703704,203.98462377478305,194.20919963156285,180.85367136134465,5.333333333333333
23,99_1,99,2.7516666666666665,1.9883417434859847,1.0,0.816496580927726,0.0,0.0,0.0,0.0,3.6666666666666665,4.496912521077348,1.0,1.4142135623730951,0.0,0.0,2.333333333333333,3.2998316455372216,0.0,0.0,0.0,0.0,0.0,0.0,0.0,0.0,0.0,0.0,0.0,0.0,0.3333333333333333,0.4714045207910317,4.0,5.656854249492381,1.6666666666666667,2.357022603955158,0.0,0.0,0.0,0.0,10.0,11.430952132988164,0.0,0.0,0.0,0.0,0.0,0.0,0.0,0.0,-2.382407407407407,3.589465276881349,1.8324943731828576,1.70265825507353,10.632407407407408,7.595525517534461,46.94731444662917,42.71903708800902,33.33796296296296,39.58220481388915,54.52500764083347,47.2621740048442,156.4226851851852,193.475498245154,65.02989604320821,46.33767890689903,13.666666666666666
24,99_1,99,1.2483333333333333,1.7654099303624138,0.3333333333333333,0.4714045207910317,0.0,0.0,0.0,0.0,3.333333333333333,4.027681991198191,0.0,0.0,1.0,1.4142135623730951,2.0,2.160246899469287,0.0,0.0,0.0,0.0,0.0,0.0,0.0,0.0,0.0,0.0,0.0,0.0,0.3333333333333333,0.4714045207910317,6.0,2.449489742783178,4.0,3.741657386773941,0.0,0.0,0.3333333333333333,0.4714045207910317,11.0,5.887840577551898,0.0,0.0,0.0,0.0,0.0,0.0,0.0,0.0,-0.3324074074074074,1.2996207371216622,2.220351838236656,0.398401071820322,19.33055555555556,19.799902185192984,53.92167046675353,13.49752910861106,-17.589814814814815,19.027203334574786,65.97859022917442,26.919871310822906,209.46712962962965,188.30210163965288,251.87950575144728,170.28454314765145,14.0
25,99_1,99,2.894333333333333,2.355629616236154,1.3333333333333333,0.9428090415820634,0.0,0.0,0.0,0.0,7.333333333333333,3.2998316455372216,1.0,0.816496580927726,0.6666666666666666,0.9428090415820634,4.666666666666667,3.6817870057290873,0.0,0.0,0.0,0.0,0.0,0.0,0.3333333333333333,0.4714045207910317,0.0,0.0,0.0,0.0,0.6666666666666666,0.9428090415820634,8.0,5.715476066494082,7.0,5.354126134736337,0.0,0.0,0.0,0.0,18.0,1.632993161855452,0.3333333333333333,0.4714045207910317,0.0,0.0,0.0,0.0,0.0,0.0,-2.443703703703704,2.717963612757601,5.377077042267524,2.903859304463692,45.5625925925926,28.54417959139749,79.03550018802328,16.471779044321245,-24.83796296296296,37.70596703804781,102.84385933981429,13.618935086973456,418.9834259259259,338.8979021023881,296.14092934535984,179.65230139847372,14.0
26,99_1,99,2.763,2.490941321401744,1.3333333333333333,0.9428090415820634,0.0,0.0,0.0,0.0,5.666666666666667,4.189935029992179,1.0,1.4142135623730951,0.0,0.0,3.0,1.632993161855452,0.0,0.0,0.0,0.0,0.0,0.0,0.6666666666666666,0.9428090415820634,0.0,0.0,0.3333333333333333,0.4714045207910317,4.0,5.656854249492381,10.333333333333334,2.6246692913372702,9.666666666666666,2.357022603955158,0.0,0.0,0.0,0.0,12.666666666666666,3.681787005729087,0.3333333333333333,0.4714045207910317,0.0,0.0,0.0,0.0,0.0,0.0,-0.2539682539682539,1.73506621617228,5.069760817919627,3.012644605103731,52.850291005291005,33.571836862586146,71.28909621417047,7.846486721595788,-18.124973544973543,55.08599481280511,88.33824733266083,19.10036531850604,458.12432539682544,391.6941980114979,407.1255139670295,294.47771976717,14.0
27,99_1,99,2.73,1.6817514679642769,1.3333333333333333,0.4714045207910317,6.0,8.48528137423857,0.0,0.0,7.0,3.559026084010437,1.0,1.4142135623730951,1.0,1.4142135623730951,1.0,1.4142135623730951,0.0,0.0,0.0,0.0,0.0,0.0,0.3333333333333333,0.4714045207910317,0.0,0.0,0.0,0.0,6.333333333333333,4.642796092394707,13.333333333333334,1.699673171197595,12.0,4.320493798938574,0.0,0.0,1.3333333333333333,1.247219128924647,19.33333333333333,4.496912521077347,0.3333333333333333,0.4714045207910317,0.0,0.0,0.0,0.0,1.3333333333333333,1.8856180831641267,0.0695238095238095,4.81315674165821,4.30337793885277,1.80601949784336,69.6119708994709,9.048142192729276,70.00203019540312,13.5789562369723,-40.59902116402117,7.200000500503109,103.03115344771425,14.989711164615736,379.15850529100527,105.75639982476294,260.7590114759258,35.265522119657454,13.666666666666666
28,99_1,99,2.7710000000000004,2.447706409409974,1.3333333333333333,0.4714045207910317,3.6666666666666665,5.185449728701348,5.0,7.071067811865476,12.333333333333334,7.760297817881877,2.6666666666666665,3.091206165165235,0.0,0.0,1.3333333333333333,1.8856180831641267,0.0,0.0,0.0,0.0,0.0,0.0,2.6666666666666665,3.771236166328253,0.0,0.0,0.0,0.0,5.666666666666667,4.027681991198191,10.0,1.4142135623730951,9.0,2.943920288775949,0.0,0.0,0.3333333333333333,0.4714045207910317,12.0,7.071067811865476,4.0,5.656854249492381,0.6666666666666666,0.9428090415820634,0.3333333333333333,0.4714045207910317,0.0,0.0,0.216820987654321,4.353469956817652,3.663536321813394,0.6088788643542761,47.07197971781304,28.487498469892948,73.08502329979532,9.387854290366503,-32.37361111111111,20.54249012322905,87.79237131904536,12.680877196752892,357.9335317460318,143.9565749428904,265.1106742635618,49.34856970676482,13.666666666666666
29,99_1,99,3.7273333333333327,4.071286801764551,1.3333333333333333,0.4714045207910317,0.6666666666666666,0.9428090415820634,0.3333333333333333,0.4714045207910317,14.333333333333334,11.67142760000773,1.3333333333333333,1.247219128924647,0.3333333333333333,0.4714045207910317,0.0,0.0,0.0,0.0,0.0,0.0,0.0,0.0,2.0,2.8284271247461903,0.0,0.0,0.0,0.0,4.333333333333333,6.128258770283412,7.666666666666667,4.027681991198191,6.0,3.741657386773941,0.0,0.0,0.0,0.0,5.666666666666667,3.39934634239519,3.333333333333333,4.714045207910316,0.3333333333333333,0.4714045207910317,0.0,0.0,0.0,0.0,0.6689506172839504,2.099262446596928,5.429011181329838,2.989842175978049,26.588641975308644,16.54066436261781,60.881052245096015,2.369197311285617,-41.15863315696649,31.02505261248683,68.08790721992567,12.929057067970032,273.579241622575,145.99224222064365,227.6572381063567,60.48190488127973,13.666666666666666
30,99_1,99,2.3143333333333334,1.0151913886334711,1.0,0.0,0.0,0.0,0.0,0.0,10.666666666666666,5.436502143433364,1.6666666666666667,1.699673171197595,0.3333333333333333,0.4714045207910317,0.6666666666666666,0.4714045207910317,0.0,0.0,0.0,0.0,0.0,0.0,2.0,2.8284271247461903,0.0,0.0,0.0,0.0,4.333333333333333,6.128258770283412,14.333333333333334,2.867441755680876,11.0,2.160246899469287,0.0,0.0,0.0,0.0,13.0,4.320493798938574,2.0,2.8284271247461903,0.0,0.0,0.0,0.0,3.0,4.242640687119285,0.2325396825396825,1.812761914074119,4.751116206443096,1.5589651091730827,30.95958994708995,40.51922923084183,66.16275454375254,9.131289602105316,-30.181878306878303,71.35317127171363,82.48424322996682,5.680644452690211,370.9570767195767,270.5378018142741,235.92881690163745,73.58739218339826,13.666666666666666
31,99_1,99,2.836666666666668,3.490082361333166,1.0,0.816496580927726,0.0,0.0,0.0,0.0,5.666666666666667,3.6817870057290873,0.0,0.0,2.0,0.816496580927726,0.0,0.0,0.0,0.0,0.0,0.0,0.0,0.0,2.0,2.8284271247461903,0.0,0.0,0.0,0.0,7.0,8.524474568362947,10.0,7.071067811865476,9.0,6.531972647421808,0.0,0.0,0.3333333333333333,0.4714045207910317,16.333333333333332,7.586537784494028,0.6666666666666666,0.9428090415820634,0.0,0.0,0.0,0.0,0.0,0.0,-2.26962962962963,3.002445859386303,4.992961430525882,2.413716833357808,40.052314814814814,15.569281738888382,87.52123755033215,23.859790631096708,-37.02361111111112,79.83891698849041,76.03010624172423,21.940621749575143,683.4493055555555,658.7827264920842,428.9293486783624,347.07683119556293,12.666666666666666
32,99_1,99,2.446,2.70611505052292,0.6666666666666666,0.4714045207910317,6.333333333333333,8.956685895029603,0.3333333333333333,0.4714045207910317,3.6666666666666665,4.496912521077348,0.0,0.0,2.333333333333333,3.2998316455372216,0.3333333333333333,0.4714045207910317,0.0,0.0,0.0,0.0,0.0,0.0,2.6666666666666665,3.771236166328253,0.0,0.0,0.0,0.0,6.0,4.320493798938574,9.0,6.48074069840786,7.333333333333333,8.339997335464536,0.0,0.0,0.0,0.0,16.333333333333332,6.236095644623235,3.0,4.242640687119285,1.0,1.4142135623730951,0.0,0.0,0.0,0.0,-2.443690476190476,2.801738805539717,3.460457978279426,2.1586049708683164,34.5119532627866,21.35478142224973,88.34342937034309,31.550314956877603,-47.49478835978835,37.65006127866346,89.26841303165095,31.82862932404126,569.09512345679,417.67351894281785,332.59531854765754,286.48594874117435,12.666666666666666
33,99_1,99,2.4216666666666664,0.7141159258520675,1.0,0.0,0.0,0.0,0.0,0.0,5.333333333333333,4.988876515698588,0.3333333333333333,0.4714045207910317,1.0,1.4142135623730951,0.3333333333333333,0.4714045207910317,0.0,0.0,0.0,0.0,0.0,0.0,0.6666666666666666,0.9428090415820634,0.0,0.0,0.0,0.0,2.0,2.8284271247461903,9.0,6.48074069840786,6.0,5.354126134736337,0.0,0.0,0.0,0.0,12.0,8.640987597877148,3.333333333333333,4.714045207910316,0.6666666666666666,0.9428090415820634,0.0,0.0,1.6666666666666667,2.357022603955158,-0.7042829084495749,2.311637749638757,3.5595294096650574,2.679229040250004,17.783526535193204,17.658159646973836,48.05326644067677,34.00712917666714,-7.302484367484371,47.47817401474766,60.097576998299154,42.542464437477065,387.7428381032548,325.69097038515,308.33951507038427,295.4100832295552,13.666666666666666
34,99_1,99,3.307,3.372020857982148,1.0,0.816496580927726,7.0,9.899494936611664,1.0,1.4142135623730951,6.666666666666667,7.408703590297622,0.0,0.0,1.6666666666666667,2.357022603955158,0.6666666666666666,0.9428090415820634,0.0,0.0,0.0,0.0,0.0,0.0,0.0,0.0,0.0,0.0,0.0,0.0,1.3333333333333333,1.247219128924647,8.666666666666666,6.128258770283411,13.333333333333334,11.469767022723502,0.0,0.0,0.6666666666666666,0.9428090415820634,17.333333333333332,12.283683848458852,0.0,0.0,0.0,0.0,0.0,0.0,0.0,0.0,0.2083641975308639,2.0567694118271573,2.819633021334356,1.9986831971805328,34.18398148148148,30.74303151856212,57.00010538239008,44.767100702996025,-32.79682098765432,25.856313577085988,77.29434113811094,58.65488884172834,349.32242283950615,255.47994853220493,255.2205518680023,302.12891034215085,6.333333333333333
35,99_1,99,2.923,1.2807609717143424,1.0,0.0,2.6666666666666665,3.771236166328253,0.3333333333333333,0.4714045207910317,5.0,3.741657386773941,1.6666666666666667,2.357022603955158,0.6666666666666666,0.4714045207910317,0.0,0.0,0.0,0.0,0.0,0.0,0.0,0.0,0.0,0.0,0.0,0.0,0.0,0.0,1.6666666666666667,1.699673171197595,7.0,1.632993161855452,12.0,4.96655480858378,0.0,0.0,0.0,0.0,16.0,4.242640687119285,0.0,0.0,0.0,0.0,0.0,0.0,0.3333333333333333,0.4714045207910317,1.1185229276895945,2.570569815686829,4.318471299805215,0.520920556383388,27.341371252204585,16.977517634781734,76.08106508191331,10.821114521650127,18.31261463844797,10.575120742002987,92.65104403003032,15.46368663660108,244.8427182539683,126.97653698863938,222.7242077965168,72.42868409114739,12.666666666666666
36,99_1,99,0.0,0.0,0.0,0.0,1.6666666666666667,2.357022603955158,0.0,0.0,0.0,0.0,0.0,0.0,0.3333333333333333,0.4714045207910317,6.333333333333333,6.944222218666553,0.0,0.0,0.0,0.0,0.0,0.0,0.0,0.0,0.0,0.0,0.0,0.0,3.0,4.242640687119285,3.333333333333333,4.714045207910316,1.3333333333333333,1.8856180831641267,0.0,0.0,0.0,0.0,17.666666666666668,11.2644968324772,0.0,0.0,0.0,0.0,0.0,0.0,0.0,0.0,-3.1773148148148143,2.5423957498458063,2.592880619880644,1.484403849209986,40.82037037037038,23.947106637832704,64.8965703751327,30.02561285316257,-15.89212962962963,36.91956336929362,89.12960686785588,39.20793860650911,233.2863425925925,170.39194022103345,165.30452358159005,68.94466891178591,8.0
37,99_1,99,0.0,0.0,0.0,0.0,6.333333333333333,8.956685895029603,1.6666666666666667,2.357022603955158,0.0,0.0,0.0,0.0,1.0,0.816496580927726,0.3333333333333333,0.4714045207910317,0.0,0.0,0.0,0.0,0.0,0.0,0.0,0.0,0.0,0.0,0.0,0.0,4.333333333333333,5.436502143433364,4.0,5.656854249492381,2.333333333333333,2.6246692913372702,0.0,0.0,0.0,0.0,8.333333333333334,7.717224601860151,0.0,0.0,0.0,0.0,3.6666666666666665,5.185449728701348,0.0,0.0,-4.401851851851852,6.014464874193555,4.466974398223377,4.601385639991657,21.446296296296296,21.265062482229244,53.50833896214934,37.26208329979617,17.380555555555556,26.60564401043276,63.2499947302607,34.11032542913145,190.6527777777778,185.8157233912501,160.26563105455793,100.5079007646176,5.0
38,99_1,99,6.150666666666666,4.392878656290074,1.6666666666666667,1.247219128924647,0.0,0.0,0.0,0.0,8.333333333333334,6.847546194724712,3.0,2.8284271247461903,0.6666666666666666,0.4714045207910317,3.0,2.8284271247461903,0.0,0.0,0.0,0.0,0.0,0.0,0.0,0.0,0.0,0.0,0.0,0.0,0.6666666666666666,0.9428090415820634,11.333333333333334,6.128258770283412,9.333333333333334,6.128258770283412,0.0,0.0,0.0,0.0,18.33333333333333,3.6817870057290873,0.0,0.0,0.0,0.0,0.6666666666666666,0.4714045207910317,0.3333333333333333,0.4714045207910317,-0.5572222222222222,2.847183902181155,5.089698885831261,0.2352929714891996,58.24601851851852,32.1258910913333,67.22131679170452,12.078199777467058,15.028333333333336,52.84225236863912,102.46435976932298,18.87633701434694,341.08351851851853,100.41850125913211,285.81254071887844,135.3684403505782,12.666666666666666
39,99_1,99,5.994666666666667,2.038563928084888,2.0,0.816496580927726,0.0,0.0,0.0,0.0,6.0,2.449489742783178,0.0,0.0,0.3333333333333333,0.4714045207910317,6.0,2.943920288775949,0.0,0.0,0.0,0.0,0.0,0.0,0.0,0.0,0.0,0.0,0.0,0.0,0.0,0.0,8.333333333333334,4.109609335312651,6.333333333333333,3.6817870057290873,0.0,0.0,0.0,0.0,18.0,6.164414002968976,0.0,0.0,0.0,0.0,0.0,0.0,1.0,1.4142135623730951,-1.8375,2.5304541692093805,4.548686071661348,1.4365600007210215,35.74027777777778,22.59930352476657,75.65314139151661,11.64840299672032,9.891666666666667,46.52154087551378,104.96422887634448,4.9071605125169215,279.1601851851852,73.77905701853268,200.81871355997,13.688448551734762,14.0
40,99_1,99,1.6823333333333332,0.8110693900989949,1.0,0.0,0.0,0.0,0.0,0.0,3.333333333333333,2.867441755680876,0.3333333333333333,0.4714045207910317,1.0,0.816496580927726,2.0,2.160246899469287,0.0,0.0,0.0,0.0,0.0,0.0,1.3333333333333333,1.8856180831641267,0.0,0.0,0.0,0.0,1.0,1.4142135623730951,10.0,5.354126134736337,4.0,1.4142135623730951,0.0,0.0,0.6666666666666666,0.9428090415820634,15.0,8.286535263104035,1.3333333333333333,1.8856180831641267,1.0,1.4142135623730951,0.0,0.0,0.3333333333333333,0.4714045207910317,0.4711772486772487,1.051779088198149,5.294305788621789,1.5150169697573763,15.184960317460318,22.91084259012554,74.79619945575858,12.09531588805954,50.32179894179894,10.304772773919792,79.59393554302765,9.954062575180409,216.76665343915343,78.04856190872664,151.47805634672386,11.25660887665905,13.666666666666666
41,99_1,99,5.254666666666666,2.724345711460929,2.0,0.816496580927726,0.0,0.0,0.0,0.0,13.0,12.569805089976535,0.0,0.0,5.333333333333333,6.18241233033047,1.6666666666666667,1.699673171197595,0.0,0.0,0.0,0.0,0.0,0.0,0.0,0.0,0.0,0.0,0.0,0.0,0.0,0.0,16.0,12.328828005937952,15.333333333333334,11.897712198383164,0.0,0.0,0.0,0.0,23.0,9.899494936611664,0.0,0.0,0.0,0.0,0.0,0.0,0.0,0.0,5.155555555555556,3.929072158244407,4.882486779457765,1.2155831081684998,31.33101851851852,69.40993679985854,36.22248927701593,27.510712384648063,16.38518518518518,126.82678424253749,67.79807351622581,21.166383190936543,279.4724537037037,44.466366267288265,82.52885641751891,52.93426277178632,14.0
42,99_1,99,4.58,2.7211733988606217,1.3333333333333333,0.4714045207910317,0.0,0.0,0.0,0.0,3.6666666666666665,5.185449728701348,0.0,0.0,5.666666666666667,8.013876853447538,0.3333333333333333,0.4714045207910317,0.0,0.0,0.0,0.0,0.0,0.0,0.0,0.0,0.0,0.0,0.0,0.0,0.0,0.0,11.0,8.602325267042627,10.333333333333334,6.649979114420002,0.0,0.0,0.3333333333333333,0.4714045207910317,19.33333333333333,13.02134998974974,0.0,0.0,0.0,0.0,0.0,0.0,0.3333333333333333,0.4714045207910317,5.0028703703703705,3.2209045065310526,4.262731616643618,2.93344934409725,44.25033068783068,53.99483423071149,38.70338336761275,29.004844077916943,46.64246031746032,81.37894518555602,90.8079811230465,3.5896110105794827,242.65384920634924,37.83411874446277,113.62481008170396,69.34539113645599,13.666666666666666
43,99_1,99,6.6450000000000005,3.7363753380337297,1.6666666666666667,0.4714045207910317,0.0,0.0,0.0,0.0,10.0,6.164414002968976,3.0,4.242640687119285,0.6666666666666666,0.9428090415820634,5.333333333333333,6.128258770283413,0.0,0.0,0.0,0.0,0.0,0.0,0.0,0.0,0.0,0.0,0.0,0.0,2.0,2.8284271247461903,11.333333333333334,8.219218670625303,12.666666666666666,5.185449728701348,0.0,0.0,0.0,0.0,19.666666666666668,11.145502331533658,0.0,0.0,0.0,0.0,0.0,0.0,2.0,2.8284271247461903,3.264365079365079,2.8931811592298566,5.094144070878427,2.5375566582214018,23.396177248677247,24.378982207937494,74.67019589435712,20.12001520797603,3.660330687830687,42.39381650089406,91.15798378999186,20.4472248750343,161.43072751322754,32.209789316866335,135.97892080937925,42.28266034960668,13.666666666666666
44,99_1,99,4.092333333333333,0.997253004786426,1.3333333333333333,0.4714045207910317,0.0,0.0,0.0,0.0,2.0,2.160246899469287,0.0,0.0,1.6666666666666667,1.699673171197595,1.6666666666666667,1.699673171197595,0.0,0.0,0.0,0.0,0.0,0.0,0.0,0.0,0.0,0.0,0.0,0.0,1.3333333333333333,1.8856180831641267,11.333333333333334,10.338708279513884,9.0,6.377042156569663,0.0,0.0,0.0,0.0,16.0,9.626352718795768,0.0,0.0,0.0,0.0,0.0,0.0,2.333333333333333,3.2998316455372216,-0.9058333333333334,0.984111509414946,5.780287999248021,4.910415946345043,39.102910052910055,57.21288866094562,66.26521517699587,13.198912243870105,7.744497354497352,24.891364764414003,91.80936405280794,27.78676803836837,225.2700661375661,151.29187313546802,165.88432727195504,20.52409928311709,13.666666666666666
45,99_1,99,0.8993333333333333,1.2718493970942035,0.3333333333333333,0.4714045207910317,0.0,0.0,0.0,0.0,6.666666666666667,9.428090415820632,0.0,0.0,0.0,0.0,0.0,0.0,0.0,0.0,0.0,0.0,0.0,0.0,0.0,0.0,0.0,0.0,0.0,0.0,0.6666666666666666,0.9428090415820634,7.666666666666667,10.842303978193728,3.0,4.242640687119285,0.0,0.0,0.3333333333333333,0.4714045207910317,13.333333333333334,10.208928554075705,0.0,0.0,0.0,0.0,0.0,0.0,3.333333333333333,4.714045207910316,2.9532407407407404,4.235595344031503,3.354867248031018,2.3281192033136446,11.841666666666669,13.858563003375153,36.74371563826968,18.328988794523788,-51.07685185185185,44.23777913206904,52.10976755299252,20.10036951109487,146.9976851851852,122.69564193906886,119.4092618015519,58.04772126960565,13.666666666666666
46,99_1,99,3.726333333333333,0.9253108786900875,2.0,0.0,0.0,0.0,0.0,0.0,11.0,12.754084313139328,3.0,4.242640687119285,1.0,1.4142135623730951,0.3333333333333333,0.4714045207910317,0.0,0.0,0.0,0.0,0.0,0.0,0.3333333333333333,0.4714045207910317,0.0,0.0,0.0,0.0,1.3333333333333333,1.8856180831641267,10.666666666666666,10.96458946893235,8.666666666666666,8.178562764256865,0.0,0.0,1.0,1.4142135623730951,12.0,7.3484692283495345,0.3333333333333333,0.4714045207910317,0.6666666666666666,0.9428090415820634,0.0,0.0,8.0,11.31370849898476,3.4629629629629632,3.4169785564762307,4.5030864668912365,2.079013503622382,-9.382407407407408,53.01519098301643,53.00718708871252,18.615342655147806,-3.4083333333333363,41.05393697004881,75.11592229367982,26.42932487484736,76.59699074074074,58.736111194128426,123.63575327407214,39.59385060945035,13.666666666666666
47,99_1,99,3.7623333333333338,1.828182035672476,1.3333333333333333,0.4714045207910317,0.0,0.0,0.0,0.0,7.0,5.0990195135927845,2.333333333333333,1.699673171197595,1.0,1.4142135623730951,1.3333333333333333,1.8856180831641267,0.0,0.0,0.0,0.0,0.0,0.0,1.3333333333333333,1.8856180831641267,0.0,0.0,0.0,0.0,2.333333333333333,3.2998316455372216,5.0,3.559026084010437,3.333333333333333,2.494438257849294,0.0,0.0,0.6666666666666666,0.9428090415820634,13.333333333333334,6.128258770283412,1.6666666666666667,2.357022603955158,1.0,1.4142135623730951,0.0,0.0,1.0,1.4142135623730951,1.7195370370370373,2.159093487537923,4.472925129399427,2.093027487525208,16.962962962962965,28.92833572263976,61.26293328427184,8.642155048610476,-42.62268518518519,31.490152829462552,74.46809281323064,18.520559941399966,156.7324074074074,100.72256250027638,168.56463874453814,73.60942631094638,13.666666666666666
48,99_1,99,2.3216666666666668,2.0067526559649105,1.3333333333333333,0.9428090415820634,0.0,0.0,0.0,0.0,4.333333333333333,6.128258770283412,0.6666666666666666,0.9428090415820634,0.0,0.0,0.0,0.0,0.0,0.0,0.0,0.0,0.0,0.0,1.3333333333333333,1.8856180831641267,0.0,0.0,0.0,0.0,1.3333333333333333,1.8856180831641267,5.333333333333333,7.542472332656507,2.6666666666666665,3.771236166328253,0.0,0.0,1.0,1.4142135623730951,8.333333333333334,9.10433352249844,1.6666666666666667,2.357022603955158,0.6666666666666666,0.9428090415820634,0.0,0.0,2.333333333333333,3.2998316455372216,2.080846560846561,2.64604627112918,2.2464901913071587,2.3794272184817924,-8.75936507936508,22.733205226141504,30.219598189424705,23.027078429024527,-25.27358465608465,40.039547734136455,43.880261999739126,32.09289663051939,77.89231481481481,83.25321745668197,93.79386020651282,73.06321478674259,14.0
49,99_1,99,1.094666666666667,0.8017719265615516,0.6666666666666666,0.4714045207910317,0.0,0.0,0.0,0.0,8.0,7.483314773547883,0.6666666666666666,0.9428090415820634,3.6666666666666665,3.858612300930076,0.0,0.0,0.0,0.0,0.0,0.0,0.0,0.0,0.0,0.0,0.0,0.0,0.0,0.0,1.6666666666666667,2.357022603955158,2.6666666666666665,2.494438257849294,2.6666666666666665,2.494438257849294,0.0,0.0,5.333333333333333,7.542472332656507,17.666666666666668,12.552113589175152,1.6666666666666667,2.357022603955158,0.0,0.0,0.0,0.0,5.0,5.656854249492381,5.791666666666667,4.8342213956393865,5.3189759160035806,1.9200696188191388,15.00017195767196,74.26236766862017,41.84730977909653,12.792179214665238,17.194298941798937,53.67604288689052,57.21313384478753,21.224792429833627,155.82238095238094,94.47812132038509,131.26145823716232,65.9527187157482,6.0
50,99_1,99,2.051333333333333,1.582203596956543,0.6666666666666666,0.4714045207910317,0.0,0.0,0.0,0.0,4.0,5.656854249492381,0.0,0.0,2.6666666666666665,3.771236166328253,1.6666666666666667,2.357022603955158,0.0,0.0,0.0,0.0,0.0,0.0,0.0,0.0,0.0,0.0,0.0,0.0,0.0,0.0,2.333333333333333,3.2998316455372216,2.6666666666666665,3.771236166328253,0.0,0.0,0.3333333333333333,0.4714045207910317,17.333333333333332,6.79869268479038,0.0,0.0,0.0,0.0,0.0,0.0,0.6666666666666666,0.9428090415820634,3.6386147186147184,3.793991800310514,5.441644119659493,2.514074770082129,24.440254930254927,39.85166252580104,55.65291106948998,6.843908734766465,6.959202741702744,49.11221307263818,75.76225667226514,4.229170790860818,174.0077471139971,114.90244391464758,162.59762533705734,88.06530473909204,13.666666666666666
51,99_1,99,2.527333333333333,2.936002876171768,1.0,0.816496580927726,0.0,0.0,0.0,0.0,9.333333333333334,8.73053390247253,2.0,2.8284271247461903,0.0,0.0,0.3333333333333333,0.4714045207910317,0.0,0.0,0.0,0.0,0.0,0.0,0.0,0.0,0.0,0.0,0.0,0.0,1.0,0.816496580927726,9.333333333333334,1.247219128924647,9.666666666666666,4.988876515698588,0.0,0.0,6.666666666666667,9.428090415820632,18.33333333333333,6.599663291074443,0.0,0.0,0.0,0.0,0.0,0.0,1.0,1.4142135623730951,2.3087962962962965,4.358897812590192,4.716782885796157,2.13854554132816,-6.768981481481482,44.237399108136295,77.3522011097931,13.488014934390018,9.07731481481482,36.05601588213632,88.92318112064815,19.869201989569305,145.3659722222222,61.00384210002272,152.9430936443141,16.606972610336975,13.666666666666666
52,99_1,99,2.2293333333333334,2.25683101321792,1.0,0.816496580927726,0.0,0.0,0.0,0.0,6.666666666666667,7.318166133366716,0.3333333333333333,0.4714045207910317,0.6666666666666666,0.9428090415820634,0.6666666666666666,0.4714045207910317,0.0,0.0,0.0,0.0,0.0,0.0,0.0,0.0,0.0,0.0,0.0,0.0,0.6666666666666666,0.9428090415820634,10.0,5.887840577551898,7.666666666666667,4.496912521077348,0.0,0.0,0.6666666666666666,0.9428090415820634,14.333333333333334,6.944222218666553,0.0,0.0,0.0,0.0,0.0,0.0,0.6666666666666666,0.9428090415820634,0.6110582010582012,3.49316356009397,3.428356907502536,1.377771257521246,17.176507936507935,21.781920972846304,58.57223834886901,10.079258109658776,-6.065542328042329,71.24965677455043,70.48174467234139,18.225366106659333,235.3486243386244,109.76093315850208,195.856987668,29.40218973239362,13.666666666666666
53,99_1,99,2.747666666666667,1.6997369077464768,1.0,0.0,1.3333333333333333,1.8856180831641267,0.3333333333333333,0.4714045207910317,16.0,12.027745701779144,5.666666666666667,8.013876853447538,0.0,0.0,0.3333333333333333,0.4714045207910317,0.0,0.0,0.0,0.0,0.0,0.0,0.0,0.0,0.0,0.0,0.0,0.0,0.0,0.0,17.0,9.899494936611664,13.333333333333334,4.642796092394707,0.0,0.0,0.3333333333333333,0.4714045207910317,19.666666666666668,4.496912521077348,0.0,0.0,0.0,0.0,0.0,0.0,0.0,0.0,4.166452621452621,3.419645650595214,4.037741877682177,1.161630674748542,36.3688492063492,19.84481913955312,64.42255172872937,25.39147942524737,20.26445165945165,31.159382594160853,93.93753211890623,16.901801685998162,140.77358044733046,23.60650633234289,122.7786026426274,49.39510454259775,3.0
54,99_1,99,2.780333333333333,3.125304287407689,1.0,0.816496580927726,3.333333333333333,4.714045207910316,0.3333333333333333,0.4714045207910317,17.666666666666668,12.498888839501785,4.0,4.96655480858378,2.333333333333333,2.0548046676563256,2.0,2.8284271247461903,0.0,0.0,0.0,0.0,0.0,0.0,0.0,0.0,0.0,0.0,0.0,0.0,3.333333333333333,4.714045207910316,16.333333333333332,9.741092797468305,14.666666666666666,7.039570693980959,0.0,0.0,0.3333333333333333,0.4714045207910317,23.0,2.449489742783178,0.0,0.0,0.0,0.0,0.3333333333333333,0.4714045207910317,0.3333333333333333,0.4714045207910317,2.184111351611352,7.415776634563757,6.085815389712923,1.8392824528844447,54.43811688311688,45.76387621116154,63.24898980639858,33.54015812103027,9.0277886002886,44.82771244387082,102.42684565413934,29.143800124377808,242.3276406926407,108.5843793438886,117.7031641879988,103.6260432344728,2.333333333333333
55,99_1,99,3.174666666666667,2.6086533350029906,1.0,0.0,3.0,4.242640687119285,0.0,0.0,17.666666666666668,5.792715732327588,0.6666666666666666,0.9428090415820634,3.333333333333333,2.867441755680876,0.6666666666666666,0.9428090415820634,0.0,0.0,0.0,0.0,0.0,0.0,0.0,0.0,0.0,0.0,0.0,0.0,0.0,0.0,19.33333333333333,2.6246692913372702,19.0,0.816496580927726,0.0,0.0,0.0,0.0,22.33333333333333,5.557777333511022,0.0,0.0,0.0,0.0,0.0,0.0,0.3333333333333333,0.4714045207910317,4.568611111111111,6.7550069335893,4.735158488807868,1.4345573787436414,42.57527777777778,49.12528385712605,55.86573320484195,32.356868353455134,0.3158333333333327,47.04544657090158,102.58799376763614,21.105800233145587,186.2801388888889,40.86280766787255,85.99436936169604,48.04835478591128,13.333333333333334
56,99_1,99,1.841,0.458887785847477,1.6666666666666667,0.4714045207910317,5.0,7.071067811865476,0.6666666666666666,0.9428090415820634,9.333333333333334,8.73053390247253,1.3333333333333333,1.8856180831641267,4.333333333333333,3.6817870057290873,0.0,0.0,0.0,0.0,0.0,0.0,0.0,0.0,0.0,0.0,0.0,0.0,0.0,0.0,0.0,0.0,8.333333333333334,6.944222218666553,9.666666666666666,7.408703590297623,0.0,0.0,0.0,0.0,15.0,12.24744871391589,0.0,0.0,0.0,0.0,0.0,0.0,1.3333333333333333,1.8856180831641267,4.266666666666667,5.724512756234917,3.3528213301930214,2.410495234583725,17.961111111111112,50.81350129227711,41.96297416965447,30.180076865005702,11.777777777777777,52.371064924803896,58.48150769910014,41.765807251724944,113.16527777777776,80.07687830480911,49.962382496005525,53.50164862810016,13.666666666666666
57,99_1,99,2.03,2.0219150987780536,1.0,0.816496580927726,2.6666666666666665,3.771236166328253,1.0,1.4142135623730951,10.666666666666666,13.02134998974974,3.333333333333333,4.714045207910316,2.0,2.160246899469287,0.0,0.0,0.0,0.0,0.0,0.0,0.0,0.0,0.0,0.0,0.0,0.0,0.0,0.0,0.0,0.0,9.666666666666666,9.177266598624136,12.0,12.355835328567093,0.0,0.0,0.0,0.0,11.333333333333334,12.657891697365017,0.0,0.0,0.0,0.0,0.0,0.0,0.6666666666666666,0.4714045207910317,3.1546296296296297,5.921488355846231,2.695715399819772,1.914221109059228,41.11388888888889,52.48646489251853,33.76211012499937,24.104420573905355,32.112037037037034,22.71346502593176,66.08853824573588,51.03764438059918,86.47962962962964,65.17566902010898,60.587711581254645,70.30164615429062,13.666666666666666
58,99_1,99,2.0336666666666665,2.2188105422099973,0.6666666666666666,0.4714045207910317,0.3333333333333333,0.4714045207910317,0.0,0.0,7.666666666666667,6.128258770283412,2.333333333333333,3.2998316455372216,2.6666666666666665,3.771236166328253,0.3333333333333333,0.4714045207910317,0.0,0.0,0.0,0.0,0.0,0.0,0.0,0.0,0.0,0.0,0.0,0.0,0.0,0.0,5.333333333333333,3.858612300930076,11.0,8.04155872120988,0.0,0.0,0.0,0.0,14.0,11.430952132988164,0.0,0.0,0.0,0.0,0.0,0.0,0.0,0.0,2.9740740740740743,5.354215644841713,2.803533602290176,1.9862927291440329,18.221296296296305,81.08878505308523,41.03236196990435,36.35248272237004,11.197222222222225,11.945071688956956,85.88523143849811,61.50783529895215,178.14074074074074,126.1616715742141,103.38857631725686,74.94273418553607,13.333333333333334
59,99_1,99,1.07,0.7685050422736339,0.6666666666666666,0.4714045207910317,1.0,1.4142135623730951,0.0,0.0,11.666666666666666,11.323525167642018,5.666666666666667,8.013876853447538,1.3333333333333333,1.247219128924647,0.0,0.0,0.0,0.0,0.0,0.0,0.0,0.0,0.0,0.0,0.0,0.0,0.0,0.0,0.0,0.0,13.333333333333334,11.025223605694151,12.666666666666666,11.08552609887726,0.0,0.0,0.0,0.0,7.0,7.25718035235908,0.0,0.0,0.0,0.0,0.0,0.0,2.6666666666666665,3.771236166328253,3.8277777777777775,5.746437436349285,1.7416348710222962,1.2791941235280828,45.67777777777778,54.67751303871423,39.92319854732205,28.483538133507125,25.02638888888889,21.93660382081415,64.79008086009145,49.09268904577,114.21458333333334,86.34139426050069,84.17665236689919,71.95298349841403,13.333333333333334
60,99_1,99,2.521333333333333,1.6335973256045146,1.3333333333333333,0.4714045207910317,0.0,0.0,0.0,0.0,10.0,12.083045973594572,3.0,4.242640687119285,0.0,0.0,0.0,0.0,0.0,0.0,0.0,0.0,0.0,0.0,0.0,0.0,0.0,0.0,0.0,0.0,0.0,0.0,12.333333333333334,10.208928554075705,13.333333333333334,11.469767022723502,0.0,0.0,0.0,0.0,10.333333333333334,13.22455628325158,0.0,0.0,0.0,0.0,0.0,0.0,0.6666666666666666,0.9428090415820634,1.3301851851851854,3.3688819362936826,2.679480668539852,1.9609628296704693,54.51555555555555,56.28605324151066,31.806337378263688,24.81612902907046,61.60944444444444,46.86574522521117,61.36142620742734,44.11662807444333,125.80916666666668,92.65342609493526,87.17884357473146,76.45183180669412,13.333333333333334
61,99_1,99,3.0683333333333334,2.7315512483243327,0.6666666666666666,0.4714045207910317,2.333333333333333,3.2998316455372216,2.0,2.8284271247461903,9.666666666666666,13.67073110293992,5.666666666666667,8.013876853447538,0.0,0.0,0.6666666666666666,0.9428090415820634,0.0,0.0,0.0,0.0,0.0,0.0,0.0,0.0,0.0,0.0,0.0,0.0,0.0,0.0,10.333333333333334,13.91242450313947,9.333333333333334,13.199326582148888,0.0,0.0,1.3333333333333333,1.8856180831641267,11.0,13.490737563232042,0.0,0.0,0.0,0.0,0.0,0.0,0.0,0.0,1.9083333333333328,2.8055253023671383,1.4422079130448549,1.5128046807891198,44.13703703703704,60.25598092564245,26.54965454917373,19.204980216866623,45.44814814814814,61.2676413803853,45.614462248558375,38.82393352337599,91.80555555555556,112.11025710981308,50.55220609456313,36.549635558180015,12.0
62,99_1,99,0.3306666666666666,0.4676332846247034,0.3333333333333333,0.4714045207910317,0.3333333333333333,0.4714045207910317,0.0,0.0,10.0,12.754084313139328,3.333333333333333,4.714045207910316,0.0,0.0,0.0,0.0,0.0,0.0,0.0,0.0,0.0,0.0,0.0,0.0,0.0,0.0,0.0,0.0,0.0,0.0,13.666666666666666,11.440668201153676,14.333333333333334,12.283683848458852,0.0,0.0,0.0,0.0,9.333333333333334,9.877021593352705,0.0,0.0,0.0,0.0,0.0,0.0,0.3333333333333333,0.4714045207910317,2.487037037037037,2.711540203343558,2.004482233351562,1.5005001048501465,26.294444444444448,80.79702286793115,36.48074628825475,31.651594545757472,22.378703703703703,32.54209732673198,81.2848612651826,65.51251352512627,125.8074074074074,91.98293740319242,80.10338280157795,82.58863741646095,4.666666666666666
63,99_1,99,6.553,2.5017291353515207,2.0,0.816496580927726,0.3333333333333333,0.4714045207910317,0.0,0.0,7.666666666666667,10.842303978193728,3.333333333333333,4.714045207910316,0.0,0.0,0.0,0.0,0.0,0.0,0.0,0.0,0.0,0.0,0.0,0.0,0.0,0.0,0.0,0.0,0.0,0.0,10.0,14.142135623730953,9.333333333333334,13.199326582148888,0.0,0.0,2.0,2.8284271247461903,10.0,14.142135623730953,0.0,0.0,0.0,0.0,0.0,0.0,0.0,0.0,1.736111111111111,2.4552318791199568,0.4709541798372458,0.6660297883821306,46.838888888888896,66.24019191315314,8.6248975660405,12.197447111973174,49.25,69.65001794687493,20.028186157032312,28.32413249300818,77.85555555555555,110.10438257275864,19.172812219261463,27.114451069312164,12.0
64,99_1,99,2.677666666666666,1.1566890487748016,1.3333333333333333,0.4714045207910317,4.0,5.656854249492381,1.6666666666666667,2.357022603955158,7.666666666666667,8.806563209081938,1.6666666666666667,2.357022603955158,0.3333333333333333,0.4714045207910317,0.3333333333333333,0.4714045207910317,0.0,0.0,0.0,0.0,0.0,0.0,0.0,0.0,0.0,0.0,0.0,0.0,0.0,0.0,9.0,10.677078252031311,10.0,12.083045973594572,0.0,0.0,2.333333333333333,3.2998316455372216,11.0,13.490737563232042,0.0,0.0,0.0,0.0,0.0,0.0,0.6666666666666666,0.9428090415820634,1.7961111111111112,3.247687591403771,1.6136326270684556,1.1500506931053112,50.36833333333334,60.72937987193374,27.388424391236644,23.05176756930404,27.416111111111107,40.3140059370358,62.93751144127978,51.36824097076547,102.21388888888887,114.59932299209676,50.60348836140122,41.56448618657312,12.0
65,99_1,99,0.0,0.0,0.0,0.0,4.333333333333333,6.128258770283412,0.3333333333333333,0.4714045207910317,6.666666666666667,9.428090415820632,1.6666666666666667,2.357022603955158,1.0,1.4142135623730951,0.0,0.0,0.0,0.0,0.0,0.0,0.0,0.0,0.0,0.0,0.0,0.0,0.0,0.0,0.0,0.0,8.333333333333334,11.785113019775793,7.666666666666667,10.842303978193728,0.0,0.0,2.333333333333333,3.2998316455372216,10.0,14.142135623730953,0.0,0.0,0.0,0.0,0.0,0.0,1.0,1.4142135623730951,2.161111111111111,3.0562726431285223,0.8879161344003133,1.255703039518815,47.625,67.35192090801866,6.205088637561917,8.775320506967253,25.008333333333336,35.367124172347154,42.08759796873395,59.52085185508987,86.70694444444445,122.62213678526382,17.771431647259313,25.13259965834056,4.666666666666666
66,99_1,99,1.412,1.99686955007081,0.3333333333333333,0.4714045207910317,5.666666666666667,8.013876853447538,0.3333333333333333,0.4714045207910317,8.666666666666666,8.9566858950296,1.3333333333333333,1.8856180831641267,1.6666666666666667,2.357022603955158,1.3333333333333333,1.8856180831641267,0.0,0.0,0.0,0.0,0.0,0.0,0.0,0.0,0.0,0.0,0.0,0.0,0.0,0.0,10.333333333333334,7.408703590297623,8.333333333333334,9.104333522498443,0.0,0.0,0.0,0.0,14.333333333333334,8.259674462242577,0.0,0.0,0.0,0.0,0.0,0.0,0.6666666666666666,0.9428090415820634,3.4151234567901234,3.5321929156222165,3.440163362447652,0.6680397635136482,49.52283950617284,59.14440444280225,35.38810180489541,15.922808206367511,-9.487654320987655,7.682879482076189,75.65421509491838,31.06848281738882,139.1613425925926,71.61090268843162,107.53118757381272,59.8646964310486,4.666666666666666
67,99_1,99,0.0,0.0,0.0,0.0,2.333333333333333,3.2998316455372216,0.3333333333333333,0.4714045207910317,10.0,12.754084313139328,1.0,1.4142135623730951,0.0,0.0,0.6666666666666666,0.9428090415820634,0.0,0.0,0.0,0.0,0.0,0.0,0.3333333333333333,0.4714045207910317,0.0,0.0,0.0,0.0,2.333333333333333,3.2998316455372216,15.0,9.93310961716756,13.333333333333334,11.2644968324772,0.0,0.0,1.0,1.4142135623730951,20.666666666666668,7.408703590297623,0.6666666666666666,0.9428090415820634,0.0,0.0,0.0,0.0,0.0,0.0,4.258862433862434,3.590279809943318,4.029659376443072,1.3054189730687893,49.28558201058201,65.83512513156633,59.63087845763437,27.710602188555065,13.255052910052916,77.57652732252464,94.3202090085326,30.17666473237444,359.9383134920636,241.4049496100428,259.6487014767539,214.39002964086927,7.333333333333333
68,99_1,99,0.2523333333333333,0.356853222238811,0.3333333333333333,0.4714045207910317,4.0,5.656854249492381,2.0,2.8284271247461903,9.666666666666666,3.681787005729087,0.6666666666666666,0.9428090415820634,1.0,0.816496580927726,2.0,0.816496580927726,0.0,0.0,0.0,0.0,0.0,0.0,0.3333333333333333,0.4714045207910317,0.0,0.0,0.0,0.0,0.6666666666666666,0.9428090415820634,17.0,3.559026084010437,20.0,7.3484692283495345,0.0,0.0,0.0,0.0,21.33333333333333,8.956685895029603,0.6666666666666666,0.9428090415820634,0.0,0.0,0.0,0.0,0.3333333333333333,0.4714045207910317,1.8782142857142856,2.621559630462282,4.83673407145052,2.286820135810012,26.006097883597885,80.75864735524483,53.94897593951097,21.289453092893723,35.598902116402115,91.51475328113683,83.21564338298718,36.68211994084928,362.2133267195768,142.75679227451613,197.05988545090983,118.43656732956816,14.0
69,99_1,99,2.201,1.452901464885581,1.0,0.0,7.0,9.899494936611664,0.3333333333333333,0.4714045207910317,10.0,10.198039027185567,4.333333333333333,6.128258770283413,1.3333333333333333,0.4714045207910317,1.0,0.816496580927726,0.0,0.0,0.0,0.0,0.0,0.0,0.0,0.0,0.0,0.0,0.0,0.0,0.3333333333333333,0.4714045207910317,15.0,9.41629792788369,13.333333333333334,9.977753031397176,0.0,0.0,0.0,0.0,17.333333333333332,7.930251502246879,0.0,0.0,0.0,0.0,0.0,0.0,1.6666666666666667,2.357022603955158,4.480767195767196,4.039094548913443,4.38937098434288,1.3939007595446926,37.16027777777778,62.21809008972856,52.46262925279828,12.23609885528456,-12.816177248677247,45.17369129215341,94.27960143867963,28.76119255830879,206.3126455026455,114.19752050950376,111.93489770260088,34.56401795673294,8.0
70,99_1,99,1.2973333333333332,0.9181900069641844,0.6666666666666666,0.4714045207910317,10.666666666666666,15.084944665313014,2.0,2.8284271247461903,12.666666666666666,10.624918300339486,4.0,4.96655480858378,1.6666666666666667,2.357022603955158,1.0,0.816496580927726,0.0,0.0,0.0,0.0,0.0,0.0,0.0,0.0,0.0,0.0,0.0,0.0,2.0,2.8284271247461903,12.666666666666666,9.809292646374772,11.666666666666666,10.780641085864152,0.0,0.0,0.0,0.0,18.666666666666668,10.402991022884825,0.0,0.0,0.0,0.0,0.0,0.0,0.6666666666666666,0.9428090415820634,5.804907407407408,4.390492360236483,3.2742011447125923,1.9434358222057944,48.42944444444444,61.15575858432868,43.864793801328325,20.968942788813383,-29.770462962962966,42.83275838491806,81.33316218038512,35.717676753192535,189.55796296296296,118.3878225627051,112.37613282776071,71.54932094811474,6.0
71,99_1,99,0.0,0.0,0.0,0.0,5.0,7.071067811865476,1.0,1.4142135623730951,11.333333333333334,8.576453553512405,3.0,4.242640687119285,0.3333333333333333,0.4714045207910317,0.6666666666666666,0.9428090415820634,0.0,0.0,1.0,1.4142135623730951,0.0,0.0,4.0,5.656854249492381,0.0,0.0,1.6666666666666667,2.357022603955158,3.0,4.242640687119285,13.666666666666666,11.585431464655178,11.0,12.19289410544792,0.0,0.0,2.333333333333333,2.0548046676563256,15.333333333333334,8.9566858950296,3.6666666666666665,5.185449728701348,3.0,4.242640687119285,0.0,0.0,2.6666666666666665,3.091206165165235,4.711891534391534,3.693887649256338,2.822213562582464,1.2497890535331244,39.65732804232804,68.41155004932817,40.97692070642215,26.12200430537373,12.72936507936508,29.39547358817196,76.39851840127132,43.98056821645364,114.63515432098768,81.63209678024317,71.69632753727423,34.12644531318895,5.0
72,99_1,99,4.995,1.61820662051132,1.6666666666666667,0.4714045207910317,0.0,0.0,0.0,0.0,15.333333333333334,4.714045207910316,3.0,2.449489742783178,0.3333333333333333,0.4714045207910317,1.6666666666666667,2.357022603955158,0.0,0.0,0.0,0.0,0.0,0.0,0.6666666666666666,0.9428090415820634,0.0,0.0,0.0,0.0,2.333333333333333,1.699673171197595,15.666666666666666,0.9428090415820634,10.333333333333334,6.018490028422597,0.0,0.0,1.6666666666666667,2.357022603955158,19.666666666666668,7.93025150224688,1.3333333333333333,1.8856180831641267,0.6666666666666666,0.9428090415820634,0.0,0.0,2.0,2.8284271247461903,3.2828968253968256,2.6108272696354327,5.152591355757399,1.3835859493145053,28.713214285714283,59.96328948804959,60.49630508010794,17.44616505654665,18.755105820105825,62.71373199499151,98.2787635056283,30.28580493485484,285.04874338624336,105.11406550597316,163.81170404077628,45.01571617689222,6.333333333333333
73,99_1,99,0.0,0.0,0.0,0.0,0.0,0.0,0.0,0.0,9.333333333333334,6.649979114420001,1.3333333333333333,1.8856180831641267,2.6666666666666665,3.771236166328253,1.0,1.4142135623730951,0.0,0.0,0.0,0.0,0.0,0.0,0.0,0.0,0.0,0.0,0.0,0.0,0.3333333333333333,0.4714045207910317,14.333333333333334,9.177266598624136,11.333333333333334,6.236095644623235,0.0,0.0,1.3333333333333333,1.8856180831641267,19.666666666666668,9.285592184789412,0.0,0.0,0.0,0.0,0.0,0.0,0.3333333333333333,0.4714045207910317,4.932813051146385,4.1404547246416605,3.24830085775433,1.1259128460043817,31.09891534391534,70.98951166001527,38.464073912469935,9.469307758090531,-14.066208112874785,43.83081640539987,88.98576745973993,42.5419956175926,211.1333531746032,100.17247805453884,167.9935559730565,63.55510115702759,4.0
74,99_1,99,1.7673333333333332,1.250058487520573,0.6666666666666666,0.4714045207910317,5.333333333333333,4.496912521077348,0.6666666666666666,0.9428090415820634,11.0,8.831760866327848,3.333333333333333,4.714045207910316,2.0,1.4142135623730951,0.3333333333333333,0.4714045207910317,0.0,0.0,0.0,0.0,0.0,0.0,0.0,0.0,0.0,0.0,0.0,0.0,1.3333333333333333,1.8856180831641267,16.0,10.198039027185567,15.333333333333334,4.714045207910316,0.0,0.0,1.0,1.4142135623730951,27.666666666666668,1.247219128924647,0.3333333333333333,0.4714045207910317,0.0,0.0,0.0,0.0,0.3333333333333333,0.4714045207910317,3.980283389450056,4.839819424231789,3.4481355422896875,0.5297724156841704,46.284895783229125,69.85698922453474,71.65494592689137,35.39834414849755,28.51431096681097,68.36113665963478,91.7913738075992,37.98486536603711,297.4227635481802,59.80067682123924,122.00756122047478,59.50217588462308,5.0
75,99_1,99,3.945333333333334,3.274236229854054,1.3333333333333333,0.4714045207910317,8.666666666666666,7.363574011458175,1.3333333333333333,1.247219128924647,17.0,5.0990195135927845,4.666666666666667,6.599663291074443,1.0,0.816496580927726,0.3333333333333333,0.4714045207910317,0.0,0.0,0.0,0.0,0.0,0.0,0.0,0.0,0.0,0.0,0.0,0.0,0.6666666666666666,0.9428090415820634,23.33333333333333,0.4714045207910317,19.33333333333333,5.185449728701348,0.0,0.0,0.6666666666666666,0.9428090415820634,22.33333333333333,5.2493385826745405,0.0,0.0,0.0,0.0,0.0,0.0,0.0,0.0,3.5987522045855385,5.369317473700651,4.568776622305984,1.1094154371306952,78.11030864197531,31.929453029556445,66.85913597981381,22.820922717145752,71.3802733686067,52.56127589680634,83.65803445389497,17.031684275883382,280.11307980599645,81.4382553713764,110.91343803021762,12.423072421926223,11.666666666666666
76,99_1,99,1.9486666666666668,0.3864042212789895,1.0,0.0,12.333333333333334,6.018490028422596,0.3333333333333333,0.4714045207910317,12.666666666666666,11.323525167642018,7.0,9.899494936611664,0.6666666666666666,0.9428090415820634,0.0,0.0,0.0,0.0,0.0,0.0,0.0,0.0,0.0,0.0,0.0,0.0,0.0,0.0,3.333333333333333,4.714045207910316,22.0,5.0990195135927845,18.33333333333333,4.784233364802441,0.0,0.0,0.6666666666666666,0.9428090415820634,26.33333333333333,4.496912521077347,0.0,0.0,0.0,0.0,0.0,0.0,0.3333333333333333,0.4714045207910317,4.3753174603174605,6.12269794255294,4.636002232014952,0.4629450625128937,102.02734126984126,44.280753083422674,42.61734080877292,16.697297740934157,25.2011507936508,80.72368639772387,96.33489746426396,22.43173510189212,335.16738095238094,69.10343558907569,120.1357129345294,30.637345561678668,11.666666666666666
77,99_1,99,3.586,1.667070684364243,1.6666666666666667,0.4714045207910317,5.666666666666667,4.496912521077348,3.6666666666666665,3.299831645537222,6.666666666666667,8.055363982396381,3.0,4.242640687119285,0.3333333333333333,0.4714045207910317,0.0,0.0,0.0,0.0,0.0,0.0,0.0,0.0,0.0,0.0,0.0,0.0,0.0,0.0,6.333333333333333,5.312459150169743,14.666666666666666,9.10433352249844,16.0,5.354126134736337,0.0,0.0,0.6666666666666666,0.9428090415820634,28.33333333333333,1.699673171197595,0.0,0.0,0.0,0.0,0.0,0.0,0.3333333333333333,0.4714045207910317,4.298082010582011,4.135103557523183,3.1730188624401108,0.2672768385581089,66.75820105820105,39.74926943012911,72.28391119151767,43.16138881480865,-1.6215608465608444,71.40553795312468,94.7673568657458,22.07092318907989,324.9894841269841,82.67338236132201,97.08151752921356,26.97545122088884,11.333333333333334
78,99_1,99,3.6873333333333336,1.5187460470913352,1.3333333333333333,0.4714045207910317,11.0,8.602325267042627,2.333333333333333,2.6246692913372702,4.0,5.656854249492381,2.0,2.8284271247461903,0.3333333333333333,0.4714045207910317,0.3333333333333333,0.4714045207910317,0.0,0.0,0.0,0.0,0.0,0.0,0.0,0.0,0.0,0.0,0.0,0.0,5.0,5.656854249492381,14.333333333333334,3.2998316455372216,9.666666666666666,2.867441755680876,0.0,0.0,0.3333333333333333,0.4714045207910317,21.33333333333333,6.342099196813483,0.0,0.0,0.0,0.0,0.0,0.0,0.0,0.0,3.847222222222223,5.1572779091395455,3.929023464177386,0.6142758363542591,66.2375,55.71843598663099,61.56274822566068,6.734724115594601,-11.341666666666669,84.53770608432666,78.58868524213527,18.715995364076832,311.31527777777774,71.5683106029598,153.54796690695903,86.73469276007069,11.0
79,99_1,99,2.8796666666666666,1.8261555854368543,1.3333333333333333,0.4714045207910317,2.6666666666666665,2.494438257849294,0.0,0.0,7.333333333333333,3.6817870057290873,2.0,2.160246899469287,0.0,0.0,1.6666666666666667,2.357022603955158,0.0,0.0,0.0,0.0,0.0,0.0,0.0,0.0,0.0,0.0,0.0,0.0,2.0,1.4142135623730951,15.333333333333334,5.792715732327589,19.33333333333333,6.342099196813483,0.0,0.0,1.6666666666666667,1.247219128924647,21.666666666666668,8.498365855987975,0.0,0.0,0.0,0.0,0.0,0.0,0.3333333333333333,0.4714045207910317,4.349206349206349,3.773501870745888,3.246608466419269,0.8697808617932178,78.90839947089948,26.00624009383656,73.71951208670876,9.50138593021612,32.96296296296296,64.79855839784521,101.94000623045883,15.516094709759605,287.6735449735449,71.45486794041642,110.1094242442861,33.06687545913641,12.666666666666666
80,99_1,99,2.399666666666667,0.9530877306010304,1.0,0.0,1.3333333333333333,1.8856180831641267,0.3333333333333333,0.4714045207910317,4.666666666666667,3.299831645537222,1.3333333333333333,1.8856180831641267,1.3333333333333333,1.8856180831641267,1.3333333333333333,1.247219128924647,0.0,0.0,0.0,0.0,0.0,0.0,0.0,0.0,0.0,0.0,0.0,0.0,2.6666666666666665,3.771236166328253,11.666666666666666,6.548960901462833,14.333333333333334,6.018490028422596,0.0,0.0,0.0,0.0,17.666666666666668,8.956685895029603,0.0,0.0,0.0,0.0,0.0,0.0,0.0,0.0,2.873214285714285,4.456354262365975,5.770086318803284,1.432538579011985,41.25574955908289,31.97922759429555,81.11898494043038,11.979158468343586,25.449492945326284,70.63993482061483,81.03107837113357,12.517970377443838,203.38543209876545,83.45546862732365,110.98497508725586,21.52770073245686,14.0
81,99_1,99,1.8163333333333327,0.683536555146996,1.0,0.0,1.6666666666666667,2.357022603955158,0.3333333333333333,0.4714045207910317,13.666666666666666,7.318166133366716,5.333333333333333,7.542472332656507,0.0,0.0,0.0,0.0,0.0,0.0,0.0,0.0,0.0,0.0,0.0,0.0,0.0,0.0,0.0,0.0,4.0,4.96655480858378,17.333333333333332,4.642796092394706,19.0,5.887840577551898,0.0,0.0,0.6666666666666666,0.9428090415820634,24.33333333333333,4.9216076867444665,0.0,0.0,0.0,0.0,0.0,0.0,0.3333333333333333,0.4714045207910317,4.422940917107584,3.187405638204028,3.4418712367704067,0.8963785894437832,58.75892416225749,35.61470245935533,68.64616710408698,25.74560273147695,-5.71635802469136,42.416642292859486,123.18367634482009,28.23585253790548,321.3924537037037,128.41666276139094,157.42986123121213,78.05504229271928,12.666666666666666
82,99_1,99,2.449666666666667,3.464351823293292,0.3333333333333333,0.4714045207910317,5.333333333333333,6.847546194724712,2.0,2.160246899469287,3.0,3.559026084010437,0.3333333333333333,0.4714045207910317,6.0,7.788880963698615,0.0,0.0,0.0,0.0,0.0,0.0,0.0,0.0,0.0,0.0,0.0,0.0,0.0,0.0,0.3333333333333333,0.4714045207910317,11.0,5.715476066494082,8.333333333333334,4.784233364802441,0.0,0.0,0.6666666666666666,0.9428090415820634,24.33333333333333,7.318166133366716,0.0,0.0,0.0,0.0,0.0,0.0,2.0,2.8284271247461903,7.154298941798942,5.599342181120215,4.816028692172192,1.0332222538487787,67.76878306878307,32.13974814204058,53.5266667201452,31.908218248061377,9.073677248677251,69.93503223462525,87.57746322437292,23.966666020326205,273.55906084656084,16.35998372299236,163.028617594752,81.14621597629387,9.333333333333332
83,99_1,99,0.6153333333333333,0.4704163640388751,0.6666666666666666,0.4714045207910317,10.666666666666666,7.542472332656507,0.3333333333333333,0.4714045207910317,6.333333333333333,5.312459150169743,1.3333333333333333,1.8856180831641267,6.333333333333333,5.792715732327589,0.0,0.0,0.0,0.0,0.0,0.0,0.0,0.0,0.3333333333333333,0.4714045207910317,0.0,0.0,0.0,0.0,2.6666666666666665,3.091206165165235,16.0,7.874007874011811,15.666666666666666,6.847546194724712,0.0,0.0,0.6666666666666666,0.9428090415820634,24.666666666666668,4.784233364802441,0.0,0.0,0.0,0.0,0.0,0.0,4.666666666666667,3.39934634239519,5.710347122013789,6.735816810871627,5.419897183290573,0.9956467207843634,86.99066778900112,29.1008209515449,56.39401733943351,5.981410418298925,26.989164662498,91.71536757587828,80.30818233921846,27.31148493110266,293.02396604938275,104.4907097742118,94.18230293854955,42.98553739580519,11.666666666666666
84,99_1,99,3.286,2.150660518693424,1.6666666666666667,0.9428090415820634,4.666666666666667,3.39934634239519,0.0,0.0,3.6666666666666665,2.6246692913372702,0.6666666666666666,0.9428090415820634,3.0,3.559026084010437,0.0,0.0,0.0,0.0,0.0,0.0,0.0,0.0,0.3333333333333333,0.4714045207910317,0.0,0.0,0.0,0.0,6.333333333333333,7.586537784494029,13.0,8.602325267042627,15.0,7.25718035235908,0.0,0.0,1.6666666666666667,2.357022603955158,26.666666666666668,4.027681991198191,0.0,0.0,0.0,0.0,0.0,0.0,0.6666666666666666,0.9428090415820634,6.291111111111111,7.404993352003085,6.079262980929429,2.480991103493643,60.59481481481481,36.97506557876786,72.63299850802662,26.689525793748057,42.68296296296296,51.53379378144905,103.546222045538,21.916354454741185,294.1929166666667,150.390262810846,116.54068609353963,81.58713138016451,11.333333333333334
85,99_1,99,4.261666666666668,2.1903869267526432,2.0,0.816496580927726,1.0,1.4142135623730951,0.6666666666666666,0.9428090415820634,4.333333333333333,2.6246692913372702,0.0,0.0,6.0,8.48528137423857,0.3333333333333333,0.4714045207910317,0.0,0.0,0.0,0.0,0.0,0.0,0.0,0.0,0.0,0.0,0.0,0.0,2.0,2.160246899469287,6.0,3.265986323710904,7.0,5.0990195135927845,0.0,0.0,2.333333333333333,3.2998316455372216,24.666666666666668,4.988876515698588,0.0,0.0,0.0,0.0,0.0,0.0,0.6666666666666666,0.9428090415820634,5.80542328042328,7.331983804778585,4.534646985654933,0.6424415177007523,55.411155202821874,32.14868970211649,71.59019685447883,17.974460136554832,37.09722222222222,23.959273250484,103.17582334938818,11.298597064250531,237.9707120811288,56.77662298788642,167.00487354290388,99.16213256637808,13.333333333333334
86,99_1,99,0.0,0.0,0.0,0.0,2.0,2.8284271247461903,0.0,0.0,2.6666666666666665,3.771236166328253,0.0,0.0,0.0,0.0,0.3333333333333333,0.4714045207910317,0.0,0.0,0.0,0.0,0.0,0.0,0.0,0.0,0.0,0.0,0.0,0.0,0.3333333333333333,0.4714045207910317,8.0,8.640987597877148,8.333333333333334,5.734883511361751,0.0,0.0,1.0,1.4142135623730951,22.33333333333333,8.806563209081938,0.6666666666666666,0.9428090415820634,0.6666666666666666,0.9428090415820634,0.0,0.0,0.3333333333333333,0.4714045207910317,3.8714393939393936,3.698115807044264,3.298609682501413,1.6191969592548852,49.824090909090906,59.963392725404624,42.4130063607642,22.55817515920109,66.19909090909091,73.00782544811375,50.84395085160671,31.7879952364788,167.85236952861953,50.24659501405871,108.12146041816789,57.05270530833963,3.6666666666666665
87,99_1,99,1.4293333333333331,1.47872227127191,0.6666666666666666,0.4714045207910317,3.6666666666666665,5.185449728701348,0.0,0.0,2.6666666666666665,2.494438257849294,0.3333333333333333,0.4714045207910317,1.6666666666666667,1.247219128924647,0.3333333333333333,0.4714045207910317,0.0,0.0,0.0,0.0,0.0,0.0,0.3333333333333333,0.4714045207910317,0.0,0.0,0.0,0.0,2.0,1.4142135623730951,9.666666666666666,6.182412330330469,10.666666666666666,8.576453553512405,0.0,0.0,0.3333333333333333,0.4714045207910317,23.0,4.898979485566356,0.6666666666666666,0.9428090415820634,0.3333333333333333,0.4714045207910317,0.0,0.0,0.0,0.0,4.544272085938752,4.496427670377441,3.721163886494691,0.7307638490434764,30.83235369568703,63.48107955582701,69.59509854673018,33.42695019414324,51.1298849607183,57.040184811869885,101.77490786544315,18.068852169175766,240.82765913099243,46.270361804058325,150.0210673567713,62.32451606546277,11.666666666666666
88,99_1,99,0.8856666666666667,1.2525218117417711,0.3333333333333333,0.4714045207910317,5.0,7.071067811865476,1.0,1.4142135623730951,7.333333333333333,6.599663291074444,2.6666666666666665,3.771236166328253,0.3333333333333333,0.4714045207910317,1.0,0.816496580927726,0.0,0.0,0.0,0.0,0.0,0.0,0.0,0.0,0.0,0.0,0.0,0.0,2.333333333333333,1.699673171197595,12.333333333333334,3.6817870057290873,13.666666666666666,9.428090415820634,0.0,0.0,0.3333333333333333,0.4714045207910317,24.666666666666668,2.6246692913372702,0.3333333333333333,0.4714045207910317,0.0,0.0,0.0,0.0,0.0,0.0,1.7604453262786592,4.6645971417695336,5.055332751111116,0.6860150706256268,38.88354497354498,46.33245234023671,79.39255110379806,25.952562193235217,-48.88645061728395,35.88527770680793,100.65834247386066,30.3665372107674,362.0867570546737,88.91825360488745,197.4529429207723,56.12858396782651,13.666666666666666
89,99_1,99,5.958666666666667,3.759793640909328,1.3333333333333333,0.4714045207910317,8.0,11.31370849898476,0.6666666666666666,0.9428090415820634,7.0,9.899494936611664,5.0,7.071067811865476,0.3333333333333333,0.4714045207910317,0.3333333333333333,0.4714045207910317,0.0,0.0,0.0,0.0,0.0,0.0,0.0,0.0,0.0,0.0,0.0,0.0,1.6666666666666667,1.247219128924647,17.666666666666668,7.71722460186015,16.0,2.943920288775949,0.0,0.0,0.0,0.0,21.666666666666668,7.408703590297623,0.0,0.0,0.0,0.0,0.0,0.0,0.6666666666666666,0.9428090415820634,3.604880952380952,4.078279431768103,3.685951723346193,0.7744448156382228,41.55135802469135,46.49030854194184,57.28081527258495,21.35650604608096,-24.229735449735447,49.83181528739657,99.295032893805,22.057195717674595,251.2289241622575,34.425081139717456,165.4312170864416,95.21937239103028,11.666666666666666
90,99_1,99,0.7006666666666667,0.9908923027027484,0.3333333333333333,0.4714045207910317,1.3333333333333333,1.8856180831641267,0.0,0.0,3.333333333333333,1.699673171197595,0.0,0.0,0.3333333333333333,0.4714045207910317,0.6666666666666666,0.9428090415820634,0.0,0.0,0.0,0.0,0.0,0.0,0.0,0.0,0.0,0.0,0.0,0.0,0.3333333333333333,0.4714045207910317,10.0,9.273618495495704,7.666666666666667,5.9066817155564495,0.0,0.0,0.0,0.0,17.333333333333332,8.178562764256865,0.0,0.0,0.0,0.0,0.0,0.0,0.0,0.0,2.3678703703703707,2.968230499994465,4.170751909419587,1.821754777666144,33.96425925925926,28.06984042762576,49.87181617952209,3.2330897402817884,31.374629629629627,33.23791177377022,84.57714319140847,16.223218557422086,169.6586574074074,68.64169701155186,155.88921452834288,8.235859016061369,11.666666666666666
91,99_1,99,3.846,1.3428137125702384,1.3333333333333333,0.4714045207910317,0.0,0.0,0.0,0.0,1.3333333333333333,1.8856180831641267,0.0,0.0,0.0,0.0,0.0,0.0,0.0,0.0,0.0,0.0,0.0,0.0,0.0,0.0,0.0,0.0,0.0,0.0,0.6666666666666666,0.9428090415820634,8.666666666666666,8.9566858950296,4.0,5.656854249492381,0.0,0.0,0.6666666666666666,0.9428090415820634,11.0,13.4412301024373,0.0,0.0,0.0,0.0,0.0,0.0,0.0,0.0,1.6872883597883597,1.9233355287295708,2.6501084031026885,1.94105337951554,31.31968253968253,51.00926876237751,31.071481339461386,19.61001599880897,-4.6835582010582,19.46162855446028,53.11082416259441,37.371851779021625,135.95273148148146,160.4943821702461,91.76474626622262,47.42478450353938,13.333333333333334
92,99_1,99,5.527999999999999,5.726238614192274,0.6666666666666666,0.4714045207910317,0.3333333333333333,0.4714045207910317,0.0,0.0,6.666666666666667,9.428090415820632,5.666666666666667,8.013876853447538,1.0,1.4142135623730951,0.0,0.0,0.0,0.0,0.0,0.0,0.0,0.0,0.0,0.0,0.0,0.0,0.0,0.0,1.3333333333333333,1.8856180831641267,10.0,9.626352718795768,7.666666666666667,8.806563209081938,0.0,0.0,0.3333333333333333,0.4714045207910317,15.666666666666666,11.440668201153676,0.0,0.0,0.0,0.0,0.0,0.0,2.0,2.8284271247461903,2.1152777777777776,3.18847812395092,3.484316115344851,1.062703468542317,67.56148148148148,52.85510374641124,50.44459255657127,18.636968138353154,11.648425925925928,20.08965968481584,98.62024341460815,39.75837919786433,243.977037037037,198.23078498639845,105.69153686610004,18.292117076068976,10.333333333333334
93,99_1,99,0.0,0.0,0.0,0.0,5.666666666666667,8.013876853447538,0.6666666666666666,0.9428090415820634,4.333333333333333,6.128258770283413,0.3333333333333333,0.4714045207910317,1.3333333333333333,1.8856180831641267,0.0,0.0,0.0,0.0,0.0,0.0,0.0,0.0,0.3333333333333333,0.4714045207910317,0.0,0.0,0.0,0.0,4.0,4.96655480858378,12.333333333333334,9.46337971105226,13.666666666666666,8.498365855987974,0.0,0.0,2.333333333333333,2.6246692913372702,21.33333333333333,12.256517540566824,0.0,0.0,0.3333333333333333,0.4714045207910317,0.0,0.0,0.0,0.0,4.793333333333334,3.4265799275662605,3.40252259121136,1.9832648333019949,69.72444444444444,60.19441829119739,60.50565799846731,30.56469772270499,6.488148148148146,58.95866458543831,76.87026505892617,20.740708003699257,252.76370370370373,168.71002497731533,146.71337561944858,79.83407069522667,9.333333333333332
94,99_1,99,0.5653333333333334,0.7995020672615897,0.3333333333333333,0.4714045207910317,3.6666666666666665,5.185449728701348,3.333333333333333,4.714045207910316,0.6666666666666666,0.9428090415820634,0.0,0.0,1.3333333333333333,1.8856180831641267,0.3333333333333333,0.4714045207910317,0.0,0.0,0.0,0.0,0.0,0.0,0.0,0.0,0.0,0.0,0.0,0.0,6.666666666666667,9.428090415820632,6.666666666666667,7.408703590297622,9.333333333333334,11.08552609887726,0.0,0.0,4.333333333333333,6.128258770283412,16.666666666666668,10.656244908763854,0.0,0.0,0.0,0.0,0.0,0.0,0.0,0.0,5.138888888888889,3.990104142746008,4.497987929139806,2.533896270465152,60.09166666666667,49.1872369607746,59.534777399820975,18.047581704075697,13.449074074074074,34.891794843396774,85.64067957715862,32.47003417554096,176.83472222222224,130.48730772813832,140.60278402365233,36.67771702774199,4.0
95,99_1,99,0.0,0.0,0.0,0.0,1.0,1.4142135623730951,0.6666666666666666,0.9428090415820634,5.666666666666667,3.39934634239519,1.0,1.4142135623730951,0.0,0.0,2.333333333333333,1.699673171197595,0.0,0.0,0.0,0.0,0.0,0.0,0.0,0.0,0.0,0.0,0.0,0.0,2.333333333333333,2.6246692913372702,21.0,7.118052168020874,15.0,9.626352718795768,0.0,0.0,1.6666666666666667,1.699673171197595,23.0,8.524474568362947,0.0,0.0,0.0,0.0,0.0,0.0,0.0,0.0,4.536388888888888,3.3204313037932094,3.632146921873959,0.5493908132643862,59.75416666666666,78.5086212615985,46.40696623878672,18.842917522869367,74.68652116402116,58.79227696500769,76.35976739353148,31.720748133927096,220.97115740740745,85.86242985168282,95.39245596815849,18.946004562688326,11.666666666666666
96,99_1,99,1.1836666666666666,0.2908909685011818,1.0,0.0,1.6666666666666667,2.357022603955158,1.3333333333333333,1.8856180831641267,1.3333333333333333,1.8856180831641267,0.0,0.0,0.3333333333333333,0.4714045207910317,0.0,0.0,0.0,0.0,0.0,0.0,0.0,0.0,0.0,0.0,0.0,0.0,0.0,0.0,2.0,2.8284271247461903,11.333333333333334,10.402991022884825,11.666666666666666,12.36482466066094,0.0,0.0,0.6666666666666666,0.9428090415820634,14.0,12.328828005937952,0.0,0.0,0.0,0.0,0.0,0.0,0.0,0.0,3.400123456790124,3.846625197197179,2.1496782055767,1.2301897960764794,37.21442680776014,25.373287616440688,37.06883124073766,22.72136331450203,19.022239858906524,29.73341704156951,61.74061786308395,27.881707000067017,129.26639109347445,76.22482585613413,115.36136780863347,36.79143316962022,5.0
97,99_1,99,0.7773333333333333,1.0993153424846858,0.3333333333333333,0.4714045207910317,4.333333333333333,6.128258770283413,0.6666666666666666,0.9428090415820634,1.3333333333333333,1.8856180831641267,0.0,0.0,1.3333333333333333,1.8856180831641267,0.0,0.0,0.0,0.0,0.0,0.0,0.0,0.0,0.0,0.0,0.0,0.0,0.0,0.0,0.3333333333333333,0.4714045207910317,9.0,9.41629792788369,8.333333333333334,9.10433352249844,0.0,0.0,1.3333333333333333,1.247219128924647,17.333333333333332,7.363574011458175,0.0,0.0,0.0,0.0,0.0,0.0,0.0,0.0,3.516388888888889,3.911003082735773,3.0169091141080417,0.7845401519950989,34.2941975308642,34.48885707188158,49.22140089590007,13.627439062830597,19.86119047619048,35.252660474910755,87.08354644252533,11.613971203110008,151.11752645502645,71.40827496292297,104.60402907691751,34.49746403290699,6.0
98,99_1,99,1.2443333333333333,1.10589159605371,0.6666666666666666,0.4714045207910317,0.0,0.0,0.3333333333333333,0.4714045207910317,11.333333333333334,13.29995822884,5.333333333333333,7.542472332656507,0.0,0.0,0.6666666666666666,0.9428090415820634,0.0,0.0,0.0,0.0,0.0,0.0,0.0,0.0,0.0,0.0,0.0,0.0,0.6666666666666666,0.9428090415820634,13.0,12.027745701779144,12.0,10.708252269472672,0.0,0.0,0.0,0.0,17.333333333333332,12.498888839501785,0.3333333333333333,0.4714045207910317,0.3333333333333333,0.4714045207910317,0.0,0.0,0.0,0.0,4.710506715506716,3.4535609766593254,2.082485008011918,1.7187447152326685,39.663050468050464,64.52562649364125,26.48899745007526,20.56705679633018,34.70618640618641,71.08439411896904,44.02156698552401,33.99061897903978,128.23984635734635,93.93795502580736,49.25505048327261,39.48253020211792,13.666666666666666
99,99_1,99,0.4516666666666666,0.6387531256718479,0.3333333333333333,0.4714045207910317,5.0,3.559026084010437,1.0,0.816496580927726,8.0,11.31370849898476,4.0,5.656854249492381,1.0,0.816496580927726,0.0,0.0,0.0,0.0,0.0,0.0,0.0,0.0,0.0,0.0,0.0,0.0,0.0,0.0,0.0,0.0,12.333333333333334,9.809292646374772,9.0,8.286535263104035,0.0,0.0,0.0,0.0,18.666666666666668,13.299958228840003,0.0,0.0,0.0,0.0,0.0,0.0,0.3333333333333333,0.4714045207910317,5.383488455988456,3.808889320361499,2.814520619228336,2.0018713106476547,49.17023929773929,62.34341431037177,30.06615227466894,26.970441774869297,32.108695286195285,60.40323149336586,61.05174341047738,45.802915610857845,152.67123436748437,108.10955842700687,48.57056172122747,44.36131689890952,3.6666666666666665
100,99_1,99,0.5793333333333334,0.819301057134813,0.3333333333333333,0.4714045207910317,6.666666666666667,9.428090415820632,2.6666666666666665,3.771236166328253,0.0,0.0,0.0,0.0,5.666666666666667,8.013876853447538,0.0,0.0,0.0,0.0,0.0,0.0,0.0,0.0,0.0,0.0,0.0,0.0,0.0,0.0,0.3333333333333333,0.4714045207910317,8.666666666666666,12.256517540566824,7.666666666666667,10.842303978193728,0.0,0.0,0.3333333333333333,0.4714045207910317,18.33333333333333,13.123346456686352,0.0,0.0,0.0,0.0,0.6666666666666666,0.9428090415820634,0.3333333333333333,0.4714045207910317,6.266574074074074,4.4334365434782095,3.868774402093441,3.09472104309165,47.02685185185186,35.009182094598906,31.80808311912922,22.82435830041365,28.72759259259259,24.929978814471266,60.93649799604084,44.04524377174756,122.60930555555554,86.81842236173824,50.33768481913406,39.14577824874584,3.333333333333333
101,99_1,99,0.0,0.0,0.0,0.0,0.6666666666666666,0.9428090415820634,0.6666666666666666,0.9428090415820634,0.0,0.0,0.0,0.0,7.333333333333333,10.370899457402697,0.6666666666666666,0.9428090415820634,0.0,0.0,0.0,0.0,0.0,0.0,0.0,0.0,0.0,0.0,0.0,0.0,4.333333333333333,6.128258770283412,4.0,5.656854249492381,6.666666666666667,6.018490028422596,0.0,0.0,1.3333333333333333,1.8856180831641267,21.0,12.027745701779144,0.0,0.0,0.0,0.0,0.0,0.0,0.0,0.0,6.920136684303351,5.415163202294167,3.80714725929154,1.8010775885071242,62.29207671957672,49.75125010067258,26.347643197915232,21.0218759781945,68.62259700176367,63.70303386054028,53.5450099598427,16.79716555287059,149.49952380952382,89.18584074970414,58.53493737894362,14.279110959421448,3.333333333333333
102,99_1,99,2.489333333333333,2.166532457381816,0.6666666666666666,0.4714045207910317,0.6666666666666666,0.9428090415820634,0.6666666666666666,0.9428090415820634,2.6666666666666665,3.771236166328253,0.0,0.0,5.0,7.071067811865476,1.6666666666666667,1.247219128924647,0.0,0.0,0.0,0.0,0.0,0.0,0.0,0.0,0.0,0.0,0.0,0.0,0.6666666666666666,0.4714045207910317,6.333333333333333,8.956685895029603,7.333333333333333,6.847546194724712,0.0,0.0,0.0,0.0,21.33333333333333,11.55662388223981,0.0,0.0,0.0,0.0,0.0,0.0,0.6666666666666666,0.9428090415820634,5.689497354497355,4.865127608076806,2.7848814471351986,1.009336894095214,60.00369047619048,46.56072728016903,35.44718015472453,9.687137450413438,36.66125661375661,75.63943126578658,69.83775157429784,12.628881130958163,155.86160714285714,67.65837762620728,87.06934456798628,40.8020883064922,13.0
103,99_1,99,1.034333333333333,0.9896316935551774,0.6666666666666666,0.4714045207910317,0.0,0.0,0.0,0.0,1.3333333333333333,1.8856180831641267,0.0,0.0,9.0,9.273618495495704,1.6666666666666667,2.357022603955158,0.3333333333333333,0.4714045207910317,0.6666666666666666,0.9428090415820634,0.0,0.0,0.3333333333333333,0.4714045207910317,0.0,0.0,0.3333333333333333,0.4714045207910317,0.3333333333333333,0.4714045207910317,7.666666666666667,6.548960901462833,3.6666666666666665,3.771236166328253,0.0,0.0,0.3333333333333333,0.4714045207910317,19.33333333333333,11.728408057172787,0.3333333333333333,0.4714045207910317,0.3333333333333333,0.4714045207910317,0.0,0.0,0.0,0.0,4.797962962962963,5.851386532132576,4.634067368790547,0.8527242546289336,49.92611111111111,59.46425718108959,50.1799835468943,13.450765410277086,26.98407407407408,59.44300027725376,73.23225515293332,32.14465250616999,179.12462962962965,90.21855373355498,117.65347447074863,68.41279586896019,12.0
104,99_1,99,0.8783333333333333,1.2421509122843684,0.3333333333333333,0.4714045207910317,0.0,0.0,0.0,0.0,0.0,0.0,0.0,0.0,5.666666666666667,8.013876853447538,4.0,5.656854249492381,0.0,0.0,0.0,0.0,0.0,0.0,0.0,0.0,0.0,0.0,0.0,0.0,0.0,0.0,0.0,0.0,0.3333333333333333,0.4714045207910317,0.0,0.0,0.0,0.0,18.0,12.96148139681572,0.0,0.0,0.0,0.0,0.0,0.0,0.0,0.0,2.58425925925926,5.624804675773512,2.1507896129351765,1.6205526758012316,64.37388888888889,46.91598205101007,29.638011291344046,28.15919408449754,36.48814814814816,65.50424032128446,60.44382713859786,47.06100161907673,247.85611111111112,189.07625823823687,109.3730104040218,112.49910548499982,12.333333333333334
105,99_1,99,4.341,0.9104211479676134,1.3333333333333333,0.4714045207910317,2.333333333333333,3.2998316455372216,0.0,0.0,2.0,2.8284271247461903,0.0,0.0,7.0,7.118052168020874,1.3333333333333333,1.247219128924647,0.0,0.0,0.0,0.0,0.0,0.0,0.0,0.0,0.0,0.0,0.0,0.0,0.6666666666666666,0.9428090415820634,12.333333333333334,8.9566858950296,12.0,9.092121131323903,0.0,0.0,0.6666666666666666,0.9428090415820634,23.0,5.354126134736337,0.0,0.0,0.0,0.0,0.0,0.0,0.3333333333333333,0.4714045207910317,2.6746296296296297,7.213674233936598,5.6113293242819,1.1724880269332287,49.13962962962963,44.86979849454436,87.78304655330282,29.21528157544611,95.20277777777778,9.544720116313808,97.52600532989982,9.920100812647563,332.9807407407407,96.80628110051008,123.35165544121384,51.13997575911144,12.333333333333334
106,99_1,99,1.3863333333333332,1.557614914612152,0.6666666666666666,0.4714045207910317,7.666666666666667,10.842303978193728,0.0,0.0,1.0,0.816496580927726,0.0,0.0,3.333333333333333,0.4714045207910317,0.6666666666666666,0.4714045207910317,0.0,0.0,0.0,0.0,0.0,0.0,0.0,0.0,0.0,0.0,0.0,0.0,2.333333333333333,2.6246692913372702,7.333333333333333,5.792715732327589,7.666666666666667,5.2493385826745405,0.0,0.0,0.3333333333333333,0.4714045207910317,26.0,4.320493798938574,0.0,0.0,0.0,0.0,0.0,0.0,0.0,0.0,0.7634964726631388,6.158397414717563,4.261499635909133,1.1517606492543797,77.37390652557319,8.795353391576212,72.4892997118687,20.842125237426018,41.65412257495591,76.77432246700043,93.8633643731148,23.4912925850965,359.49393738977074,126.4320524385646,155.36086566782436,54.83399759297801,11.0
107,99_1,99,1.0166666666666666,1.0015069756233466,0.6666666666666666,0.4714045207910317,11.666666666666666,16.49915822768611,0.6666666666666666,0.9428090415820634,2.0,1.632993161855452,0.0,0.0,3.0,2.943920288775949,1.6666666666666667,1.699673171197595,0.0,0.0,0.0,0.0,0.0,0.0,0.0,0.0,0.0,0.0,0.0,0.0,6.0,6.48074069840786,9.0,4.242640687119285,9.333333333333334,5.557777333511022,0.0,0.0,0.3333333333333333,0.4714045207910317,26.33333333333333,3.0912061651652345,0.0,0.0,0.0,0.0,0.0,0.0,0.3333333333333333,0.4714045207910317,0.6877513227513226,3.3595305569133,5.316551858718321,1.8017953596077736,73.04849206349206,33.5694033629327,73.10406668327771,5.332818123629521,7.395238095238096,15.745310946737124,101.52555425887628,22.010260640020952,375.3656283068783,182.5161021865273,192.3801822775356,37.80342278633797,12.666666666666666
108,99_1,99,1.0453333333333334,1.0649764733968958,0.6666666666666666,0.4714045207910317,8.333333333333334,11.785113019775793,1.3333333333333333,1.8856180831641267,1.6666666666666667,1.699673171197595,0.0,0.0,3.333333333333333,4.714045207910316,0.6666666666666666,0.4714045207910317,0.0,0.0,0.0,0.0,0.0,0.0,0.0,0.0,0.0,0.0,0.0,0.0,5.333333333333333,4.109609335312651,8.333333333333334,8.993825042154695,9.0,7.874007874011811,0.0,0.0,2.333333333333333,2.0548046676563256,27.666666666666668,1.247219128924647,0.0,0.0,0.0,0.0,0.3333333333333333,0.4714045207910317,0.6666666666666666,0.4714045207910317,3.121534391534391,3.792985508917043,6.460129789226606,0.5585169579760612,73.18604497354497,13.605314508914056,83.48127147103344,8.877442938942966,48.049007936507934,74.29914501071245,95.06368808128978,12.753441009704686,399.83587301587295,163.7808691634486,146.66404599217438,47.25108435421753,6.0
109,99_1,99,2.919666666666666,4.129032197608647,0.3333333333333333,0.4714045207910317,4.333333333333333,6.128258770283412,0.0,0.0,0.6666666666666666,0.9428090415820634,0.0,0.0,0.6666666666666666,0.4714045207910317,3.6666666666666665,5.185449728701348,0.0,0.0,0.0,0.0,0.0,0.0,0.0,0.0,0.0,0.0,0.0,0.0,0.6666666666666666,0.9428090415820634,13.666666666666666,9.877021593352705,12.666666666666666,9.177266598624136,0.0,0.0,0.6666666666666666,0.9428090415820634,25.33333333333333,3.0912061651652345,0.0,0.0,0.0,0.0,0.0,0.0,1.0,1.4142135623730951,1.4064814814814814,2.2647372113533035,4.010673706997758,0.9674980547555178,91.89722222222224,18.11762280689272,61.01432138919757,16.921651808315897,124.10555555555555,18.064114637986584,80.11615631038354,21.88493762759609,288.72083333333336,55.63601118646755,136.36493008483242,54.67145872299474,13.666666666666666
110,99_1,99,4.747000000000001,2.3236119871154624,1.3333333333333333,0.4714045207910317,3.6666666666666665,5.185449728701348,0.0,0.0,0.3333333333333333,0.4714045207910317,0.0,0.0,4.0,3.741657386773941,2.333333333333333,1.8856180831641267,0.0,0.0,0.0,0.0,0.0,0.0,0.0,0.0,0.0,0.0,0.0,0.0,1.6666666666666667,2.357022603955158,9.0,10.03327796219494,8.666666666666666,8.806563209081938,0.0,0.0,1.3333333333333333,1.8856180831641267,20.666666666666668,3.0912061651652345,0.0,0.0,0.0,0.0,0.0,0.0,0.0,0.0,2.678703703703704,2.99010915243645,4.003688330609212,1.8601652705198384,35.35833333333333,20.97434953645444,75.56678566119722,19.271656408830825,70.34722222222223,36.05245813608721,79.4949652994733,12.96365252498776,317.13472222222225,125.3365239560964,179.90235538582613,75.28965125378713,12.333333333333334
111,99_1,99,0.7073333333333333,1.0003203931185691,0.3333333333333333,0.4714045207910317,4.333333333333333,6.128258770283412,0.3333333333333333,0.4714045207910317,1.3333333333333333,1.8856180831641267,0.0,0.0,3.0,3.559026084010437,3.333333333333333,4.714045207910316,0.0,0.0,0.0,0.0,0.0,0.0,0.0,0.0,0.0,0.0,0.0,0.0,5.666666666666667,4.496912521077348,12.666666666666666,9.533566430716728,8.333333333333334,4.921607686744467,0.0,0.0,1.6666666666666667,2.357022603955158,24.666666666666668,4.109609335312651,0.0,0.0,0.0,0.0,0.6666666666666666,0.9428090415820634,1.3333333333333333,1.8856180831641267,-0.5851851851851851,3.361601076419117,5.640568084085319,2.538375205654761,70.30092592592592,56.01381555097702,66.32164337906767,40.27396038939147,78.68240740740741,52.10183258297928,106.23958791860404,26.3501804316844,269.4777777777778,121.55194559691368,131.2098777994444,20.07993528844671,9.666666666666668
112,99_1,99,1.3623333333333332,0.9676074732153644,0.6666666666666666,0.4714045207910317,2.333333333333333,3.2998316455372216,0.3333333333333333,0.4714045207910317,2.6666666666666665,3.771236166328253,0.3333333333333333,0.4714045207910317,3.0,2.160246899469287,1.6666666666666667,2.357022603955158,0.0,0.0,0.0,0.0,0.0,0.0,0.0,0.0,0.0,0.0,0.0,0.0,3.0,4.242640687119285,13.666666666666666,9.030811456096044,16.0,10.23067283548187,0.0,0.0,5.0,7.071067811865476,24.666666666666668,7.542472332656507,0.0,0.0,0.3333333333333333,0.4714045207910317,0.0,0.0,2.0,2.8284271247461903,3.003439153439153,2.1176047426346933,4.776490516339224,2.89308704280306,58.32407407407408,13.888426720705478,87.68047415850117,32.16393885483056,98.24563492063491,33.42404598903532,77.66737635893388,24.213750491287232,297.5347883597884,39.21556754415319,123.8510196758074,49.34157571814293,12.666666666666666
113,99_1,99,2.432,0.5930143337222128,1.0,0.0,1.3333333333333333,1.8856180831641267,0.3333333333333333,0.4714045207910317,0.0,0.0,0.0,0.0,4.0,2.943920288775949,1.6666666666666667,2.357022603955158,0.0,0.0,0.0,0.0,0.0,0.0,0.3333333333333333,0.4714045207910317,0.0,0.0,0.0,0.0,5.333333333333333,6.847546194724712,3.0,2.160246899469287,5.333333333333333,2.494438257849294,0.0,0.0,3.6666666666666665,3.858612300930076,22.0,8.640987597877148,0.3333333333333333,0.4714045207910317,0.0,0.0,0.6666666666666666,0.9428090415820634,2.0,2.8284271247461903,0.7926984126984129,4.3602370890715445,4.118161012164072,2.692983589083665,50.85431216931217,34.65880430750009,66.64608358175538,31.742203569013096,38.05746031746032,86.771583573253,75.77926476202767,28.407469812692145,357.7703968253968,219.9918882927292,194.53753588837048,154.04172939619752,12.666666666666666
114,99_1,99,0.0,0.0,0.0,0.0,6.666666666666667,7.408703590297622,2.0,2.8284271247461903,5.0,5.0990195135927845,2.333333333333333,3.2998316455372216,5.333333333333333,4.027681991198191,0.0,0.0,0.0,0.0,0.0,0.0,0.0,0.0,0.0,0.0,0.0,0.0,0.0,0.0,3.0,3.559026084010437,19.0,3.741657386773941,8.0,6.164414002968976,0.0,0.0,0.3333333333333333,0.4714045207910317,20.666666666666668,10.402991022884825,0.0,0.0,0.0,0.0,0.0,0.0,1.3333333333333333,1.8856180831641267,2.748148148148148,2.3461402649162264,5.510175876322465,1.661409573477201,72.72870370370372,79.68933456157694,52.5327290058296,16.989899534241193,-2.2490740740740733,88.38116630408445,70.04592138048044,16.64117468120121,381.1444444444445,208.1789993437064,199.5391751419694,124.98230811041576,14.0
115,99_1,99,2.956,0.7806804724085264,1.6666666666666667,0.4714045207910317,12.333333333333334,6.182412330330469,3.6666666666666665,1.699673171197595,5.666666666666667,6.64997911442,1.6666666666666667,2.357022603955158,4.0,2.943920288775949,0.0,0.0,0.0,0.0,0.0,0.0,0.0,0.0,0.0,0.0,0.0,0.0,0.0,0.0,10.0,9.626352718795768,23.33333333333333,5.734883511361751,11.0,5.715476066494082,0.0,0.0,0.6666666666666666,0.4714045207910317,25.0,3.741657386773941,0.0,0.0,0.0,0.0,0.0,0.0,0.6666666666666666,0.9428090415820634,1.0583333333333331,4.425117700882844,4.919941438586148,0.5388476560572855,105.625,24.30279762130735,71.03232984254517,35.028983918493715,92.27222222222224,25.26425187571376,99.35777390257677,7.237622661558686,386.4819444444445,76.33281661740848,85.02570137615793,24.766692279443376,13.0
116,99_1,99,3.897,2.867266642640688,1.0,0.816496580927726,4.333333333333333,6.128258770283412,1.0,1.4142135623730951,14.666666666666666,4.988876515698588,6.0,7.071067811865476,0.3333333333333333,0.4714045207910317,3.6666666666666665,5.185449728701348,0.0,0.0,0.0,0.0,0.0,0.0,0.0,0.0,0.0,0.0,0.0,0.0,4.0,2.8284271247461903,20.0,0.816496580927726,17.666666666666668,9.533566430716728,0.0,0.0,0.0,0.0,20.0,5.887840577551898,0.0,0.0,0.0,0.0,0.0,0.0,0.0,0.0,1.3279629629629628,3.5432881642746983,5.740857755141069,1.7912629957687156,85.49407407407408,63.57539787759825,54.5673022189201,36.02583761230791,89.9725925925926,41.46043353160045,102.59256223120694,19.576181161525184,286.3987962962963,18.409533283232545,115.4580310872201,56.456407653629945,13.0
117,99_1,99,2.388666666666667,1.688806745078377,1.3333333333333333,0.4714045207910317,6.333333333333333,8.956685895029603,1.0,1.4142135623730951,10.0,9.93310961716756,5.0,7.071067811865476,3.6666666666666665,1.699673171197595,0.6666666666666666,0.9428090415820634,0.0,0.0,0.0,0.0,0.0,0.0,0.0,0.0,0.0,0.0,0.0,0.0,2.0,2.8284271247461903,24.0,3.741657386773941,20.33333333333333,8.806563209081938,0.0,0.0,1.3333333333333333,1.247219128924647,21.33333333333333,7.363574011458174,0.0,0.0,0.0,0.0,0.3333333333333333,0.4714045207910317,2.0,1.632993161855452,2.516666666666667,5.472358994342656,4.930996597838219,1.1319617338597274,94.93333333333332,28.587570952477986,75.91584125657657,23.114828093406818,57.55277777777778,31.95837884491424,121.61511943201874,2.335508624650142,350.31388888888887,70.07527998495001,95.38749271363962,27.16089909822328,9.0
118,99_1,99,1.8193333333333328,1.293161844300842,1.3333333333333333,0.9428090415820634,10.666666666666666,15.084944665313014,0.3333333333333333,0.4714045207910317,22.666666666666668,4.642796092394706,5.666666666666667,8.013876853447538,0.3333333333333333,0.4714045207910317,0.0,0.0,0.0,0.0,0.0,0.0,0.0,0.0,0.0,0.0,0.0,0.0,0.0,0.0,0.0,0.0,26.33333333333333,4.496912521077347,24.666666666666668,4.496912521077347,0.0,0.0,0.0,0.0,18.666666666666668,8.013876853447538,0.0,0.0,0.0,0.0,0.0,0.0,5.666666666666667,5.436502143433363,4.747222222222223,6.613238453247106,6.657623285050781,1.720024055036788,84.41944444444444,83.89739002179469,42.69458895490163,34.2359225582784,7.816666666666667,40.91116448635543,140.33690703804203,6.15593471823745,260.5458333333333,14.653850145066787,87.17008040564566,28.852857750321817,13.666666666666666
119,99_1,99,3.062,2.615936670996962,0.6666666666666666,0.4714045207910317,8.333333333333334,11.785113019775793,1.6666666666666667,2.357022603955158,23.33333333333333,6.018490028422596,4.333333333333333,3.6817870057290873,0.3333333333333333,0.4714045207910317,1.3333333333333333,1.8856180831641267,0.0,0.0,0.0,0.0,0.0,0.0,0.0,0.0,0.0,0.0,0.0,0.0,0.0,0.0,24.33333333333333,1.699673171197595,25.666666666666668,4.784233364802441,0.0,0.0,0.3333333333333333,0.4714045207910317,14.666666666666666,11.323525167642018,0.0,0.0,0.0,0.0,0.0,0.0,1.0,0.816496580927726,2.441666666666667,4.701511774202311,5.269836901491154,1.8881083896168056,75.35444444444444,83.19003681145571,50.25000397175484,35.718258958981245,48.82888888888888,52.74193893704996,111.51396416806342,7.673146124621288,199.635,32.73516880037262,42.77108926731094,7.420927004757624,11.333333333333334
120,99_1,99,2.268666666666667,0.8504901854551619,1.3333333333333333,0.4714045207910317,10.666666666666666,15.084944665313014,1.0,1.4142135623730951,18.33333333333333,4.988876515698588,4.333333333333333,4.784233364802441,1.6666666666666667,1.699673171197595,1.3333333333333333,0.9428090415820634,0.0,0.0,0.0,0.0,0.0,0.0,0.0,0.0,0.0,0.0,0.0,0.0,0.0,0.0,21.0,4.08248290463863,23.0,0.816496580927726,0.0,0.0,0.0,0.0,19.0,8.04155872120988,0.0,0.0,0.0,0.0,0.0,0.0,1.3333333333333333,1.8856180831641267,1.940740740740741,6.370388808112853,6.352194769334386,1.7124895864309004,77.81574074074075,67.43695960104664,62.13952917836695,24.13507783096051,35.62592592592593,26.18680609473161,123.33714652819224,7.855296519074487,226.70046296296297,13.781795184775056,69.5021124215299,31.567670042515445,3.333333333333333
121,99_1,99,2.862,2.6414201988072,1.0,0.0,8.333333333333334,11.785113019775793,0.3333333333333333,0.4714045207910317,11.666666666666666,4.784233364802441,3.333333333333333,4.027681991198191,1.3333333333333333,1.247219128924647,0.0,0.0,0.0,0.0,0.0,0.0,0.0,0.0,0.0,0.0,0.0,0.0,0.0,0.0,0.3333333333333333,0.4714045207910317,22.0,4.320493798938574,26.33333333333333,3.858612300930076,0.0,0.0,0.3333333333333333,0.4714045207910317,21.0,6.97614984548545,0.0,0.0,0.0,0.0,0.0,0.0,1.3333333333333333,1.247219128924647,4.030555555555556,4.024061503960187,5.498128760509864,1.5395861467370464,55.15555555555554,115.7516181259054,52.20574966277786,30.33083442574874,78.075,23.20472393636613,113.95926730421117,8.924319256450351,251.625,55.956467764881495,80.22371582314214,35.86319931853637,14.0
122,99_1,99,2.233,1.1363206707028903,1.3333333333333333,0.4714045207910317,5.0,7.071067811865476,0.0,0.0,9.333333333333334,6.599663291074443,1.3333333333333333,1.247219128924647,0.6666666666666666,0.9428090415820634,0.0,0.0,0.0,0.0,0.0,0.0,0.0,0.0,0.0,0.0,0.0,0.0,0.0,0.0,1.6666666666666667,1.247219128924647,21.0,4.96655480858378,19.666666666666668,2.0548046676563256,0.0,0.0,0.0,0.0,17.333333333333332,9.030811456096044,0.0,0.0,0.0,0.0,0.0,0.0,2.0,1.4142135623730951,3.6814814814814816,3.826228206838861,5.5185644752865874,1.650791255721012,89.4574074074074,55.4860865819875,62.64975787503468,30.86601977380461,71.94907407407408,18.2668863662406,113.2941416843186,5.261915112523793,268.6430555555556,44.632315036581865,129.92565518023227,90.10196313845807,3.333333333333333
123,99_1,99,1.2586666666666668,0.3152885803337775,1.0,0.0,10.333333333333334,14.613540144521982,0.6666666666666666,0.9428090415820634,13.666666666666666,8.993825042154695,3.0,4.242640687119285,0.6666666666666666,0.9428090415820634,0.0,0.0,0.6666666666666666,0.9428090415820634,0.0,0.0,0.0,0.0,0.0,0.0,0.0,0.0,0.0,0.0,2.333333333333333,3.2998316455372216,22.33333333333333,2.867441755680876,20.0,5.354126134736337,0.0,0.0,0.0,0.0,15.666666666666666,8.993825042154695,0.0,0.0,0.0,0.0,0.0,0.0,1.3333333333333333,1.247219128924647,3.816111111111111,4.161935165399343,5.50187894837073,2.7824754633494364,68.56277777777778,78.11303308446243,69.70402390141446,37.23712649915412,60.05444444444445,40.421882626390975,115.3960143409542,16.487034753497273,331.1761111111111,117.9584353198926,152.06874268596266,86.99385933119876,3.333333333333333
1,99_2,99,0.52475,0.5318511892437583,0.5,0.5,5.0,8.660254037844387,0.0,0.0,17.5,9.604686356149273,7.0,7.245688373094719,1.25,2.165063509461097,1.0,1.224744871391589,3.0,3.082207001484488,2.25,1.299038105676658,0.5,0.5,4.0,3.082207001484488,0.0,0.0,3.25,3.418698582794336,2.5,3.278719262151,20.25,7.495832175282475,12.75,10.638961415476606,0.0,0.0,0.5,0.8660254037844386,13.5,6.576473218982953,3.5,2.5,0.75,0.82915619758885,0.0,0.0,2.5,2.692582403567252,4.735277777777778,11.505539718455758,11.393407128583087,5.351865553002414,34.94972222222223,38.092998381519465,106.94149697890184,23.626814137502144,-18.055138888888887,49.9210702756389,109.46209563698896,17.758871913623455,912.75625,581.9319671100893,309.6893735640707,149.44480799621596,5.5
2,99_2,99,1.09075,1.2786053681648613,0.5,0.5,3.25,5.629165124598851,0.0,0.0,13.75,6.869315832017043,6.0,4.743416490252569,0.0,0.0,3.0,2.549509756796392,6.5,6.652067347825035,4.0,4.898979485566356,0.0,0.0,7.0,6.519202405202649,0.0,0.0,7.5,7.22841614740048,6.25,5.7608593109014565,20.25,8.13557004763649,12.75,7.013380069552769,0.0,0.0,0.25,0.4330127018922193,14.25,6.832825184358224,5.0,4.847679857416329,0.75,0.82915619758885,0.25,0.4330127018922193,4.0,3.6742346141747673,10.851388888888888,11.51507440954714,10.109213795113584,2.937769582102163,20.647222222222226,82.26259254329665,97.2441949071064,10.595934562144512,3.1625000000000014,59.847229845155645,113.97846113746364,29.56437798004211,921.7274305555557,465.34328168191695,256.3069385685336,107.08475618027968,5.75
3,99_2,99,0.808,1.3994970525156532,0.25,0.4330127018922193,0.0,0.0,1.5,2.598076211353316,11.25,4.02336923485777,3.5,2.5,2.75,2.384848003542364,1.75,2.0463381929681126,3.25,3.418698582794336,3.5,3.5,1.0,1.224744871391589,4.0,4.183300132670378,0.0,0.0,4.25,4.602988159880492,2.25,2.8613807855648994,22.5,6.87386354243376,14.0,9.137833441248532,0.0,0.0,0.5,0.8660254037844386,13.5,5.172040216394301,2.75,3.6996621467371855,0.25,0.4330127018922193,0.0,0.0,0.75,1.299038105676658,8.992638888888889,8.018577324622916,8.27946171734759,2.686330253267023,68.85569444444444,38.44566894600767,89.51726610783908,24.463497731905427,-0.8511111111111134,48.51759443493759,104.79710277751632,26.264148668915183,793.2079166666667,219.32899455601256,366.5589806934773,59.27103706600936,1.5
4,99_2,99,1.3225,2.2906371930098404,0.25,0.4330127018922193,0.0,0.0,0.0,0.0,10.75,9.832980219648569,5.5,6.18465843842649,0.25,0.4330127018922193,3.5,3.5,4.0,6.928203230275509,2.5,2.29128784747792,0.5,0.8660254037844386,5.0,6.442049363362563,0.0,0.0,5.25,6.53356717268599,2.0,2.9154759474226504,18.0,9.82344135219425,7.75,6.057020719792859,0.0,0.0,0.25,0.4330127018922193,15.75,9.959292143521044,3.75,5.931905258852336,0.0,0.0,0.0,0.0,4.0,3.391164991562634,10.679503968253968,6.678456573009822,10.91198148110937,3.501013547865577,32.51954365079364,36.792910062261065,96.62975261368916,22.88284267023069,-7.895178571428575,55.81833127606799,103.73185666406742,15.660652133806446,706.5510813492062,297.0211485108072,367.0616298262347,168.24030589008524,2.25
5,99_2,99,2.1195000000000004,2.6622806482412784,1.0,0.7071067811865476,0.5,0.8660254037844386,0.0,0.0,8.5,4.609772228646444,4.25,2.680951323690902,1.25,1.299038105676658,1.5,1.5,2.5,3.774917217635375,5.75,4.264680527307995,2.5,2.5,6.0,4.301162633521313,0.0,0.0,3.5,4.924428900898052,4.25,2.8613807855648994,20.5,9.836157786453,10.0,3.9370039370059056,0.0,0.0,0.5,0.5,15.75,4.602988159880492,2.5,2.179449471770337,0.0,0.0,0.25,0.4330127018922193,3.0,1.8708286933869709,12.650625000000002,7.106062341776093,8.567942356695008,3.974179255081263,15.306666666666668,34.527457330684264,94.4796195063173,23.630777468691992,-6.780416666666667,35.158045001089164,97.5652244112022,20.43790582764121,742.1500694444445,429.6983900144763,300.7833313907002,84.87076629907374,7.5
6,99_2,99,2.4585,0.7992585626691778,1.25,0.4330127018922193,2.5,4.330127018922194,0.0,0.0,18.5,10.547511554864494,11.5,10.111874208078342,0.25,0.4330127018922193,0.75,0.82915619758885,4.5,7.794228634059948,0.5,0.8660254037844386,0.5,0.8660254037844386,4.5,7.22841614740048,0.0,0.0,4.5,7.794228634059948,6.75,6.2599920127744575,22.75,4.866980583482946,14.25,3.418698582794336,0.0,0.0,1.5,2.598076211353316,15.75,7.048936089935842,1.75,2.0463381929681126,0.0,0.0,0.75,1.299038105676658,6.25,2.48746859276655,12.625,7.4450323669171805,9.604846652273752,2.69445365677866,43.18750000000001,40.79646996745621,111.08841046373252,18.143950578243054,-13.404166666666663,56.07270841035077,110.30009197587566,12.43414409117242,766.8895833333333,281.7608608909952,261.28937578157195,75.70120984095837,12.75
7,99_2,99,4.63775,3.038398293097861,1.0,0.0,5.0,6.96419413859206,0.75,0.82915619758885,19.5,9.313968005098578,11.75,8.954747344286158,0.0,0.0,0.0,0.0,7.0,7.314369419163897,3.75,4.493050188902857,0.0,0.0,7.25,9.41740410091868,0.0,0.0,8.5,9.5,8.75,8.926785535678562,25.75,3.960744879438715,20.25,7.46240577829965,0.0,0.0,0.75,1.299038105676658,11.75,3.897114317029974,2.5,1.8027756377319943,0.0,0.0,0.0,0.0,5.25,3.2691742076555053,16.945833333333333,10.02075363793673,6.854264355915777,2.7102424810133035,79.55416666666667,50.78445207853154,89.97821460823698,32.41272084078931,9.256249999999994,103.72395663340026,82.15788242632841,42.37332483184356,918.2510416666668,387.7440523620499,322.21098344079155,172.66525176869587,11.75
8,99_2,99,2.89625,2.357208346222285,1.0,0.7071067811865476,4.5,7.794228634059948,0.25,0.4330127018922193,13.25,9.175374651751284,5.5,5.5901699437494745,0.25,0.4330127018922193,0.25,0.4330127018922193,6.5,7.088723439378913,3.75,3.897114317029974,0.25,0.4330127018922193,7.0,7.245688373094719,0.0,0.0,7.5,8.0156097709407,5.25,4.602988159880492,18.5,7.697402159170326,8.25,5.84700778176325,0.0,0.0,1.0,1.7320508075688772,16.25,6.869315832017043,6.25,4.602988159880492,1.25,1.299038105676658,0.0,0.0,5.5,5.545268253204709,8.981805555555555,8.735829401702402,10.613714804545344,3.362856770039376,36.65625,58.31793885407388,92.75492519052784,17.27842611899545,15.057777777777774,68.60112227782996,80.27815022479442,15.908806897986995,797.1623611111112,327.69984511072056,336.01464627669066,182.25036699995096,6.75
9,99_2,99,0.52825,0.9149558390982594,0.25,0.4330127018922193,7.5,12.99038105676658,0.0,0.0,23.0,9.9498743710662,12.0,10.124228365658292,0.5,0.8660254037844386,1.5,2.598076211353316,0.75,1.299038105676658,0.0,0.0,0.0,0.0,1.0,1.7320508075688772,0.0,0.0,1.25,2.165063509461097,1.25,1.0897247358851685,22.25,4.493050188902857,14.75,9.627434756984853,0.0,0.0,1.25,2.165063509461097,14.5,5.024937810560445,0.5,0.8660254037844386,0.0,0.0,0.0,0.0,4.25,6.796138609534093,9.622916666666669,9.69937063930496,8.942974219235456,0.3713405809401193,80.00486111111111,25.82592705773025,79.77063716468933,11.207572463365294,11.29375,56.08075785784036,102.65514798659284,19.84680554221137,546.8506944444445,316.9987414241979,324.1172940057877,104.6675851119324,0.25
10,99_2,99,2.09875,1.707531167358301,0.75,0.4330127018922193,4.25,7.361215932167728,0.75,1.299038105676658,19.25,10.280442597476044,7.5,10.161200716450788,0.75,1.299038105676658,1.5,1.6583123951777,2.0,3.4641016151377544,0.0,0.0,0.0,0.0,1.25,1.6393596310755,0.0,0.0,2.0,3.4641016151377544,1.5,2.0615528128088303,19.75,5.629165124598851,14.0,10.74709263010234,0.0,0.0,0.0,0.0,11.5,2.8722813232690143,3.25,3.418698582794336,0.0,0.0,0.0,0.0,7.75,9.807522622966516,3.5125,4.780459720454602,8.949339491040206,3.5825265226121275,23.237500000000004,62.63860201030636,93.59967147205468,12.447833101971936,2.668749999999997,64.71966507749445,86.266586567433,23.097901171564583,571.1614583333333,263.2055225229679,247.11357042780185,146.8881408087467,1.25
11,99_2,99,1.61325,2.794230965310492,0.25,0.4330127018922193,0.25,0.4330127018922193,0.5,0.8660254037844386,14.75,10.304731922762477,5.75,7.224091638399945,0.0,0.0,3.25,3.491060010942235,3.5,6.06217782649107,0.5,0.8660254037844386,0.0,0.0,0.75,0.82915619758885,0.0,0.0,4.5,6.18465843842649,4.5,5.722761571129799,21.5,4.387482193696061,10.25,6.139014578904337,0.0,0.0,0.0,0.0,18.0,7.968688725254614,0.0,0.0,0.0,0.0,0.0,0.0,8.0,8.276472678623424,7.715277777777778,5.890899977617706,8.044497878917168,4.049316054829463,67.09236111111112,29.309919986683205,90.95434303993636,9.692819403634871,17.06666666666667,61.080135994587344,95.55596410887746,14.057183543644516,620.9538194444444,254.54212936467644,326.2157588063227,175.2885523858371,0.25
12,99_2,99,0.6045,1.0470247131753865,0.25,0.4330127018922193,0.0,0.0,0.0,0.0,11.5,3.3541019662496847,1.0,1.7320508075688772,0.25,0.4330127018922193,1.0,1.224744871391589,0.0,0.0,0.25,0.4330127018922193,0.0,0.0,0.0,0.0,0.0,0.0,0.0,0.0,0.75,1.299038105676658,14.0,8.860022573334675,9.0,5.916079783099616,0.0,0.0,0.0,0.0,20.75,7.885905147793752,0.5,0.5,0.0,0.0,0.0,0.0,2.5,3.278719262151,7.290138888888889,7.406988122826817,7.5695953899676445,3.069335382590592,41.09194444444445,17.036263072949446,67.43951935195456,12.40744279358612,6.793055555555555,15.828259481866874,53.42380224929249,36.02956941900103,365.1488888888889,223.6397088205549,261.87776803473224,116.4037443070429,0.25
13,99_2,99,4.19675,3.401032150318488,1.5,1.118033988749895,0.0,0.0,0.0,0.0,11.75,8.407585860400118,4.25,4.264680527307995,1.25,1.299038105676658,0.75,0.82915619758885,1.0,1.7320508075688772,2.0,1.224744871391589,0.25,0.4330127018922193,1.5,2.598076211353316,0.0,0.0,1.75,3.031088913245535,3.25,2.384848003542364,21.5,4.153311931459037,12.0,5.70087712549569,0.0,0.0,0.25,0.4330127018922193,18.0,4.847679857416329,1.0,1.224744871391589,0.0,0.0,0.0,0.0,2.75,2.7726341266023544,6.559027777777777,9.484761652632768,10.048935405032474,3.5107669821059506,-36.88263888888889,33.49976560258656,88.96172664060063,7.149186465602976,-29.15902777777778,48.687859547754016,79.74002051171188,21.8127087243566,665.6371527777778,541.3319704455317,296.7423814238042,160.37504174993356,2.5
14,99_2,99,2.82075,3.1289224483038884,1.0,0.7071067811865476,0.0,0.0,0.0,0.0,11.25,9.65336728815391,5.0,5.958187643906492,3.75,5.402545696243577,1.0,1.224744871391589,4.25,4.380353866983808,2.5,3.774917217635375,0.0,0.0,5.75,6.339361166552983,0.0,0.0,5.5,6.18465843842649,4.25,3.344772040064913,21.75,5.402545696243577,11.5,8.558621384311845,0.0,0.0,0.0,0.0,16.0,8.031189202104505,3.5,4.092676385936225,1.75,3.031088913245535,0.0,0.0,4.5,6.18465843842649,9.889583333333333,8.787800926261289,8.590836202596934,2.3794793218761754,7.399305555555553,81.5733365601645,85.67280613429752,9.261756673714668,15.552777777777784,101.83998409814836,70.02035478821284,1.5787434132556089,771.2315972222223,585.4066529568756,407.3045338564682,208.4975024854116,4.75
15,99_2,99,2.144,3.22234976375936,0.5,0.5,2.25,3.897114317029974,0.25,0.4330127018922193,13.75,12.255100978776143,4.0,4.242640687119285,2.25,2.48746859276655,1.75,0.82915619758885,0.75,0.82915619758885,0.5,0.8660254037844386,0.0,0.0,2.75,2.277608394786075,0.0,0.0,0.75,0.82915619758885,1.0,1.224744871391589,17.5,3.5,12.5,8.32165848854662,0.0,0.0,0.5,0.8660254037844386,17.75,2.0463381929681126,4.5,4.9749371855331,0.25,0.4330127018922193,0.0,0.0,3.5,5.5,4.24,6.47453140732551,8.613540515934915,2.074591406173729,-28.341944444444444,70.02501234843267,88.86762264504824,9.750134577293483,17.34347222222223,72.45229796001988,98.90824804202046,29.911536781097023,704.4500694444445,499.6012299326793,281.7840257089112,132.00793491795122,9.25
16,99_2,99,3.02375,0.3999233520313611,1.75,0.4330127018922193,5.75,9.959292143521044,0.0,0.0,13.25,12.8330627677106,5.0,8.093207028119323,1.5,1.6583123951777,0.75,0.82915619758885,2.5,4.330127018922194,3.0,5.196152422706632,0.75,1.299038105676658,3.5,4.092676385936225,0.0,0.0,2.5,4.330127018922194,2.25,2.8613807855648994,22.5,5.722761571129799,12.25,11.776565713313875,0.0,0.0,0.0,0.0,21.5,5.024937810560445,0.25,0.4330127018922193,0.0,0.0,0.0,0.0,8.25,10.40132203135736,3.934583333333333,2.447179037801598,4.860085847355825,3.0809287246432056,7.991250000000001,89.42885331969985,75.11337033595552,24.115303439269454,-1.2741666666666651,97.7020263529484,73.71121015783274,36.9281413861364,584.7822916666667,272.6168599511852,204.5798944389096,115.79025869005751,9.0
17,99_2,99,1.43975,1.937457402757542,0.75,0.82915619758885,0.0,0.0,0.0,0.0,15.0,13.583077707206124,10.25,11.27774356863996,0.0,0.0,1.0,0.7071067811865476,7.5,11.863810517704673,3.5,5.5,2.75,4.763139720814412,11.25,10.425329730996522,0.0,0.0,8.0,11.6619037896906,7.5,10.712142642814277,22.5,3.2015621187164243,12.5,9.5524865872714,0.0,0.0,0.25,0.4330127018922193,17.0,10.88577052853862,1.75,3.031088913245535,0.0,0.0,0.0,0.0,6.25,4.264680527307995,8.085416666666667,5.252831164529805,9.267755001032416,2.9453916249239227,40.60416666666666,36.42940304547962,89.97762532478164,28.46878543517366,31.49791666666667,53.9514642908971,81.94014009037441,32.59398427904724,619.1961805555557,166.8785556488045,238.7236904076687,80.52666900255727,9.25
18,99_2,99,3.66625,3.205910664304294,1.25,0.82915619758885,0.75,1.299038105676658,1.5,2.598076211353316,9.75,10.473180032826706,6.75,9.522998477370455,0.25,0.4330127018922193,0.0,0.0,13.25,12.316147936753602,1.75,1.479019945774904,0.0,0.0,12.75,11.903255857117411,0.0,0.0,13.5,12.539936203984452,6.0,4.743416490252569,18.0,8.031189202104505,9.75,9.443913383762052,0.0,0.0,0.0,0.0,5.5,3.840572873934304,10.25,9.256754290786809,0.5,0.8660254037844386,0.0,0.0,7.5,5.678908345800274,10.091944444444444,7.7841345203870596,9.56451850368789,3.67331396479664,57.90138888888889,43.59626952429743,85.23424130451976,19.36178431355508,77.27638888888889,46.414722617876805,70.5523476274123,23.058663370892265,687.0702777777777,439.1674849274213,380.07242145680095,188.27850888806609,10.0
19,99_2,99,1.30925,1.085253743370646,1.0,0.7071067811865476,2.25,3.897114317029974,0.0,0.0,15.5,10.037429949942366,9.0,8.774964387392123,0.75,1.299038105676658,0.5,0.8660254037844386,7.0,4.847679857416329,6.25,4.205650960315181,2.25,3.344772040064913,9.0,5.385164807134504,0.0,0.0,7.25,5.448623679425842,4.5,2.8722813232690143,21.5,0.8660254037844386,17.5,5.024937810560445,0.0,0.0,0.0,0.0,14.75,5.2141634036535525,5.75,3.631459761583488,0.25,0.4330127018922193,0.0,0.0,3.25,1.0897247358851685,15.11097222222222,11.89907977933199,9.93433966922136,4.2558387866427525,27.53333333333333,62.34337458115871,108.45600787955752,17.139496722042775,38.9825,63.17261627103771,109.16540846094937,25.703965506830027,862.0640972222222,474.55644123534375,357.57170004595184,137.7764566940532,5.75
20,99_2,99,1.3145,1.4916148128789817,0.5,0.5,0.0,0.0,0.0,0.0,15.25,13.808964479641476,12.25,11.840080236214618,0.25,0.4330127018922193,0.75,0.4330127018922193,6.25,9.705024471890836,0.5,0.8660254037844386,0.0,0.0,9.0,9.669539802906858,0.0,0.0,7.25,9.41740410091868,5.5,4.330127018922194,16.75,5.80409338312195,15.0,6.59545297913646,0.0,0.0,0.5,0.8660254037844386,7.25,5.068283733178324,7.5,8.0156097709407,1.25,2.165063509461097,0.0,0.0,4.25,6.796138609534093,10.109027777777778,11.406287755729837,10.959936048086348,5.127663088666192,51.37777777777777,27.505091069149763,92.0530232763068,16.257091965643045,9.33611111111111,111.78060318524317,55.11364845688645,14.999254531035458,715.6795138888888,473.0895198764316,261.7475352047376,56.0064205933076,13.0
21,99_2,99,3.7175,1.247540079516486,1.75,0.4330127018922193,0.0,0.0,0.0,0.0,17.0,9.1104335791443,11.0,8.660254037844387,0.75,1.299038105676658,2.5,2.8722813232690143,0.75,1.299038105676658,1.0,1.7320508075688772,0.0,0.0,2.25,3.897114317029974,0.0,0.0,2.0,3.4641016151377544,1.75,2.0463381929681126,19.75,11.121488209767612,14.75,10.280442597476044,0.0,0.0,0.5,0.8660254037844386,9.75,6.49519052838329,2.0,3.4641016151377544,1.0,1.7320508075688772,0.0,0.0,0.75,0.4330127018922193,7.419722222222222,10.491482152791647,5.50890746149644,1.1314629175343196,49.85597222222222,48.98800059106028,75.76185681222448,13.23786017835396,58.156805555555565,36.23153597533432,93.36440748017228,39.37928250154167,536.3813888888889,500.7168066145505,207.4721893924953,171.7824172416929,12.0
22,99_2,99,2.97875,1.1621332485993163,1.5,0.5,0.75,1.299038105676658,0.0,0.0,16.0,6.745368781616021,10.25,7.224091638399945,0.0,0.0,0.25,0.4330127018922193,2.25,3.897114317029974,0.5,0.5,0.0,0.0,4.0,4.743416490252569,0.0,0.0,3.25,5.068283733178324,1.75,1.479019945774904,18.75,9.443913383762052,15.25,7.980444849756184,0.0,0.0,0.0,0.0,12.0,10.700467279516348,1.25,1.6393596310755,0.0,0.0,0.0,0.0,1.0,1.0,7.305,6.940155797963039,9.372670239130752,3.3408417235550103,43.25547619047619,37.96623311353216,87.33104942397239,22.07765179550598,56.10513888888889,67.07017926977751,73.32867174365468,16.45830501412231,510.2743353174602,347.4469247002103,204.06466263767652,84.86730408804225,12.0
23,99_2,99,0.1435,0.2485492908861339,0.25,0.4330127018922193,2.25,3.897114317029974,0.75,1.299038105676658,17.25,11.27774356863996,11.25,5.717298313014636,0.5,0.8660254037844386,0.75,1.299038105676658,3.5,6.06217782649107,1.75,2.0463381929681126,1.0,1.224744871391589,3.75,4.264680527307995,0.0,0.0,4.5,7.794228634059948,5.5,6.34428877022476,19.5,6.5383484153110105,14.5,6.34428877022476,0.0,0.0,1.0,1.7320508075688772,14.75,10.158124826955024,2.5,3.774917217635375,0.0,0.0,0.5,0.5,4.25,3.112474899497183,11.690972222222223,10.389987013969892,11.44547678999049,3.1374889479573334,72.75694444444444,22.01551102505787,90.25919431755268,22.15109985156317,16.80833333333333,70.98955248837676,88.01998257310316,12.492746738462111,656.5201388888888,419.960420525055,208.62021553652835,116.10794284424202,6.0
24,99_2,99,2.3575000000000004,3.336004833629592,0.75,0.82915619758885,4.25,7.361215932167728,0.0,0.0,20.5,6.689544080129826,12.25,3.491060010942235,0.0,0.0,0.5,0.5,0.75,1.299038105676658,1.0,0.7071067811865476,0.0,0.0,1.5,1.5,0.0,0.0,1.25,1.6393596310755,7.25,6.299801584177076,17.25,6.339361166552983,14.25,8.073877630977572,0.0,0.0,1.0,1.7320508075688772,17.25,10.871407452579447,1.25,1.6393596310755,0.0,0.0,0.0,0.0,3.5,3.278719262151,11.603869047619048,9.5033309358794,8.857045514619697,4.224919820211489,39.020833333333336,60.06570144086668,102.50009720088552,40.3410009609484,56.6061507936508,49.05062924068193,103.95849581007737,36.56290002378973,622.8290178571428,425.13779714648575,243.3390348069108,150.06972520072034,3.25
25,99_2,99,0.73875,1.2795525340915082,0.25,0.4330127018922193,2.75,4.763139720814412,0.0,0.0,15.75,4.264680527307995,10.0,7.211102550927978,0.25,0.4330127018922193,3.25,5.629165124598851,6.0,6.363961030678928,9.75,7.46240577829965,1.75,3.031088913245535,8.0,7.582875444051551,0.0,0.0,6.0,6.164414002968976,15.5,11.169153951844338,16.0,8.972179222463181,16.75,3.960744879438715,0.0,0.0,0.0,0.0,15.5,11.863810517704673,4.0,3.9370039370059056,2.0,2.9154759474226504,0.75,1.299038105676658,2.5,1.8027756377319943,13.595208333333332,10.09997384442089,9.77404864943623,3.961815693432949,31.278472222222224,38.38144959147655,118.88661776007746,23.741341353245705,26.581805555555555,88.81695969104985,100.28239932807368,20.473905608201264,939.8352777777776,639.0307768602798,353.29813763896715,245.65300328852555,1.5
26,99_2,99,0.0,0.0,0.0,0.0,5.0,8.660254037844387,0.0,0.0,18.25,11.233320969330483,13.75,10.96300597464035,0.0,0.0,0.0,0.0,0.25,0.4330127018922193,4.75,8.227241335952167,3.75,6.49519052838329,1.0,0.7071067811865476,0.0,0.0,1.75,2.0463381929681126,13.25,11.453711188955308,17.75,12.65652005884714,23.25,4.968651728587948,0.0,0.0,0.0,0.0,20.0,11.726039399558577,0.0,0.0,0.0,0.0,0.5,0.8660254037844386,5.0,7.54983443527075,9.597916666666666,13.675938642120895,6.768736082999009,3.861014191725695,54.36625,114.11758139070982,68.77204425839857,26.634850500045204,11.785416666666665,118.30067204406063,71.84986633997109,54.433963132817695,801.6454166666667,531.8721880136857,163.01079674348574,53.34718929957877,0.25
27,99_2,99,0.0,0.0,0.0,0.0,3.75,6.49519052838329,0.75,1.299038105676658,22.75,6.609652033201143,16.5,9.937303457175895,0.25,0.4330127018922193,0.25,0.4330127018922193,0.25,0.4330127018922193,1.0,1.224744871391589,0.0,0.0,0.5,0.8660254037844386,0.0,0.0,0.5,0.8660254037844386,4.5,3.3541019662496847,19.5,10.012492197250394,19.5,11.4564392373896,0.0,0.0,0.0,0.0,18.25,10.73254396683284,0.0,0.0,0.0,0.0,0.25,0.4330127018922193,6.5,6.5,13.299940476190477,13.047820243468538,6.355997906145259,4.258388782483794,0.0282341269841293,89.30378638220687,96.3599920675785,11.529684350139249,34.51555555555556,127.75080062987502,63.42282703599898,37.82148258827695,820.0337202380953,516.5857235764734,144.67276680284283,138.65847751776673,0.25
28,99_2,99,0.6265,1.0851298309419015,0.25,0.4330127018922193,3.0,5.196152422706632,0.0,0.0,24.75,6.139014578904337,19.0,7.44983221287567,0.0,0.0,0.25,0.4330127018922193,0.25,0.4330127018922193,2.0,3.4641016151377544,0.0,0.0,1.5,2.598076211353316,0.0,0.0,0.5,0.8660254037844386,7.25,11.986972094736853,18.25,11.755317945508748,17.5,11.4564392373896,0.0,0.0,2.0,2.9154759474226504,15.0,10.63014581273465,0.0,0.0,0.0,0.0,0.0,0.0,6.25,5.931905258852336,13.522083333333336,11.412713937084476,8.194078433852685,6.903367948801295,70.29472222222222,40.23485541802355,83.4967691266944,17.339196289482953,25.730833333333337,134.28544239634962,49.321874899227176,31.62451777467192,846.0200694444444,615.8936213724223,137.6952019498629,105.13954978974527,0.25
29,99_2,99,3.616,3.4635065324032523,1.75,1.479019945774904,2.25,3.897114317029974,0.0,0.0,14.25,10.54454835448157,10.75,12.316147936753602,0.25,0.4330127018922193,1.5,1.5,0.0,0.0,1.75,3.031088913245535,0.75,1.299038105676658,0.75,1.299038105676658,0.0,0.0,0.0,0.0,2.25,2.277608394786075,21.5,6.5383484153110105,19.5,6.18465843842649,0.0,0.0,0.0,0.0,20.5,11.324751652906125,0.5,0.8660254037844386,0.0,0.0,0.0,0.0,3.75,4.9180788932265,15.047916666666667,9.551376745949014,7.622241327961191,3.047032308381456,27.7375,63.11799039739427,91.8753691803959,12.052975216811452,15.589583333333326,99.25741145274046,71.00280314667711,22.59819508298533,739.6333333333334,515.2493236069607,241.7754365108177,45.19109705604126,10.0
30,99_2,99,0.8855,0.5493625851839566,0.75,0.4330127018922193,0.25,0.4330127018922193,8.25,14.289419162443238,20.25,8.073877630977572,12.5,11.368817000902071,0.25,0.4330127018922193,0.25,0.4330127018922193,0.0,0.0,2.0,3.4641016151377544,2.0,3.4641016151377544,1.5,2.598076211353316,0.0,0.0,0.0,0.0,7.5,9.5524865872714,21.5,8.381527307120106,21.5,6.06217782649107,0.0,0.0,0.75,0.82915619758885,18.25,10.685855136581257,0.5,0.8660254037844386,0.0,0.0,0.0,0.0,9.5,8.200609733428363,18.45638888888889,8.174590812615865,7.971250967050615,4.921716035101087,35.07486111111112,88.24862981604713,92.38011421951356,42.23915090763134,-18.786388888888887,76.5847681992894,108.1131935947828,16.396519858919298,726.4184027777777,400.36907336938833,208.72871207015453,139.76234550333623,0.25
31,99_2,99,0.8455,1.4644489577994857,0.25,0.4330127018922193,0.0,0.0,0.0,0.0,24.25,7.1545440106270926,16.25,9.65336728815391,0.0,0.0,0.0,0.0,0.0,0.0,0.0,0.0,0.0,0.0,0.0,0.0,0.0,0.0,0.0,0.0,10.75,9.03811374126261,24.0,6.96419413859206,22.25,8.496322733983215,0.0,0.0,0.0,0.0,17.5,6.689544080129826,0.5,0.8660254037844386,0.0,0.0,0.0,0.0,3.0,3.0,18.075,8.584548862151504,4.907178701352132,2.750703187610276,45.802083333333336,68.08787785092919,114.45312460483228,34.33760280082758,-7.897916666666666,108.34395082185024,93.4543336916108,49.23210648952516,825.0875000000001,414.9543098593306,156.22348367960092,154.92053245511437,8.0
32,99_2,99,0.4415,0.4481771413180284,0.5,0.5,0.0,0.0,0.0,0.0,19.25,10.520812706250409,10.0,12.062338081814818,0.0,0.0,1.25,1.6393596310755,0.0,0.0,0.0,0.0,0.0,0.0,0.0,0.0,0.0,0.0,0.0,0.0,7.0,12.12435565298214,22.5,7.533259586659682,18.75,12.152674602736631,0.0,0.0,0.0,0.0,21.0,4.949747468305833,1.0,1.7320508075688772,0.0,0.0,0.0,0.0,1.0,1.224744871391589,14.010416666666666,10.143329388144156,5.85922074152036,4.337638207458554,-9.772916666666667,99.06563014245069,71.18624250789293,40.71648680505659,-32.36875,86.44303205463474,90.42150336116764,47.78912820972192,832.8625,431.13945874928334,140.82658526407414,135.24210733496477,8.0
33,99_2,99,0.52025,0.9010994326377084,0.25,0.4330127018922193,0.0,0.0,0.0,0.0,18.5,11.629703349613008,10.0,11.811011811017716,0.0,0.0,0.25,0.4330127018922193,0.5,0.8660254037844386,0.0,0.0,0.0,0.0,0.75,1.299038105676658,0.0,0.0,1.25,2.165063509461097,0.75,1.299038105676658,18.5,11.586630226256467,18.5,11.71537451385998,0.0,0.0,1.0,1.7320508075688772,18.0,10.88577052853862,0.0,0.0,0.0,0.0,0.0,0.0,4.25,4.02336923485777,14.75625,11.370917116767185,4.573618628586749,3.824993028493261,25.20625,128.07659497225674,35.562809081286474,37.55927531690809,31.454166666666666,122.73102061067893,55.01914986530601,30.405987660311208,806.409375,530.900984318945,99.88421276126104,57.18117292188805,0.5
34,99_2,99,0.0,0.0,0.0,0.0,0.0,0.0,0.0,0.0,18.25,11.54068888758379,10.5,11.71537451385998,0.0,0.0,0.0,0.0,0.25,0.4330127018922193,0.0,0.0,0.0,0.0,0.0,0.0,0.0,0.0,0.0,0.0,8.0,9.924716620639604,24.5,4.5,10.0,11.247221879201993,0.0,0.0,0.25,0.4330127018922193,15.0,13.152946437965904,0.0,0.0,0.0,0.0,0.25,0.4330127018922193,1.5,1.6583123951777,15.975,9.908394659187849,3.586203632153917,0.6206049090770239,21.250000000000004,118.16508652563628,65.18944968625581,25.750709070988268,6.487499999999994,121.82254604831752,43.590462508602535,46.114566892414864,727.7260416666667,437.12645954597593,59.25702059549935,18.08225257634798,0.25
35,99_2,99,1.6925,2.330164961971577,0.5,0.5,0.0,0.0,0.0,0.0,15.75,9.60143218483576,12.25,9.20258115965298,0.25,0.4330127018922193,0.0,0.0,1.25,2.165063509461097,0.25,0.4330127018922193,0.0,0.0,1.0,1.7320508075688772,0.0,0.0,1.75,3.031088913245535,7.25,4.264680527307995,19.75,9.57535900110278,12.0,9.246621004453464,0.0,0.0,0.0,0.0,15.75,13.273563952458284,0.0,0.0,0.0,0.0,0.0,0.0,6.75,5.11737237261468,14.2125,10.572083095219323,6.4137816702094295,1.5334245328664369,36.13333333333333,50.40088699340739,109.34936837520412,22.20424861996557,57.88055555555555,76.56708742870408,107.17420815418988,54.12546778696866,753.8326388888888,437.01445975043055,143.7349689801522,42.086888270624186,1.25
36,99_2,99,3.47425,2.85523855176761,1.0,0.7071067811865476,0.25,0.4330127018922193,0.0,0.0,25.5,4.55521678957215,12.75,7.013380069552769,0.0,0.0,0.0,0.0,0.0,0.0,0.0,0.0,0.0,0.0,0.5,0.8660254037844386,0.0,0.0,0.0,0.0,8.5,9.759610647971568,17.0,9.797958971132712,15.25,11.562331079847178,0.0,0.0,0.0,0.0,15.75,11.321991874224253,0.5,0.8660254037844386,0.0,0.0,0.0,0.0,6.0,6.6332495807108,12.441666666666665,7.749267438495933,7.776959181188202,4.438912098291062,-14.089583333333328,95.87170633466806,75.4746778271748,52.89732753510701,70.80416666666667,78.85039775229066,80.31680837144336,54.80522564776668,661.8291666666667,491.004403063888,98.28981624213476,83.33183009371591,0.25
37,99_2,99,1.90925,3.3069180043508783,0.25,0.4330127018922193,10.0,17.320508075688775,0.75,1.299038105676658,23.25,11.121488209767612,13.5,9.233092656309694,0.0,0.0,1.0,1.7320508075688772,0.0,0.0,0.0,0.0,0.0,0.0,0.0,0.0,0.0,0.0,0.0,0.0,4.0,6.928203230275509,10.25,11.882234638316143,20.75,12.111461513789324,0.0,0.0,0.0,0.0,11.25,10.280442597476044,1.5,2.598076211353316,0.0,0.0,0.0,0.0,0.25,0.4330127018922193,9.2125,12.790649389517156,5.372305994062388,4.384366383405831,-4.547916666666666,122.06330970246889,51.13052674555659,53.29617763680755,55.17708333333334,117.54221823913478,56.24554961997998,35.495317649370364,768.6510416666666,447.339109970066,79.3133045902172,64.46312789656267,1.25
38,99_2,99,0.6665,1.1544118632446567,0.25,0.4330127018922193,6.0,10.392304845413264,0.0,0.0,24.75,6.796138609534093,15.5,6.576473218982953,0.0,0.0,0.25,0.4330127018922193,0.0,0.0,0.0,0.0,0.0,0.0,0.0,0.0,0.0,0.0,0.0,0.0,6.0,6.6332495807108,13.0,11.0227038425243,17.0,12.18605760695394,0.0,0.0,0.0,0.0,17.5,10.735455276791944,0.0,0.0,0.0,0.0,0.0,0.0,2.0,2.0,14.0875,9.528944393268333,3.673113598082167,3.8593510675048126,9.329166666666664,111.2690858316251,66.83864577811383,45.433129814206,15.124999999999991,124.22666014297324,60.40958591419231,59.90736847610129,740.3958333333333,481.4819235259945,102.08959428550864,116.87653188572172,1.25
39,99_2,99,1.5065,1.632936848135898,0.5,0.5,8.0,13.856406460551018,0.25,0.4330127018922193,25.75,2.5860201081971503,16.75,5.402545696243577,0.0,0.0,0.75,1.299038105676658,0.0,0.0,0.0,0.0,0.0,0.0,0.0,0.0,0.0,0.0,0.5,0.8660254037844386,6.0,6.041522986797286,10.5,10.062305898749054,17.25,11.431863365173676,0.0,0.0,0.0,0.0,20.5,9.630680142129112,0.0,0.0,0.0,0.0,0.0,0.0,1.0,1.224744871391589,9.641666666666667,13.192406275328748,10.020192986534129,7.823617858861792,-24.304166666666664,89.96484122283549,106.09577109859572,20.48292719274446,-0.1604166666666664,99.8653604677526,86.85332036427799,54.198563320494486,688.109375,504.3757062449878,119.80415709064582,99.97235085756142,1.25
40,99_2,99,0.0,0.0,0.0,0.0,4.5,7.794228634059948,0.0,0.0,19.0,4.358898943540674,10.5,5.5,0.0,0.0,0.75,1.299038105676658,0.0,0.0,0.0,0.0,0.0,0.0,0.25,0.4330127018922193,0.0,0.0,0.0,0.0,6.75,4.264680527307995,15.5,9.7082439194738,14.25,10.353139620424328,0.0,0.0,0.5,0.8660254037844386,17.25,8.554969316134336,0.0,0.0,0.0,0.0,0.0,0.0,7.5,6.87386354243376,16.183333333333334,11.34473231896147,7.5903394604811965,5.549791381183803,55.16041666666666,116.8880863700106,57.07772192202449,19.76608953760737,12.470833333333331,54.7679912410829,112.31373855592754,28.237309090037417,645.8197916666666,398.7690327482184,155.15915246205117,116.91062531968556,1.25
41,99_2,99,0.6185,1.0712734244813509,0.25,0.4330127018922193,0.0,0.0,0.0,0.0,17.75,6.179603547154137,9.25,4.380353866983808,0.0,0.0,1.0,1.7320508075688772,0.25,0.4330127018922193,0.0,0.0,0.0,0.0,0.25,0.4330127018922193,0.0,0.0,0.75,1.299038105676658,6.5,5.408326913195984,16.25,7.1545440106270926,8.25,9.781998773256923,0.0,0.0,0.0,0.0,22.0,3.9370039370059056,0.5,0.5,0.0,0.0,0.0,0.0,2.5,1.118033988749895,9.899305555555554,8.536394799268686,6.308962847535742,2.057809138864421,24.25208333333333,58.60910865375365,106.94138060631852,27.193604731996768,25.77777777777778,68.953990715898,110.18797157503268,23.79805611733327,691.0357638888889,347.1669214286893,199.6933432446301,89.95874665446753,0.0
42,99_2,99,1.09,1.3188441909490294,0.5,0.5,0.0,0.0,0.0,0.0,24.5,5.5,12.5,7.297259759663212,0.0,0.0,0.5,0.8660254037844386,0.0,0.0,0.25,0.4330127018922193,0.0,0.0,0.5,0.8660254037844386,0.0,0.0,0.75,1.299038105676658,4.0,3.1622776601683795,19.0,5.1478150704935,15.0,6.123724356957945,0.0,0.0,1.0,1.7320508075688772,22.25,5.7608593109014565,0.5,0.8660254037844386,0.0,0.0,0.0,0.0,1.25,0.82915619758885,12.79375,9.83385834580089,6.794480132726316,0.3855751524795245,19.79583333333333,81.21665565787599,92.03304702603518,24.96431115597798,56.840277777777786,24.603102260038288,117.87499661383704,28.2190757156343,575.0715277777778,411.1153646745277,140.67320767804395,39.81179453339941,3.25
43,99_2,99,5.61875,2.903182424082235,1.75,0.4330127018922193,0.0,0.0,0.0,0.0,17.25,9.256754290786809,8.5,11.926860441876563,0.0,0.0,2.75,3.6996621467371855,0.0,0.0,1.0,1.7320508075688772,0.0,0.0,0.75,1.299038105676658,0.0,0.0,0.0,0.0,9.0,9.246621004453464,23.0,7.3824115301167,19.25,7.258615570478987,0.0,0.0,0.0,0.0,14.25,10.059199769365357,0.0,0.0,0.0,0.0,0.0,0.0,3.5,3.905124837953327,13.085833333333332,12.231477975789444,7.473025005527834,2.365675564794722,63.68,36.00356047207924,99.92982027609276,29.355306214058388,51.39541666666668,99.68701792203186,77.09635557072471,15.34641828701941,724.3627083333334,391.437779602937,202.78339295521027,71.38043731534371,9.0
44,99_2,99,3.552,3.9126211802319935,0.75,0.4330127018922193,0.0,0.0,0.0,0.0,18.75,4.264680527307995,8.25,4.815340071064556,0.25,0.4330127018922193,1.75,2.48746859276655,0.75,1.299038105676658,0.5,0.8660254037844386,0.0,0.0,1.75,1.7853571071357126,0.0,0.0,1.75,2.0463381929681126,1.25,1.6393596310755,27.25,2.384848003542364,13.75,9.496709956611287,0.0,0.0,0.5,0.8660254037844386,13.75,7.822243923581007,0.75,0.82915619758885,0.25,0.4330127018922193,0.0,0.0,1.75,2.0463381929681126,10.186299603174604,5.272237479143172,9.031266144047796,1.1319739065119827,56.610773809523806,19.757150576647845,85.4634658866893,26.26316366491876,39.02293650793651,49.012363140517046,85.11174755664398,32.848623637688625,499.065689484127,242.98554538058715,224.1847563106532,84.7322060035259,2.25
45,99_2,99,2.1942500000000003,2.334447726444094,1.0,0.7071067811865476,0.0,0.0,0.0,0.0,11.75,8.926785535678562,5.75,5.402545696243577,0.0,0.0,0.0,0.0,2.0,2.9154759474226504,1.0,1.0,0.0,0.0,2.25,2.7726341266023544,0.0,0.0,2.5,2.8722813232690143,4.25,4.710360920354193,21.75,7.1545440106270926,15.75,7.949056547792323,0.0,0.0,0.25,0.4330127018922193,18.75,9.67923034130297,0.25,0.4330127018922193,0.0,0.0,0.25,0.4330127018922193,5.0,5.522680508593631,15.5875,11.949817670622055,8.044843122639248,4.673586294736218,17.274999999999995,84.29632793175381,98.90071294512076,35.3251320049769,73.44375,82.58081193068972,79.63884773727472,38.55911799282666,683.2256944444445,355.47145595632657,202.747978136106,98.38322469830646,2.25
46,99_2,99,1.3705,0.8292208692501655,0.75,0.4330127018922193,6.0,10.392304845413264,1.0,1.7320508075688772,20.5,9.526279441628825,10.75,7.189401922274203,0.0,0.0,0.0,0.0,0.25,0.4330127018922193,1.25,2.165063509461097,0.0,0.0,0.25,0.4330127018922193,0.0,0.0,0.25,0.4330127018922193,2.0,3.4641016151377544,17.0,8.455767262643882,24.5,6.224949798994366,0.0,0.0,0.0,0.0,20.25,8.437268515343103,0.0,0.0,0.0,0.0,0.5,0.8660254037844386,1.0,1.224744871391589,17.37847222222222,12.477286365947942,4.724097216295959,3.800050054120901,30.234722222222217,120.37173246113244,72.66293075008997,43.36276328148836,65.75416666666668,102.5996748593776,86.45652265723854,17.341374409408527,843.571875,451.0691644945031,119.67469594338552,101.62152960961814,1.25
47,99_2,99,2.42125,1.4612688621537104,0.75,0.4330127018922193,5.5,9.526279441628825,1.75,3.031088913245535,18.5,8.958236433584458,7.0,4.301162633521313,0.0,0.0,1.0,1.224744871391589,3.25,3.418698582794336,3.25,3.418698582794336,0.0,0.0,4.5,4.5,0.0,0.0,3.25,3.418698582794336,8.0,4.949747468305833,13.5,11.169153951844338,17.25,9.807522622966516,0.0,0.0,0.0,0.0,19.5,9.340770846134705,3.5,6.06217782649107,2.25,3.897114317029974,0.0,0.0,0.75,0.82915619758885,12.497916666666669,11.522006985125367,7.3013242638404385,4.076502036718,55.766666666666666,89.45424264828236,85.61609799420931,23.354783600447423,56.37708333333333,58.17361538455146,106.92399256599012,31.05723330935032,956.3708333333334,563.8420353165685,237.5148301843854,162.7936467004294,2.25
48,99_2,99,0.0,0.0,0.0,0.0,7.25,12.55736835487436,3.25,5.629165124598851,23.75,5.80409338312195,5.25,5.673402858955108,0.0,0.0,0.25,0.4330127018922193,0.75,1.299038105676658,0.75,1.299038105676658,0.0,0.0,1.0,1.7320508075688772,0.0,0.0,1.0,1.7320508075688772,2.75,3.112474899497183,9.5,9.630680142129112,19.5,6.103277807866851,0.0,0.0,0.25,0.4330127018922193,23.25,7.660776723022281,2.0,2.9154759474226504,0.0,0.0,0.0,0.0,0.75,0.82915619758885,13.75,10.221617207337268,4.22107763097785,1.3295532958824028,52.08958333333333,110.62002317351828,71.07429856835194,18.936438905808867,34.96875,42.09879228234397,127.53831589607636,28.07550167610292,741.29375,547.385228881583,161.55645360946272,70.69695981436989,1.25
49,99_2,99,0.51175,0.886377000773373,0.25,0.4330127018922193,0.5,0.8660254037844386,6.0,10.392304845413264,17.25,10.615436872781071,4.5,6.18465843842649,2.25,2.48746859276655,0.0,0.0,0.5,0.8660254037844386,0.0,0.0,0.0,0.0,0.25,0.4330127018922193,0.0,0.0,0.5,0.8660254037844386,6.0,6.164414002968976,13.5,11.07925990308017,24.5,5.315072906367325,0.0,0.0,0.0,0.0,20.75,3.2691742076555053,1.75,3.031088913245535,0.25,0.4330127018922193,0.0,0.0,1.0,1.7320508075688772,15.359027777777778,8.939239422163345,6.203600447276772,3.321766978255908,71.33680555555556,72.64074613556737,82.26057700446002,43.22420370688072,114.52847222222223,39.95452857059649,75.51119231230143,26.562664950899883,825.6802083333334,484.3044712574842,184.1386386268744,160.95920045499494,1.25
50,99_2,99,0.0,0.0,0.0,0.0,3.5,6.06217782649107,0.25,0.4330127018922193,19.0,9.72111104761179,4.5,5.5901699437494745,0.0,0.0,0.75,0.4330127018922193,0.0,0.0,1.75,3.031088913245535,0.25,0.4330127018922193,0.25,0.4330127018922193,0.0,0.0,0.25,0.4330127018922193,3.0,2.549509756796392,8.5,9.5524865872714,19.5,7.762087348130012,0.0,0.0,0.0,0.0,15.75,6.759252917297888,0.0,0.0,0.0,0.0,0.0,0.0,0.75,1.299038105676658,11.159722222222223,8.493946986923492,5.54503908964705,3.3181301182956267,20.489722222222227,90.14947610183424,90.43230925328714,28.00371304306066,80.99666666666667,65.56380849769347,96.6797726355729,32.11567479130086,632.656111111111,562.924685586543,135.08819763782847,90.96971403822268,1.25
51,99_2,99,2.66875,0.7274982388294834,1.0,0.0,6.0,10.392304845413264,0.5,0.8660254037844386,19.75,10.256095748383007,5.25,6.869315832017043,0.0,0.0,0.5,0.8660254037844386,0.0,0.0,0.0,0.0,0.0,0.0,0.25,0.4330127018922193,0.0,0.0,0.25,0.4330127018922193,3.0,4.123105625617661,14.0,4.527692569068709,16.75,7.949056547792323,0.0,0.0,0.25,0.4330127018922193,17.0,4.183300132670378,1.0,1.7320508075688772,0.0,0.0,0.0,0.0,0.5,0.5,14.495833333333334,9.240645607856628,6.047710939826972,2.111283679941196,-54.79166666666666,74.93213526807664,105.05382244441476,30.08469031262023,-13.0625,78.06694987761752,129.94373801140316,30.70139259348632,813.7229166666666,421.6871093786788,241.48536573328656,138.42689940425132,3.5
52,99_2,99,1.779,2.0222011522101355,0.75,0.4330127018922193,0.0,0.0,0.0,0.0,18.0,7.245688373094719,5.75,5.261891294962297,0.0,0.0,1.0,1.224744871391589,0.0,0.0,0.0,0.0,0.0,0.0,0.0,0.0,0.0,0.0,0.0,0.0,4.75,5.717298313014636,15.75,8.699856320652657,10.25,11.121488209767612,0.0,0.0,0.75,1.299038105676658,19.75,2.277608394786075,0.25,0.4330127018922193,0.0,0.0,0.0,0.0,3.75,5.402545696243577,10.54375,10.958137474485444,6.594426636611115,3.337150810017171,-8.497916666666665,76.79114382508752,100.2032731267952,41.81580155321657,30.95,112.97274683647282,70.91182609303631,34.89418732453678,696.9833333333333,317.1989344819089,180.5013885212718,160.18703440090516,0.0
53,99_2,99,0.5975,1.034900357522404,0.25,0.4330127018922193,13.25,22.949673200287624,1.0,1.7320508075688772,24.5,6.946221994724902,16.5,9.013878188659971,0.0,0.0,0.0,0.0,0.0,0.0,0.75,1.299038105676658,0.0,0.0,1.0,1.7320508075688772,0.0,0.0,0.0,0.0,9.75,9.807522622966516,17.25,8.870597499605086,17.0,12.103718436910205,0.0,0.0,0.0,0.0,21.0,3.6742346141747673,0.75,1.299038105676658,0.0,0.0,0.0,0.0,4.0,4.301162633521313,9.375,12.280937407670114,9.286438935167338,5.70060332704329,38.212500000000006,70.9304223096675,110.05375232841212,32.449184116483,60.49791666666666,95.26400786013777,82.38169209916184,52.00623044208803,802.5864583333332,394.736705951986,179.3030010472524,225.86736939932825,1.25
54,99_2,99,0.0,0.0,0.0,0.0,6.5,11.258330249197702,0.0,0.0,26.5,6.06217782649107,23.0,6.363961030678928,0.0,0.0,0.0,0.0,0.0,0.0,0.0,0.0,0.0,0.0,0.0,0.0,0.0,0.0,0.0,0.0,2.25,2.277608394786075,13.25,5.80409338312195,21.25,11.71270677512248,0.0,0.0,0.25,0.4330127018922193,17.25,8.042853971072706,0.0,0.0,0.0,0.0,0.0,0.0,1.75,1.920286436967152,4.6625,25.14029972253492,11.665573260282477,9.543933018071062,6.233333333333336,116.02974400150832,62.86534709261189,30.079244462343706,25.170833333333327,73.8533065300171,108.79511750280564,25.25637387749076,649.5041666666667,444.8531628838642,162.94352661048362,154.80011815300097,1.25
55,99_2,99,2.3352500000000003,2.378762848099827,0.75,0.82915619758885,9.0,15.588457268119896,0.25,0.4330127018922193,23.75,7.75806032459145,13.25,8.671072598012312,0.0,0.0,0.0,0.0,0.0,0.0,1.5,2.598076211353316,0.0,0.0,0.0,0.0,0.0,0.0,0.0,0.0,4.75,7.660776723022281,13.5,8.760707733967616,18.0,10.700467279516348,0.0,0.0,0.0,0.0,17.75,8.842369591913696,0.0,0.0,0.0,0.0,0.0,0.0,5.5,4.8218253804964775,10.152083333333334,22.94295414643192,11.079443034309124,9.938792947030512,21.86875,119.49184005366108,59.81692290003395,37.03290234776599,21.008333333333333,62.49872304251059,105.16788936358996,28.9593934746364,582.5197916666666,379.9087650021745,84.90530051657598,75.73052320373046,1.25
56,99_2,99,2.05,1.6255163794929903,1.25,0.82915619758885,1.5,2.598076211353316,0.0,0.0,17.25,10.615436872781071,3.75,2.8613807855648994,0.0,0.0,0.25,0.4330127018922193,1.5,1.5,6.75,9.41740410091868,1.5,2.598076211353316,1.25,1.299038105676658,0.0,0.0,1.5,1.6583123951777,8.0,5.612486080160912,10.75,11.453711188955308,11.5,10.874281585465774,0.0,0.0,1.5,1.6583123951777,17.5,5.315072906367325,1.25,2.165063509461097,0.5,0.8660254037844386,0.0,0.0,7.0,7.314369419163897,12.184722222222222,10.806866262265572,8.075594977724123,6.59365525907368,67.49375,92.58573830040967,90.79753841452931,33.18795063920923,58.0,16.967518101498857,124.4539042409604,16.80671017750056,555.3874999999999,374.3799717035756,115.83978251054307,68.20319943450583,1.25
57,99_2,99,2.41075,1.7385395271606567,0.75,0.4330127018922193,5.0,8.660254037844387,0.75,1.299038105676658,18.5,8.845903006477066,7.75,7.292976072907411,0.5,0.8660254037844386,1.25,2.165063509461097,2.0,1.5811388300841898,4.0,2.7386127875258306,0.25,0.4330127018922193,2.75,4.205650960315181,0.0,0.0,3.25,2.48746859276655,9.5,7.297259759663212,17.25,11.121488209767612,16.0,7.713624310270756,0.0,0.0,0.5,0.8660254037844386,20.25,7.258615570478987,3.5,6.06217782649107,1.5,2.598076211353316,0.0,0.0,0.75,1.299038105676658,13.8375,11.135532623343869,7.60437230379277,4.237745525994594,46.80833333333333,24.80890367164355,116.80403442866552,20.55328794508998,49.30833333333332,97.93196635788654,84.66460771864095,39.21430877050673,675.7694444444444,344.34889947387046,179.13660353532384,127.2676142279496,5.5
58,99_2,99,0.55175,0.955659033076128,0.25,0.4330127018922193,4.0,6.928203230275509,0.0,0.0,15.25,14.7542366796795,5.75,7.822243923581007,0.0,0.0,0.5,0.8660254037844386,2.5,4.330127018922194,0.5,0.8660254037844386,0.0,0.0,0.0,0.0,0.0,0.0,3.75,4.14578098794425,10.0,10.074720839804945,14.75,12.028611723719408,21.75,7.949056547792323,0.0,0.0,0.25,0.4330127018922193,17.5,7.632168761236874,1.25,2.165063509461097,0.0,0.0,0.0,0.0,0.25,0.4330127018922193,16.608333333333334,12.29483716172497,6.339190488105098,4.6942241472267545,107.91041666666668,51.90867493833923,73.52951767623568,49.03443000014413,24.318749999999994,102.33910600150608,88.14764910372966,55.96718094475024,768.1520833333334,336.5144324942241,191.85029126953145,121.43467748565875,1.25
59,99_2,99,0.0,0.0,0.0,0.0,0.0,0.0,0.0,0.0,10.5,9.526279441628825,2.75,1.920286436967152,0.0,0.0,0.75,0.82915619758885,0.0,0.0,0.0,0.0,0.0,0.0,0.0,0.0,0.0,0.0,0.25,0.4330127018922193,3.75,3.2691742076555053,12.75,10.497023387608508,11.0,11.090536506409418,0.0,0.0,0.25,0.4330127018922193,16.25,9.12071817347735,3.25,5.629165124598851,0.0,0.0,0.0,0.0,1.5,2.0615528128088303,12.895833333333334,9.87689239954664,5.26896098147544,4.4911055812968845,78.80208333333334,74.27646773274944,69.95546333643871,41.60723853717927,25.62916666666668,130.83654540908412,50.36117754659709,29.07035570546645,710.5677083333334,455.8929685279816,171.30541851100665,201.88682786828923,1.25
60,99_2,99,0.0,0.0,0.0,0.0,0.0,0.0,0.0,0.0,9.75,6.759252917297888,0.5,0.8660254037844386,0.75,1.299038105676658,0.75,0.82915619758885,0.25,0.4330127018922193,1.0,1.7320508075688772,0.75,1.299038105676658,0.25,0.4330127018922193,0.0,0.0,0.75,0.82915619758885,8.25,10.353139620424328,17.75,10.825317547305485,10.5,11.6081867662439,0.0,0.0,1.5,2.598076211353316,22.25,4.9180788932265,2.25,3.897114317029974,0.0,0.0,0.5,0.8660254037844386,0.75,0.82915619758885,15.205694444444443,8.234563704879708,4.620192596712952,3.354743865517817,72.9636111111111,71.22615899210429,82.52141516671112,47.16486568175894,23.446944444444444,83.0473119436434,77.13617312222237,48.58088784496895,721.7154166666667,376.8258454348289,154.22320332453998,122.73400553352649,1.25
61,99_2,99,0.66925,1.1591750029654713,0.25,0.4330127018922193,0.0,0.0,0.0,0.0,17.25,11.121488209767612,6.75,7.39509972887452,0.25,0.4330127018922193,0.75,0.82915619758885,0.0,0.0,0.75,1.299038105676658,0.5,0.8660254037844386,0.0,0.0,0.0,0.0,0.25,0.4330127018922193,7.0,11.554220008291344,22.0,12.708265027138834,14.75,10.231690964840562,0.0,0.0,0.0,0.0,15.5,6.224949798994366,2.5,4.330127018922194,0.0,0.0,0.0,0.0,2.5,2.5,16.630555555555556,6.609248395381418,5.6999622850698906,3.653178285354179,68.97916666666667,95.81598801362838,64.69953462699252,28.76075924400009,76.62916666666666,57.27934791804692,74.27516002034943,42.15572337979397,748.5854166666666,386.60180230568886,149.9331117791303,102.17621394683412,1.25
62,99_2,99,0.0,0.0,0.0,0.0,0.0,0.0,0.0,0.0,16.75,11.431863365173676,1.5,2.598076211353316,0.25,0.4330127018922193,0.0,0.0,0.25,0.4330127018922193,0.0,0.0,0.0,0.0,0.25,0.4330127018922193,0.0,0.0,0.25,0.4330127018922193,7.25,7.46240577829965,15.25,10.353139620424328,18.0,9.027735042633894,0.0,0.0,0.0,0.0,20.25,8.584142356694699,0.0,0.0,0.0,0.0,0.0,0.0,5.5,6.18465843842649,16.510416666666668,8.264293961827594,3.864196227068886,2.972101415541222,80.28958333333334,95.9536417609436,55.22953596674481,54.17186294904637,-1.689583333333342,127.70709289432922,55.05669294245851,44.31870399780881,828.6770833333333,383.8871454795143,66.03163739253255,56.85233750627819,1.25
63,99_2,99,1.18925,2.059841422901288,0.25,0.4330127018922193,0.0,0.0,0.0,0.0,15.25,9.908960591303208,1.75,2.48746859276655,0.0,0.0,0.0,0.0,0.0,0.0,1.0,1.7320508075688772,0.0,0.0,0.0,0.0,0.0,0.0,0.75,1.299038105676658,13.25,11.098986440211556,10.5,11.07925990308017,11.75,10.638961415476606,0.0,0.0,0.5,0.8660254037844386,26.0,2.549509756796392,0.0,0.0,0.0,0.0,0.0,0.0,7.25,8.584142356694699,16.414583333333333,8.583714342271778,3.081654033901704,1.4824747323324,48.91458333333334,135.46697301154154,50.607358737284336,34.56286817119122,-10.768750000000004,133.887369665986,66.05605590196343,49.993771447429246,845.8093749999998,412.6469644173316,54.989556148653065,24.6325433347154,1.25
64,99_2,99,2.82525,2.1933789429781623,1.0,0.7071067811865476,0.0,0.0,0.0,0.0,13.0,7.810249675906654,1.25,1.299038105676658,0.0,0.0,0.75,1.299038105676658,0.25,0.4330127018922193,0.5,0.8660254037844386,0.0,0.0,0.75,1.299038105676658,0.0,0.0,0.5,0.8660254037844386,3.5,2.29128784747792,12.75,10.848386976873568,12.5,8.04673846971554,0.0,0.0,1.25,2.165063509461097,25.5,3.2015621187164243,1.0,1.7320508075688772,1.0,1.7320508075688772,0.0,0.0,3.25,3.491060010942235,15.6125,10.314641191852806,5.097988930571861,2.176050634467582,0.3854166666666661,79.63910837311829,102.3218027244693,11.392960015256486,11.36458333333333,72.88340845692257,115.48783382926564,16.841390746759508,748.8645833333334,387.01448519290847,197.9418453392728,177.06801510943342,1.25
65,99_2,99,1.81825,1.081354330226684,0.75,0.4330127018922193,2.0,3.4641016151377544,1.5,2.598076211353316,16.5,4.153311931459037,5.0,4.06201920231798,0.0,0.0,2.25,2.8613807855648994,0.0,0.0,0.25,0.4330127018922193,0.0,0.0,0.0,0.0,0.0,0.0,0.0,0.0,5.0,4.527692569068709,14.5,9.86154146165801,14.25,7.917543811056558,0.0,0.0,1.75,2.0463381929681126,24.5,2.958039891549808,2.5,4.330127018922194,0.0,0.0,0.0,0.0,0.5,0.5,14.125,10.883736911863805,7.082372883321529,2.963826104029255,49.704166666666666,79.54306845717818,98.7186809156744,38.740985377136205,27.1875,98.1102073952496,105.40616118884104,28.65734167788721,740.0291666666666,369.271679653473,190.20226068224656,196.7010011654433,5.5
66,99_2,99,0.0,0.0,0.0,0.0,10.0,17.320508075688775,0.25,0.4330127018922193,9.75,11.96609794377432,6.0,10.392304845413264,0.0,0.0,0.75,0.82915619758885,0.0,0.0,0.0,0.0,0.0,0.0,0.0,0.0,0.0,0.0,0.0,0.0,7.75,7.495832175282475,17.75,11.121488209767612,15.25,13.311179511974135,0.0,0.0,2.75,4.763139720814412,23.0,2.7386127875258306,0.5,0.8660254037844386,0.0,0.0,0.0,0.0,1.0,1.224744871391589,12.043055555555556,10.432226434449628,3.1520192801523894,2.0682449351729595,61.28125000000001,99.5316006447687,71.2771960900528,46.07121140241984,-22.228472222222223,109.88603345589004,88.14959741793655,54.22411985929868,689.9833333333333,337.8651133994608,144.45390162289235,105.64092317418958,1.25
67,99_2,99,0.0,0.0,0.0,0.0,4.5,7.794228634059948,0.0,0.0,17.0,10.024968827881713,4.25,7.361215932167728,0.0,0.0,0.25,0.4330127018922193,0.0,0.0,0.0,0.0,0.0,0.0,0.0,0.0,0.0,0.0,0.0,0.0,12.25,11.776565713313875,25.25,5.448623679425842,11.75,11.54068888758379,0.0,0.0,0.0,0.0,23.0,6.670832032063167,0.25,0.4330127018922193,0.0,0.0,0.0,0.0,1.0,0.7071067811865476,14.141666666666667,9.37704422157288,3.8520960377905737,2.074858229179459,99.02083333333334,61.15549526162342,63.73667766340441,40.89277455381408,3.091666666666669,94.53915579888933,63.89022646099795,42.64269473369721,835.9000000000001,263.2849660881828,147.44470319150102,88.23811645323475,1.25
68,99_2,99,1.101,1.1919979026827183,0.75,0.82915619758885,5.25,9.093266739736606,0.25,0.4330127018922193,18.5,11.94780314534852,10.25,10.73254396683284,0.0,0.0,0.0,0.0,0.25,0.4330127018922193,0.0,0.0,0.0,0.0,0.0,0.0,0.0,0.0,0.75,1.299038105676658,11.5,12.257650672131264,24.75,7.39509972887452,17.75,10.779030568655047,0.0,0.0,0.0,0.0,17.25,9.908960591303208,0.25,0.4330127018922193,0.0,0.0,0.0,0.0,0.75,1.299038105676658,16.87291666666667,8.758675015139751,3.6034459320175816,1.757648065052131,95.40833333333336,77.60435671117669,51.15267286768787,55.95399055019499,-3.116666666666658,106.620605451969,54.30793144143082,57.16479472685928,908.7302083333332,389.8196639506026,120.11912671132028,65.16404175781258,1.0
69,99_2,99,0.0,0.0,0.0,0.0,4.0,6.928203230275509,0.25,0.4330127018922193,17.75,11.121488209767612,10.25,10.304731922762477,0.0,0.0,0.0,0.0,0.25,0.4330127018922193,0.25,0.4330127018922193,0.0,0.0,0.25,0.4330127018922193,0.0,0.0,3.25,5.629165124598851,12.25,7.822243923581007,22.5,4.9749371855331,14.5,11.236102527122116,0.0,0.0,0.0,0.0,17.5,10.965856099730654,0.5,0.8660254037844386,0.0,0.0,0.0,0.0,1.75,1.479019945774904,17.29513888888889,9.933366031009756,5.248753075014475,1.869343038390871,104.07013888888888,28.12029160691387,79.54772342480689,44.2878511389006,-5.815972222222214,108.53127611414727,59.51377640418772,46.44197456861071,843.2909722222222,347.09466557088746,141.2796499576722,113.07863892760112,1.25
70,99_2,99,0.24275,0.4204553335373449,0.25,0.4330127018922193,1.75,3.031088913245535,0.25,0.4330127018922193,19.25,6.832825184358224,10.5,11.324751652906125,0.25,0.4330127018922193,0.0,0.0,0.5,0.8660254037844386,1.75,3.031088913245535,0.0,0.0,1.5,2.598076211353316,0.0,0.0,1.0,1.7320508075688772,11.0,11.335784048754634,23.0,3.6742346141747673,15.25,9.98436277385793,0.0,0.0,0.0,0.0,22.0,7.483314773547883,0.5,0.8660254037844386,0.0,0.0,0.25,0.4330127018922193,5.75,5.3091901453988255,15.15625,7.071412456641491,7.369415463559398,2.6552680400179014,72.96666666666667,53.50154300734387,87.81531066973633,43.96493390608679,-24.17083333333333,82.2351524297176,86.5653107614553,43.89387763237608,691.1302083333333,317.51326800491034,162.8627940740754,83.3131620272307,5.5
71,99_2,99,3.86625,3.0974474470925246,1.25,0.4330127018922193,3.75,6.49519052838329,0.0,0.0,20.0,8.573214099741124,14.0,11.20267825120404,0.75,1.299038105676658,1.0,0.7071067811865476,0.25,0.4330127018922193,2.25,2.8613807855648994,0.75,1.299038105676658,1.25,1.6393596310755,0.0,0.0,0.25,0.4330127018922193,12.75,9.908960591303208,20.25,6.299801584177076,18.25,3.6996621467371855,0.0,0.0,0.0,0.0,21.75,3.960744879438715,0.5,0.8660254037844386,0.25,0.4330127018922193,0.0,0.0,3.75,3.112474899497183,13.438888888888888,7.174915042298238,6.88483925141132,3.783231263201868,100.73958333333331,41.46340078722222,82.9997541365511,32.74931375330166,7.409027777777773,93.88712858669926,104.44660954969012,17.56280043749555,724.6927083333333,263.37636332274246,250.92560675192084,117.80427180931818,5.5
72,99_2,99,0.0,0.0,0.0,0.0,6.75,11.691342951089922,0.25,0.4330127018922193,20.25,8.78564169540279,17.0,10.816653826391969,0.0,0.0,0.25,0.4330127018922193,0.0,0.0,0.0,0.0,0.0,0.0,0.0,0.0,0.0,0.0,0.25,0.4330127018922193,15.75,9.908960591303208,21.75,5.2141634036535525,19.5,10.161200716450788,0.0,0.0,0.0,0.0,19.75,9.443913383762052,0.0,0.0,0.0,0.0,0.0,0.0,0.5,0.8660254037844386,12.740972222222222,9.289926422111252,3.9453179718265936,3.0555423695589203,105.14513888888888,52.46793190856272,64.02290547830778,52.34713705038549,-22.087499999999995,84.48219579443942,105.83268744998904,48.10269960451865,686.8819444444443,405.2675888657634,94.17629082505684,49.14839382374949,4.5
73,99_2,99,1.2605,0.630147800123114,1.25,0.4330127018922193,0.0,0.0,0.0,0.0,16.0,10.173494974687902,11.5,9.759610647971568,0.0,0.0,0.25,0.4330127018922193,0.0,0.0,0.0,0.0,0.0,0.0,1.75,3.031088913245535,0.0,0.0,1.5,2.598076211353316,12.75,12.07010770457331,18.0,5.830951894845301,13.25,10.80219885023415,0.0,0.0,0.0,0.0,18.0,3.6742346141747673,0.0,0.0,0.0,0.0,0.25,0.4330127018922193,0.25,0.4330127018922193,12.651388888888889,9.67869492321494,5.725034908750958,5.600426569710444,42.03541666666666,87.18833808338736,88.9376464968714,60.01706774755164,-2.4229166666666657,44.08954090470324,132.30020032314297,33.16140135149785,826.2666666666667,328.77511757130856,215.69832868679103,185.07560020142984,7.75
74,99_2,99,0.33325,0.5772059316223284,0.25,0.4330127018922193,0.0,0.0,0.0,0.0,16.5,10.781929326423912,11.75,10.54454835448157,0.0,0.0,1.0,1.7320508075688772,1.25,2.165063509461097,0.25,0.4330127018922193,0.0,0.0,1.25,1.6393596310755,0.0,0.0,2.75,4.763139720814412,14.25,8.613216588476108,16.75,8.98262211161084,21.25,6.098155458825234,0.0,0.0,1.25,2.165063509461097,24.25,5.629165124598851,0.5,0.8660254037844386,0.0,0.0,0.0,0.0,2.0,2.449489742783178,14.682638888888889,12.505436684210936,7.559689759259603,2.404089414622212,32.65416666666667,65.1210469968034,118.89807292791224,15.427132264068511,-42.13819444444445,88.11350884660975,103.44034258142858,33.48488712705158,824.4246527777777,418.991913190729,175.91116100469492,61.55004166611015,3.25
75,99_2,99,1.096,1.1115475698322588,0.75,0.82915619758885,0.0,0.0,0.0,0.0,16.0,14.017845768876189,15.75,12.968712349342937,0.0,0.0,0.25,0.4330127018922193,0.5,0.8660254037844386,0.75,1.299038105676658,0.0,0.0,0.5,0.8660254037844386,0.0,0.0,0.0,0.0,12.75,9.41740410091868,21.75,7.013380069552769,18.5,7.158910531638177,0.0,0.0,0.25,0.4330127018922193,15.75,8.042853971072706,0.0,0.0,0.0,0.0,0.0,0.0,0.0,0.0,15.457361111111112,11.492978656171069,6.274957543331334,4.739288250634166,61.50333333333333,91.97460941145054,82.69022925875572,56.39908788536466,0.5395833333333386,115.3860656447098,80.95037612217027,51.08298271479728,884.9326388888888,286.27854115606846,172.4043948234418,124.73047206274369,5.5
76,99_2,99,0.651,0.6997753210852752,0.75,0.82915619758885,6.25,6.722164829874376,0.0,0.0,15.0,11.811011811017716,13.75,11.734031702701335,0.0,0.0,0.75,0.82915619758885,3.25,3.418698582794336,1.5,2.0615528128088303,0.0,0.0,2.25,1.7853571071357126,0.0,0.0,4.0,2.9154759474226504,17.0,4.636809247747852,21.0,7.842193570679061,17.25,6.609652033201143,0.0,0.0,0.25,0.4330127018922193,13.25,7.885905147793752,1.25,2.165063509461097,1.25,2.165063509461097,0.0,0.0,1.0,1.7320508075688772,17.509722222222223,7.904803611658477,7.873877084666637,1.5792575009564005,108.76527777777778,29.30299755160313,99.30238713884825,20.25230006085004,-37.46805555555556,105.4755852860518,88.74063459840545,28.509036610324607,1010.1746527777776,208.11021634545577,310.1493378763874,103.8876714020152,2.75
77,99_2,99,0.0,0.0,0.0,0.0,6.0,10.392304845413264,0.5,0.8660254037844386,16.25,10.985786271359917,14.5,14.0089257261219,0.0,0.0,0.0,0.0,2.0,1.8708286933869709,1.25,1.299038105676658,0.0,0.0,4.5,6.689544080129826,0.0,0.0,1.25,1.299038105676658,20.0,6.363961030678928,17.0,12.549900398011133,19.75,11.882234638316143,0.0,0.0,0.75,1.299038105676658,12.5,8.789197915623474,0.75,1.299038105676658,0.5,0.8660254037844386,0.0,0.0,1.0,1.7320508075688772,15.279166666666663,11.445605810140028,7.772489538743633,6.104236641975138,60.55625,69.97577764816393,92.71887357351449,54.048179194408206,-9.637500000000005,122.02240978436434,54.72229281740817,44.926432249169,974.8309027777776,143.10041184682893,239.5981402116776,168.35356422372348,0.0
78,99_2,99,0.0,0.0,0.0,0.0,8.5,14.150971698084906,1.0,1.224744871391589,20.5,10.781929326423912,17.5,10.618380290797653,0.0,0.0,1.0,1.7320508075688772,5.0,7.54983443527075,0.0,0.0,0.0,0.0,2.25,1.920286436967152,0.0,0.0,4.25,6.796138609534093,13.75,8.870597499605086,20.5,8.986100377805714,24.25,4.9180788932265,0.0,0.0,0.25,0.4330127018922193,8.0,10.392304845413264,1.75,3.031088913245535,0.0,0.0,0.0,0.0,2.0,1.8708286933869709,17.84583333333333,8.453665583967439,5.811587676626509,3.0226110969738675,26.22777777777778,96.7703026238288,92.59642130482308,42.29905421661282,-31.925,125.4988839038464,68.26344773906209,45.96441295537119,997.7333333333332,117.93556926671394,218.0950653392444,108.54661993184791,1.25
79,99_2,99,3.18075,1.3405206777592056,1.5,0.5,2.75,4.763139720814412,1.0,1.7320508075688772,14.25,12.376893794486564,6.25,10.825317547305485,0.0,0.0,0.25,0.4330127018922193,5.25,7.949056547792323,1.0,1.7320508075688772,0.25,0.4330127018922193,1.25,1.6393596310755,0.0,0.0,5.25,6.869315832017043,9.0,6.123724356957945,18.0,12.727922061357855,17.75,11.121488209767612,0.0,0.0,0.5,0.8660254037844386,14.0,8.689073598491383,2.75,3.6996621467371855,0.25,0.4330127018922193,0.0,0.0,1.0,1.0,18.270833333333336,7.006550754274333,8.086567764231427,2.2995979999034195,-0.5266666666666673,66.34849900964853,120.24300741257488,10.70236787359162,-49.73500000000001,99.73850829098616,86.85409884697273,32.077415508461954,1029.6647916666666,119.7980396571069,189.9617979096384,94.40916524540172,5.5
80,99_2,99,0.23475,0.4065989270767939,0.25,0.4330127018922193,5.5,9.526279441628825,0.5,0.8660254037844386,17.25,8.699856320652657,17.0,10.3440804327886,0.0,0.0,0.0,0.0,4.5,7.22841614740048,1.25,1.6393596310755,0.75,1.299038105676658,2.25,2.277608394786075,0.0,0.0,2.5,3.774917217635375,5.5,4.387482193696061,23.5,4.924428900898052,20.0,6.819090848492928,0.0,0.0,0.25,0.4330127018922193,12.25,9.33742469849155,1.0,1.7320508075688772,0.25,0.4330127018922193,0.0,0.0,2.5,3.278719262151,17.247916666666665,11.230335243771666,7.147522760084925,3.5427868314304267,54.59375,74.66458734432683,81.69737913952531,47.61618679823992,-0.6645833333333293,116.69960983924472,59.636480954784126,35.70823683023448,987.73125,127.02276898708293,271.66049179346226,199.08908976153344,1.25
81,99_2,99,0.0,0.0,0.0,0.0,4.75,8.227241335952167,0.0,0.0,18.25,10.084022015049351,15.75,9.093266739736606,0.25,0.4330127018922193,0.5,0.8660254037844386,5.5,8.958236433584458,3.25,5.068283733178324,0.0,0.0,5.25,8.525696452489967,0.0,0.0,5.5,8.958236433584458,10.5,8.616843969807043,23.75,7.75806032459145,23.5,4.387482193696061,0.0,0.0,0.0,0.0,11.25,7.917543811056558,0.25,0.4330127018922193,0.0,0.0,1.75,3.031088913245535,1.0,1.224744871391589,22.21875,6.44530237793818,5.72876073289573,2.2157967700904075,79.73680555555556,55.699098079858736,107.80161241723891,28.086278439037223,22.54374999999999,123.04498491052752,87.619629821917,30.807205163875604,1135.9486111111112,230.3622794525184,291.21376681255083,157.83006367285174,1.25
82,99_2,99,1.435,1.0564814243516067,1.0,0.7071067811865476,3.25,5.629165124598851,0.75,1.299038105676658,17.75,10.871407452579447,17.0,10.222524150130436,0.25,0.4330127018922193,1.25,2.165063509461097,2.5,4.330127018922194,1.25,1.299038105676658,0.0,0.0,3.25,5.068283733178324,0.0,0.0,3.75,5.931905258852336,15.0,2.449489742783178,17.0,9.354143466934854,22.75,6.905613658466566,0.0,0.0,0.0,0.0,10.5,6.020797289396148,0.0,0.0,0.0,0.0,0.25,0.4330127018922193,2.0,1.8708286933869709,20.833333333333336,9.673282577973897,5.170342080467572,2.934474256120701,48.54166666666666,134.40908521190076,59.05363978820803,39.41299960021815,-1.843750000000004,142.09260861404107,57.94414915421595,46.53171602418168,1055.209375,88.45821637881848,295.67279552244224,298.7849226553663,1.25
83,99_2,99,0.2855,0.4945005055609144,0.25,0.4330127018922193,4.0,6.928203230275509,0.5,0.8660254037844386,13.25,11.986972094736853,10.0,9.16515138991168,0.0,0.0,0.0,0.0,0.75,1.299038105676658,0.0,0.0,0.0,0.0,1.25,2.165063509461097,0.0,0.0,2.25,2.277608394786075,17.5,4.031128874149275,15.25,13.36740438529485,18.25,10.18270592720815,0.0,0.0,0.25,0.4330127018922193,9.25,4.322904116447646,0.0,0.0,0.0,0.0,0.0,0.0,0.0,0.0,17.04375,11.72212321821672,6.148662580016717,2.211241922136352,74.60416666666666,79.1932476209304,87.03959826221336,45.36289937722302,8.072916666666664,103.23621383194062,90.49983281397424,41.016564661304045,1055.2020833333331,100.7763903651779,146.51571446734528,68.18148096378528,1.25
84,99_2,99,1.2400000000000002,0.8681333422925306,0.75,0.4330127018922193,7.5,12.99038105676658,1.5,2.598076211353316,12.25,11.755317945508748,7.0,9.354143466934854,0.0,0.0,1.25,2.165063509461097,7.75,12.295832627357935,3.25,4.085033659592048,1.5,2.598076211353316,5.25,3.2691742076555053,0.0,0.0,6.5,9.096702699330129,14.25,12.090802289343747,16.0,13.509256086106296,11.75,11.121488209767612,0.0,0.0,0.0,0.0,11.25,6.905613658466566,5.25,7.980444849756184,2.75,4.763139720814412,0.0,0.0,2.0,2.449489742783178,18.68888888888889,8.024545677690005,6.231123424775751,3.6870789905418175,63.4875,75.363817232918,111.6083032994032,43.927845434710726,-81.80625,74.75406027039415,100.2529498363631,48.85155058654248,1074.870486111111,231.47634605955727,225.0152127393511,144.3558511293869,2.25
85,99_2,99,0.928,1.0530868910018774,0.5,0.5,0.5,0.8660254037844386,0.0,0.0,16.75,9.443913383762052,10.5,7.632168761236874,0.0,0.0,1.0,1.224744871391589,4.5,4.031128874149275,2.0,1.5811388300841898,0.0,0.0,5.25,4.14578098794425,0.0,0.0,5.75,3.631459761583488,10.5,9.233092656309694,24.0,3.24037034920393,13.25,9.65336728815391,0.0,0.0,0.25,0.4330127018922193,13.5,8.616843969807043,3.0,5.196152422706632,2.25,3.897114317029974,0.0,0.0,2.75,3.112474899497183,13.645138888888887,5.901692519515685,8.61153298861144,1.0820458031005549,67.71722222222222,56.13737318862113,93.50307978990956,20.627770589503072,7.995000000000003,71.91513774929449,105.86274375360816,20.59413563269637,925.3697916666666,265.68984743296016,297.7762378136908,58.72076840996043,5.5
86,99_2,99,0.32025,0.554689271123933,0.25,0.4330127018922193,6.75,11.691342951089922,1.75,3.031088913245535,7.5,5.722761571129799,4.5,5.722761571129799,0.25,0.4330127018922193,0.0,0.0,1.25,1.6393596310755,2.25,3.897114317029974,0.25,0.4330127018922193,2.5,3.774917217635375,0.0,0.0,1.25,1.6393596310755,16.25,8.496322733983215,10.0,9.669539802906858,11.5,8.0156097709407,0.0,0.0,1.75,3.031088913245535,22.5,7.297259759663212,2.0,2.345207879911715,0.5,0.8660254037844386,0.0,0.0,0.5,0.5,11.269166666666663,13.718923391716192,11.49238893438535,5.245604249457662,-27.064097222222223,35.63212414871367,124.1540434888706,15.555208120035116,-45.45138888888889,89.05931954468521,93.28584275105447,14.872808706847366,881.6375694444445,99.74276725657371,256.4937972575504,159.66648020955293,1.25
87,99_2,99,0.6395,0.7383781212901693,0.5,0.5,5.25,9.093266739736606,0.5,0.8660254037844386,15.75,11.166355717063649,11.25,8.699856320652657,0.0,0.0,1.0,0.7071067811865476,2.0,2.1213203435596424,3.5,6.06217782649107,3.5,6.06217782649107,4.25,6.2599920127744575,0.0,0.0,1.0,1.7320508075688772,3.5,2.5,20.75,6.869315832017043,18.5,5.894913061275798,0.0,0.0,0.5,0.8660254037844386,20.25,5.539629951540085,3.25,5.629165124598851,0.0,0.0,0.75,0.82915619758885,7.0,6.59545297913646,14.158472222222224,9.098068242043622,9.19826932749388,5.873105310913715,19.36805555555556,87.42408992816866,100.01868750985584,23.27206686528613,14.357777777777784,88.87951268864836,102.46466766795746,28.497482457097213,747.6675694444443,175.84280877053448,285.80619376604915,118.2087176934958,5.5
88,99_2,99,0.326,0.564648563267454,0.25,0.4330127018922193,6.75,11.691342951089922,4.5,7.794228634059948,15.5,11.146748404803978,9.0,9.1104335791443,0.0,0.0,0.5,0.8660254037844386,0.75,1.299038105676658,0.5,0.8660254037844386,0.0,0.0,1.25,2.165063509461097,0.0,0.0,1.25,2.165063509461097,6.5,3.774917217635375,19.0,6.819090848492928,19.75,5.973901572674261,0.0,0.0,1.5,1.6583123951777,14.25,8.437268515343103,1.25,1.299038105676658,0.5,0.5,0.0,0.0,2.75,2.384848003542364,12.4425,8.963369630830188,7.153205861295811,1.9679649853849075,59.68986111111111,52.97018927575888,98.04355136090736,10.30399454549481,14.824583333333331,110.9331219973385,88.1395950360655,22.582358201141776,714.3659027777778,266.37365376615617,247.2068842108241,113.04997651412792,5.5
89,99_2,99,1.5095,1.1742330475676452,0.75,0.4330127018922193,3.5,5.5,0.0,0.0,12.25,6.869315832017043,5.0,5.744562646538029,0.0,0.0,0.25,0.4330127018922193,4.5,7.794228634059948,3.25,5.068283733178324,0.0,0.0,1.5,2.0615528128088303,0.0,0.0,3.0,5.196152422706632,9.5,8.200609733428363,16.75,6.378675411086537,11.0,2.449489742783178,0.0,0.0,2.75,3.2691742076555053,16.75,6.179603547154137,1.25,0.82915619758885,0.25,0.4330127018922193,1.75,3.031088913245535,5.5,7.297259759663212,13.764583333333334,6.145352735446156,6.334746284455811,1.1043002738868777,79.02708333333334,34.17801355027901,91.26005190850094,27.86712255342689,8.773611111111109,64.19104023920114,107.73889071224993,25.34809322414687,730.5239583333333,318.71970670830416,240.206636660465,16.51703740323532,5.5
90,99_2,99,0.35725,0.6187751510039814,0.25,0.4330127018922193,6.5,11.258330249197702,0.0,0.0,13.75,11.344051304538429,5.75,7.1545440106270926,1.25,1.6393596310755,0.25,0.4330127018922193,0.5,0.8660254037844386,1.0,1.224744871391589,0.0,0.0,4.5,4.9749371855331,0.0,0.0,0.75,1.299038105676658,7.0,8.689073598491383,16.75,8.584142356694699,15.75,9.908960591303208,0.0,0.0,0.0,0.0,13.0,6.96419413859206,3.75,5.931905258852336,1.75,3.031088913245535,0.0,0.0,4.25,2.947456530637899,15.591666666666669,3.9130169165094193,5.895995461452861,1.481288859471349,12.870833333333335,95.84613057671018,85.54034052278469,40.88846113950913,-15.135416666666668,121.47037038338355,67.74448525697693,40.69278164102207,977.1072916666668,403.28260928862784,322.7127196249565,134.8840781470395,1.25
91,99_2,99,0.0,0.0,0.0,0.0,8.0,13.856406460551018,0.75,1.299038105676658,13.5,13.238202294873728,5.5,5.894913061275798,0.0,0.0,0.0,0.0,0.0,0.0,0.0,0.0,0.0,0.0,7.5,10.805091392487157,0.0,0.0,0.25,0.4330127018922193,7.5,12.99038105676658,22.75,6.299801584177076,19.5,7.123903424387503,0.0,0.0,0.0,0.0,9.5,9.656603957913983,1.25,2.165063509461097,1.0,1.7320508075688772,0.0,0.0,0.75,0.82915619758885,15.335416666666667,4.137033688895409,4.660027894120014,3.397429240277132,12.595833333333331,82.31928660961943,82.57006398526003,47.95492659632535,13.9625,115.95621562025995,72.55542776424531,44.21698359294189,934.621875,488.1448545753546,246.4052828602129,187.31812608223584,1.25
92,99_2,99,1.3695,0.9573540358717876,0.75,0.4330127018922193,4.25,7.361215932167728,0.75,1.299038105676658,11.25,10.985786271359917,4.0,6.363961030678928,0.0,0.0,0.5,0.5,0.25,0.4330127018922193,0.25,0.4330127018922193,0.0,0.0,2.5,3.278719262151,0.0,0.0,1.5,2.598076211353316,7.25,5.931905258852336,14.5,8.958236433584458,13.25,10.871407452579447,0.0,0.0,0.0,0.0,17.25,2.7726341266023544,0.75,1.299038105676658,0.5,0.8660254037844386,0.0,0.0,1.25,0.82915619758885,14.411111111111111,5.036278893448277,6.127929910223064,1.1461978948501796,-9.815000000000005,82.09266022306744,98.55448355305823,24.89203137063424,-56.10861111111112,75.92839105861522,94.77208015417874,25.99710604935249,849.3690972222223,401.5043259987768,335.6298615810981,168.06753458531065,6.0
93,99_2,99,3.8375,2.9699307651862865,1.25,0.4330127018922193,1.75,3.031088913245535,0.0,0.0,6.0,6.519202405202649,2.5,4.330127018922194,0.75,1.299038105676658,2.75,2.165063509461097,1.75,1.479019945774904,4.25,6.2599920127744575,0.75,1.299038105676658,5.0,5.744562646538029,0.0,0.0,2.5,3.278719262151,6.75,3.631459761583488,6.5,4.092676385936225,5.75,3.344772040064913,0.0,0.0,0.0,0.0,19.0,6.041522986797286,5.25,7.46240577829965,2.25,3.344772040064913,0.0,0.0,1.0,1.7320508075688772,9.609722222222222,8.072741184472687,6.014911536865659,1.768225728907867,-6.138333333333337,46.04775419953711,128.2667626714293,22.044530776485864,-14.46916666666667,80.97324070400063,106.05163030192072,25.07826690181289,964.7818055555556,515.0013394948982,356.9016080158379,240.64255622877087,1.25
94,99_2,99,3.2485,2.9289938972281933,1.25,0.82915619758885,6.25,10.825317547305485,0.0,0.0,9.75,9.67923034130297,2.0,3.4641016151377544,1.75,3.031088913245535,2.25,2.277608394786075,1.0,1.0,2.75,3.2691742076555053,0.0,0.0,4.5,4.9749371855331,0.0,0.0,1.25,1.299038105676658,5.25,4.085033659592048,13.5,4.031128874149275,11.5,7.632168761236874,0.0,0.0,0.0,0.0,16.5,8.381527307120106,4.25,7.361215932167728,1.5,2.598076211353316,0.0,0.0,0.75,1.299038105676658,13.072132936507938,4.645928021396853,9.03913371969974,3.654544388434081,-54.55485119047619,25.705538100640982,104.39931992506791,24.75999004551661,-26.53493055555556,74.79826881217518,108.49588995053412,17.023419520276935,864.9804861111111,550.1420084039222,230.07991900610327,91.40480120539202,1.25
95,99_2,99,0.336,0.5819690713431429,0.25,0.4330127018922193,3.25,5.629165124598851,0.25,0.4330127018922193,12.5,9.912113800799505,6.5,9.096702699330129,0.5,0.8660254037844386,0.25,0.4330127018922193,0.0,0.0,6.0,8.246211251235321,0.0,0.0,6.5,7.762087348130012,0.0,0.0,0.5,0.8660254037844386,8.25,7.1545440106270926,16.75,9.01041064547005,12.0,10.024968827881713,0.0,0.0,0.5,0.8660254037844386,19.75,5.7608593109014565,2.25,3.897114317029974,1.25,2.165063509461097,0.0,0.0,0.25,0.4330127018922193,13.785625,3.3610688494530847,7.123934042648688,1.025647850353899,-21.951875,81.33786828284151,100.79015806316046,12.051149391889082,7.333541666666667,84.60231014620494,96.653443416106,17.029703184922006,928.816875,489.4831534140597,388.14232738168505,211.0295444151908,1.25
1,99_3,99,1.561,0.26,1.0,0.0,0.0,0.0,0.0,0.0,11.0,11.0,8.5,8.5,0.0,0.0,3.5,3.5,0.0,0.0,0.0,0.0,0.0,0.0,0.0,0.0,0.0,0.0,0.0,0.0,2.5,2.5,7.5,7.5,15.0,15.0,0.0,0.0,0.5,0.5,8.5,8.5,0.0,0.0,0.0,0.0,0.0,0.0,0.0,0.0,1.95,1.95,5.505735645669886,5.505735645669886,20.4625,20.4625,54.52443211915799,54.52443211915799,-26.129166666666663,26.129166666666663,60.67221944024757,60.67221944024757,411.2,411.2,74.56411600651705,74.56411600651705,0.0
2,99_3,99,0.0,0.0,0.0,0.0,0.0,0.0,0.0,0.0,5.5,5.5,2.0,2.0,0.0,0.0,2.5,2.5,0.0,0.0,0.0,0.0,0.0,0.0,0.0,0.0,0.0,0.0,0.0,0.0,2.5,2.5,8.5,8.5,10.5,10.5,0.0,0.0,0.0,0.0,10.5,10.5,0.0,0.0,0.0,0.0,0.0,0.0,0.0,0.0,1.6500396825396824,1.6500396825396824,5.726956186498071,5.726956186498071,-4.335873015873016,4.335873015873016,51.57180713865851,51.57180713865851,-48.61801587301588,48.61801587301588,41.44217070940947,41.44217070940947,319.5597023809524,319.5597023809524,154.57120352483628,154.57120352483628,0.0
3,99_3,99,0.0,0.0,0.0,0.0,0.0,0.0,0.0,0.0,9.0,9.0,0.0,0.0,0.0,0.0,0.0,0.0,0.0,0.0,0.0,0.0,0.0,0.0,0.0,0.0,0.0,0.0,0.0,0.0,0.0,0.0,8.5,8.5,14.0,14.0,0.0,0.0,0.0,0.0,15.0,15.0,0.0,0.0,0.0,0.0,0.0,0.0,0.0,0.0,1.544861111111111,1.544861111111111,1.3225981389641217,1.3225981389641217,62.78666666666666,62.78666666666666,37.09450809157005,37.09450809157005,-2.762361111111113,2.762361111111113,70.31682705601895,70.31682705601895,217.54076388888888,217.54076388888888,51.412527976111846,51.412527976111846,0.0
4,99_3,99,0.0,0.0,0.0,0.0,0.0,0.0,0.0,0.0,4.0,4.0,0.0,0.0,0.0,0.0,0.0,0.0,0.0,0.0,0.0,0.0,0.0,0.0,0.0,0.0,0.0,0.0,0.0,0.0,0.0,0.0,5.5,5.5,11.5,11.5,0.0,0.0,0.0,0.0,2.5,2.5,0.0,0.0,0.0,0.0,0.0,0.0,0.0,0.0,3.52,3.52,0.9107494624392228,0.9107494624392228,74.27458333333334,74.27458333333334,16.48009926248592,16.48009926248592,73.58888888888889,73.58888888888889,22.737877654849708,22.737877654849708,355.32381944444444,355.32381944444444,87.16878530508191,87.16878530508191,0.0
5,99_3,99,0.0,0.0,0.0,0.0,0.0,0.0,0.0,0.0,5.0,5.0,0.5,0.5,0.0,0.0,0.0,0.0,0.0,0.0,0.0,0.0,0.0,0.0,0.0,0.0,0.0,0.0,0.0,0.0,0.0,0.0,11.0,11.0,12.5,12.5,0.0,0.0,0.0,0.0,1.0,1.0,0.5,0.5,0.0,0.0,0.0,0.0,0.0,0.0,3.342857142857143,3.342857142857143,1.1925701821929735,1.1925701821929735,75.93958333333333,75.93958333333333,23.46111856245113,23.46111856245113,78.8970238095238,78.8970238095238,24.512419490016388,24.512419490016388,373.5080357142857,373.5080357142857,55.28575602302088,55.28575602302088,7.0
6,99_3,99,0.874,0.874,0.5,0.5,0.0,0.0,0.0,0.0,6.5,6.5,3.0,3.0,0.0,0.0,0.0,0.0,2.0,2.0,2.0,2.0,0.0,0.0,2.0,2.0,0.0,0.0,2.0,2.0,1.5,1.5,6.0,6.0,5.5,5.5,0.0,0.0,0.0,0.0,3.0,3.0,6.5,6.5,3.0,3.0,0.0,0.0,0.0,0.0,3.127222222222222,3.127222222222222,1.6428590330485255,1.6428590330485255,68.17930555555556,68.17930555555556,31.21412315532361,31.21412315532361,83.43305555555555,83.43305555555555,7.807818592464831,7.807818592464831,483.1647222222222,483.1647222222222,113.71284389965328,113.71284389965328,6.0
7,99_3,99,0.992,0.992,0.5,0.5,0.0,0.0,0.0,0.0,3.5,3.5,0.5,0.5,0.0,0.0,0.0,0.0,0.0,0.0,0.0,0.0,0.0,0.0,1.0,1.0,0.0,0.0,0.5,0.5,12.0,12.0,3.0,3.0,11.0,11.0,0.0,0.0,6.5,6.5,13.5,13.5,1.0,1.0,0.0,0.0,1.5,1.5,3.5,3.5,1.8041666666666667,1.8041666666666667,1.7003931326477284,1.7003931326477284,68.6625,68.6625,38.85945763796333,38.85945763796333,23.5375,23.5375,76.30775237757084,76.30775237757084,358.46875,358.46875,83.37892880236089,83.37892880236089,13.0
8,99_3,99,0.7945,0.7945,0.5,0.5,0.0,0.0,0.0,0.0,0.0,0.0,0.0,0.0,0.0,0.0,0.0,0.0,0.0,0.0,2.5,2.5,0.0,0.0,3.0,3.0,0.0,0.0,1.5,1.5,10.0,10.0,1.5,1.5,3.0,3.0,0.0,0.0,6.5,6.5,11.5,11.5,4.5,4.5,2.0,2.0,1.0,1.0,1.5,1.5,0.3083333333333333,0.3083333333333333,1.932650741569436,1.932650741569436,80.04166666666667,80.04166666666667,5.009296912297728,5.009296912297728,85.91944444444445,85.91944444444445,7.824906322162412,7.824906322162412,408.7284722222223,408.7284722222223,66.25080045885517,66.25080045885517,14.0
9,99_3,99,1.5415,0.3895,1.0,0.0,1.5,1.5,0.0,0.0,0.0,0.0,0.0,0.0,0.0,0.0,0.0,0.0,0.0,0.0,0.5,0.5,0.0,0.0,0.5,0.5,0.0,0.0,0.0,0.0,12.5,12.5,0.0,0.0,5.5,5.5,0.0,0.0,10.0,10.0,14.5,14.5,0.5,0.5,0.0,0.0,0.5,0.5,3.5,3.5,-0.1055555555555556,0.1055555555555556,1.8316827586662112,1.8316827586662112,82.38472222222224,82.38472222222224,1.2935328514012776,1.2935328514012776,87.32083333333334,87.32083333333334,2.723677686307411,2.723677686307411,391.3979166666667,391.3979166666667,69.97670833356902,69.97670833356902,7.0
10,99_3,99,0.0,0.0,0.0,0.0,0.0,0.0,0.0,0.0,0.0,0.0,0.0,0.0,0.0,0.0,0.0,0.0,0.0,0.0,0.0,0.0,0.0,0.0,0.0,0.0,0.0,0.0,0.0,0.0,10.5,10.5,0.0,0.0,0.0,0.0,0.0,0.0,5.0,5.0,15.0,15.0,0.0,0.0,0.0,0.0,1.0,1.0,7.5,7.5,-1.8916666666666664,1.8916666666666664,1.4295006898292222,1.4295006898292222,83.22916666666667,83.22916666666667,0.9795212124071412,0.9795212124071412,87.875,87.875,0.3926406329796582,0.3926406329796582,304.23541666666665,304.23541666666665,34.32917659151453,34.32917659151453,2.0
11,99_3,99,4.2715,1.9995,1.5,0.5,0.0,0.0,0.0,0.0,0.0,0.0,0.0,0.0,0.0,0.0,0.0,0.0,0.0,0.0,0.0,0.0,0.0,0.0,0.0,0.0,0.0,0.0,0.0,0.0,10.0,10.0,1.0,1.0,2.5,2.5,0.0,0.0,6.0,6.0,15.0,15.0,0.5,0.5,0.0,0.0,0.0,0.0,5.5,5.5,-1.5375,1.5375,1.879757852313253,1.879757852313253,68.22083333333333,68.22083333333333,41.64697472172765,41.64697472172765,82.48333333333333,82.48333333333333,17.52440956367876,17.52440956367876,325.87083333333334,325.87083333333334,43.76539887729677,43.76539887729677,13.0
12,99_3,99,0.0,0.0,0.0,0.0,0.0,0.0,0.0,0.0,0.0,0.0,0.0,0.0,0.0,0.0,0.0,0.0,0.0,0.0,0.0,0.0,0.0,0.0,2.0,2.0,0.0,0.0,0.0,0.0,8.5,8.5,0.0,0.0,1.5,1.5,0.0,0.0,1.5,1.5,12.5,12.5,1.5,1.5,0.0,0.0,0.5,0.5,1.0,1.0,0.1558333333333333,0.1558333333333333,1.4224638737845758,1.4224638737845758,39.455000000000005,39.455000000000005,65.05880814053288,65.05880814053288,63.94416666666667,63.94416666666667,47.39976911131062,47.39976911131062,351.0754166666667,351.0754166666667,46.86049769921416,46.86049769921416,1.0
13,99_3,99,0.0,0.0,0.0,0.0,0.0,0.0,0.0,0.0,0.0,0.0,0.0,0.0,2.0,2.0,0.0,0.0,0.0,0.0,0.0,0.0,0.0,0.0,0.0,0.0,0.0,0.0,0.0,0.0,15.0,15.0,0.0,0.0,0.0,0.0,0.0,0.0,6.0,6.0,15.0,15.0,0.0,0.0,0.0,0.0,0.0,0.0,14.0,14.0,-3.155555555555556,3.155555555555556,0.8775711782183292,0.8775711782183292,83.87083333333334,83.87083333333334,1.8765225299887964,1.8765225299887964,86.06388888888888,86.06388888888888,7.83044962681101,7.83044962681101,296.72569444444446,296.72569444444446,21.129890051031328,21.129890051031328,1.0
14,99_3,99,0.0,0.0,0.0,0.0,0.0,0.0,0.0,0.0,3.5,3.5,3.0,3.0,2.0,2.0,0.0,0.0,0.0,0.0,0.0,0.0,0.0,0.0,0.0,0.0,0.0,0.0,0.0,0.0,11.0,11.0,3.5,3.5,4.0,4.0,0.0,0.0,0.5,0.5,12.0,12.0,0.0,0.0,0.0,0.0,0.0,0.0,5.5,5.5,0.8363492063492065,0.8363492063492065,5.535848110119344,5.535848110119344,-3.712976190476191,3.712976190476191,79.21754380286791,79.21754380286791,44.29285714285714,44.29285714285714,70.7165798389292,70.7165798389292,334.44162698412697,334.44162698412697,68.07363707677503,68.07363707677503,0.0
15,99_3,99,1.7065,1.7065,0.5,0.5,0.0,0.0,0.0,0.0,0.0,0.0,0.0,0.0,0.0,0.0,0.0,0.0,0.0,0.0,0.0,0.0,0.0,0.0,0.0,0.0,0.0,0.0,0.0,0.0,15.0,15.0,0.0,0.0,0.0,0.0,0.0,0.0,7.0,7.0,15.0,15.0,0.0,0.0,0.0,0.0,0.0,0.0,8.0,8.0,-3.004166666666667,3.004166666666667,1.4536173747662149,1.4536173747662149,69.3375,69.3375,41.03016103530832,41.03016103530832,85.8625,85.8625,0.7537061208897448,0.7537061208897448,320.5125,320.5125,14.434662419560308,14.434662419560308,0.0
16,99_3,99,0.624,0.624,0.5,0.5,0.0,0.0,0.0,0.0,0.0,0.0,0.0,0.0,2.0,2.0,0.0,0.0,0.0,0.0,0.0,0.0,0.0,0.0,0.0,0.0,0.0,0.0,0.0,0.0,15.0,15.0,0.0,0.0,0.0,0.0,0.0,0.0,2.5,2.5,15.0,15.0,0.0,0.0,0.0,0.0,0.0,0.0,3.5,3.5,-5.1875,5.1875,2.2294781713815155,2.2294781713815155,83.33333333333333,83.33333333333333,15.539410023835808,15.539410023835808,87.44166666666666,87.44166666666666,0.4561310727801337,0.4561310727801337,309.3125,309.3125,18.07417442789573,18.07417442789573,0.0
17,99_3,99,0.6505,0.6505,0.5,0.5,0.0,0.0,0.0,0.0,0.0,0.0,0.0,0.0,2.0,2.0,0.0,0.0,0.0,0.0,0.0,0.0,0.0,0.0,0.0,0.0,0.0,0.0,0.0,0.0,13.0,13.0,0.0,0.0,0.0,0.0,0.0,0.0,0.5,0.5,15.0,15.0,0.0,0.0,0.0,0.0,0.0,0.0,4.0,4.0,-3.089583333333333,3.089583333333333,2.3399098169350223,2.3399098169350223,82.09166666666667,82.09166666666667,6.874881312106818,6.874881312106818,77.20208333333333,77.20208333333333,18.57263810783816,18.57263810783816,260.4947916666667,260.4947916666667,60.00859155248394,60.00859155248394,6.0
18,99_3,99,0.0,0.0,0.0,0.0,0.0,0.0,0.0,0.0,5.0,5.0,2.5,2.5,1.0,1.0,5.0,5.0,0.0,0.0,0.0,0.0,0.0,0.0,0.0,0.0,0.0,0.0,0.0,0.0,7.0,7.0,0.0,0.0,5.0,5.0,0.0,0.0,1.0,1.0,11.5,11.5,0.0,0.0,0.0,0.0,0.0,0.0,0.5,0.5,-1.2240277777777775,1.2240277777777775,3.122406643055764,3.122406643055764,65.9838888888889,65.9838888888889,43.4383913941755,43.4383913941755,72.97180555555556,72.97180555555556,28.689666719663013,28.689666719663013,337.0558333333333,337.0558333333333,56.48769811993482,56.48769811993482,0.0
19,99_3,99,0.448,0.448,0.5,0.5,0.0,0.0,0.0,0.0,0.0,0.0,0.0,0.0,4.5,4.5,0.0,0.0,0.0,0.0,0.0,0.0,0.0,0.0,0.0,0.0,0.0,0.0,0.0,0.0,15.0,15.0,0.0,0.0,0.0,0.0,0.0,0.0,0.0,0.0,15.0,15.0,0.0,0.0,0.0,0.0,0.0,0.0,0.0,0.0,-4.425,4.425,0.6926699550772119,0.6926699550772119,86.04166666666667,86.04166666666667,0.4647281164532895,0.4647281164532895,87.45833333333333,87.45833333333333,0.8274794391537605,0.8274794391537605,298.74375,298.74375,11.299248108281365,11.299248108281365,0.0
20,99_3,99,0.0,0.0,0.0,0.0,0.0,0.0,0.0,0.0,0.0,0.0,0.0,0.0,8.0,8.0,0.0,0.0,0.0,0.0,0.0,0.0,0.0,0.0,0.0,0.0,0.0,0.0,0.0,0.0,14.5,14.5,0.0,0.0,0.0,0.0,0.0,0.0,0.0,0.0,15.0,15.0,0.0,0.0,0.0,0.0,0.0,0.0,0.0,0.0,-5.030952380952381,5.030952380952381,0.8155578686936987,0.8155578686936987,84.60119047619047,84.60119047619047,6.011403798081008,6.011403798081008,85.48214285714286,85.48214285714286,7.11001078771056,7.11001078771056,299.9095238095238,299.9095238095238,26.583763971145675,26.583763971145675,0.0
21,99_3,99,0.0,0.0,0.0,0.0,0.0,0.0,0.0,0.0,0.0,0.0,0.0,0.0,6.0,6.0,0.0,0.0,0.0,0.0,0.0,0.0,0.0,0.0,0.0,0.0,0.0,0.0,0.0,0.0,15.0,15.0,0.0,0.0,0.0,0.0,0.0,0.0,0.5,0.5,15.0,15.0,0.0,0.0,0.0,0.0,0.0,0.0,1.5,1.5,-4.495833333333334,4.495833333333334,0.5248842464984277,0.5248842464984277,85.51666666666667,85.51666666666667,1.0929381907907183,1.0929381907907183,87.25833333333334,87.25833333333334,0.4436277218068722,0.4436277218068722,297.64375,297.64375,15.943986833469015,15.943986833469015,0.0
22,99_3,99,2.48,0.859,1.0,0.0,0.0,0.0,0.0,0.0,5.0,5.0,2.0,2.0,2.0,2.0,1.5,1.5,1.0,1.0,1.0,1.0,0.0,0.0,1.0,1.0,0.0,0.0,1.0,1.0,6.5,6.5,3.5,3.5,2.0,2.0,0.0,0.0,0.5,0.5,11.0,11.0,1.5,1.5,0.5,0.5,0.0,0.0,0.5,0.5,0.8413690476190477,0.8413690476190477,4.1647063947474265,4.1647063947474265,64.38208333333334,64.38208333333334,40.551620868156704,40.551620868156704,74.65452380952381,74.65452380952381,28.097997800296863,28.097997800296863,337.7895535714286,337.7895535714286,94.09372311392706,94.09372311392706,2.5
23,99_3,99,0.0,0.0,0.0,0.0,0.0,0.0,0.0,0.0,4.5,4.5,1.0,1.0,1.5,1.5,0.0,0.0,2.0,2.0,2.0,2.0,0.0,0.0,2.5,2.5,0.0,0.0,2.0,2.0,12.0,12.0,0.5,0.5,1.0,1.0,0.0,0.0,6.5,6.5,10.0,10.0,3.0,3.0,1.0,1.0,0.0,0.0,5.5,5.5,0.0777380952380953,0.0777380952380953,2.8013204010303827,2.8013204010303827,71.75571428571428,71.75571428571428,20.10320275296628,20.10320275296628,77.74672619047618,77.74672619047618,22.90863023165821,22.90863023165821,357.33375,357.33375,113.15950042049792,113.15950042049792,5.0
24,99_3,99,3.787,1.398,1.0,0.0,0.0,0.0,0.0,0.0,4.0,4.0,2.5,2.5,2.0,2.0,2.5,2.5,0.0,0.0,0.0,0.0,0.0,0.0,0.5,0.5,0.0,0.0,0.0,0.0,11.5,11.5,1.0,1.0,4.5,4.5,0.0,0.0,0.5,0.5,11.0,11.0,2.0,2.0,0.0,0.0,0.5,0.5,2.0,2.0,-1.7125,1.7125,4.52816993018887,4.52816993018887,82.70833333333333,82.70833333333333,10.957461942540444,10.957461942540444,43.92916666666667,43.92916666666667,67.55859095485604,67.55859095485604,354.90833333333336,354.90833333333336,74.74054206702158,74.74054206702158,3.0
25,99_3,99,0.0,0.0,0.0,0.0,0.0,0.0,0.0,0.0,0.0,0.0,0.0,0.0,8.0,8.0,0.0,0.0,0.0,0.0,0.0,0.0,0.0,0.0,0.0,0.0,0.0,0.0,0.0,0.0,15.0,15.0,0.0,0.0,0.0,0.0,0.0,0.0,0.0,0.0,15.0,15.0,0.0,0.0,0.0,0.0,0.0,0.0,0.0,0.0,-6.270833333333333,6.270833333333333,0.795379451722398,0.795379451722398,86.27333333333333,86.27333333333333,1.2751459611441438,1.2751459611441438,86.54416666666665,86.54416666666665,1.119294482649177,1.119294482649177,317.8625,317.8625,23.83434256313076,23.83434256313076,2.5
26,99_3,99,3.925,2.8160000000000003,1.5,0.5,0.0,0.0,0.0,0.0,0.0,0.0,0.0,0.0,8.0,8.0,0.0,0.0,0.0,0.0,0.0,0.0,0.0,0.0,0.0,0.0,0.0,0.0,0.0,0.0,15.0,15.0,0.0,0.0,0.0,0.0,0.0,0.0,0.0,0.0,15.0,15.0,0.0,0.0,0.0,0.0,0.0,0.0,1.0,1.0,-5.8625,5.8625,4.724972442600416,4.724972442600416,85.4875,85.4875,7.575477845214341,7.575477845214341,81.0625,81.0625,19.426752119607297,19.426752119607297,291.55625,291.55625,17.695370377940666,17.695370377940666,0.0
27,99_3,99,0.0,0.0,0.0,0.0,0.0,0.0,0.0,0.0,0.0,0.0,0.0,0.0,5.0,5.0,0.0,0.0,0.0,0.0,0.0,0.0,0.0,0.0,0.0,0.0,0.0,0.0,0.0,0.0,15.0,15.0,0.0,0.0,0.0,0.0,0.0,0.0,0.0,0.0,15.0,15.0,0.0,0.0,0.0,0.0,0.0,0.0,1.0,1.0,-6.904166666666667,6.904166666666667,0.5895649290413699,0.5895649290413699,86.60416666666667,86.60416666666667,0.4146827770182354,0.4146827770182354,86.7625,86.7625,0.3627872425173373,0.3627872425173373,286.93541666666664,286.93541666666664,19.955559240924707,19.955559240924707,0.0
28,99_3,99,0.0,0.0,0.0,0.0,0.0,0.0,0.0,0.0,0.0,0.0,0.0,0.0,0.0,0.0,0.0,0.0,0.0,0.0,0.0,0.0,0.0,0.0,0.0,0.0,0.0,0.0,0.0,0.0,14.0,14.0,0.0,0.0,3.0,3.0,0.0,0.0,2.0,2.0,15.0,15.0,0.0,0.0,0.0,0.0,0.0,0.0,2.0,2.0,-3.2666666666666666,3.2666666666666666,3.3885120464429352,3.3885120464429352,85.82083333333334,85.82083333333334,1.0050307485622296,1.0050307485622296,87.49583333333334,87.49583333333334,0.5278526993605529,0.5278526993605529,311.87083333333334,311.87083333333334,37.977484192025614,37.977484192025614,0.0
29,99_3,99,3.4125000000000005,1.3015,1.5,0.5,0.0,0.0,0.0,0.0,0.0,0.0,0.0,0.0,5.5,5.5,0.0,0.0,0.0,0.0,0.0,0.0,0.0,0.0,0.0,0.0,0.0,0.0,0.0,0.0,15.0,15.0,0.0,0.0,0.0,0.0,0.0,0.0,0.0,0.0,15.0,15.0,0.0,0.0,0.0,0.0,0.0,0.0,1.0,1.0,-4.9125,4.9125,0.7807248234813594,0.7807248234813594,85.77916666666667,85.77916666666667,0.4816241330701314,0.4816241330701314,86.75833333333334,86.75833333333334,0.2089989367330741,0.2089989367330741,304.45,304.45,22.327442475572525,22.327442475572525,0.0
30,99_3,99,0.0,0.0,0.0,0.0,0.0,0.0,0.0,0.0,0.0,0.0,0.0,0.0,7.5,7.5,0.0,0.0,0.0,0.0,0.0,0.0,0.0,0.0,0.0,0.0,0.0,0.0,0.0,0.0,15.0,15.0,0.0,0.0,0.0,0.0,0.0,0.0,0.0,0.0,15.0,15.0,0.0,0.0,0.0,0.0,0.0,0.0,0.0,0.0,-4.604166666666667,4.604166666666667,0.9709763843106014,0.9709763843106014,86.27916666666667,86.27916666666667,0.515068091507219,0.515068091507219,86.78333333333333,86.78333333333333,0.2413791392993373,0.2413791392993373,302.74375,302.74375,26.01660302215684,26.01660302215684,0.0
31,99_3,99,0.0,0.0,0.0,0.0,0.0,0.0,0.0,0.0,3.5,3.5,3.0,3.0,1.5,1.5,3.0,3.0,0.0,0.0,0.0,0.0,0.0,0.0,0.0,0.0,0.0,0.0,0.0,0.0,9.0,9.0,0.5,0.5,3.5,3.5,0.0,0.0,0.5,0.5,13.0,13.0,0.0,0.0,0.0,0.0,0.0,0.0,1.0,1.0,-0.50625,0.50625,5.380190081446937,5.380190081446937,81.57777777777778,81.57777777777778,12.322095026770628,12.322095026770628,64.30972222222222,64.30972222222222,45.6410308383548,45.6410308383548,306.57916666666665,306.57916666666665,62.71585212399564,62.71585212399564,0.0
32,99_3,99,0.0,0.0,0.0,0.0,0.0,0.0,0.0,0.0,1.5,1.5,0.5,0.5,1.0,1.0,1.0,1.0,0.0,0.0,0.0,0.0,0.0,0.0,0.0,0.0,0.0,0.0,0.0,0.0,13.0,13.0,0.0,0.0,1.5,1.5,0.0,0.0,1.5,1.5,14.5,14.5,0.0,0.0,0.0,0.0,0.0,0.0,2.5,2.5,-4.052023809523809,4.052023809523809,2.5944491510515846,2.5944491510515846,77.05892857142857,77.05892857142857,21.75352234653718,21.75352234653718,84.18130952380952,84.18130952380952,9.531966254824164,9.531966254824164,283.5592857142857,283.5592857142857,40.00438464329599,40.00438464329599,0.0
33,99_3,99,2.026,2.026,0.5,0.5,0.0,0.0,0.0,0.0,0.0,0.0,0.0,0.0,3.0,3.0,0.0,0.0,0.0,0.0,2.5,2.5,2.0,2.0,2.5,2.5,0.0,0.0,0.0,0.0,11.5,11.5,0.0,0.0,0.0,0.0,0.0,0.0,1.5,1.5,15.0,15.0,0.0,0.0,0.0,0.0,0.0,0.0,1.0,1.0,-5.0375,5.0375,4.110473158084521,4.110473158084521,84.44583333333334,84.44583333333334,1.238145174130329,1.238145174130329,86.25,86.25,1.4208272238382822,1.4208272238382822,322.3333333333333,322.3333333333333,44.13701245049958,44.13701245049958,0.0
34,99_3,99,0.0,0.0,0.0,0.0,0.0,0.0,0.0,0.0,0.0,0.0,0.0,0.0,5.0,5.0,0.5,0.5,0.0,0.0,0.0,0.0,0.0,0.0,0.5,0.5,0.0,0.0,0.0,0.0,14.0,14.0,0.0,0.0,0.0,0.0,0.0,0.0,0.0,0.0,14.5,14.5,1.0,1.0,0.5,0.5,0.0,0.0,1.0,1.0,-5.566666666666666,5.566666666666666,1.9620709014258944,1.9620709014258944,84.53333333333333,84.53333333333333,1.1091162648202797,1.1091162648202797,86.97916666666667,86.97916666666667,0.4378966455937088,0.4378966455937088,307.12083333333334,307.12083333333334,50.4700352863514,50.4700352863514,0.0
35,99_3,99,0.0,0.0,0.0,0.0,0.0,0.0,0.0,0.0,0.0,0.0,0.0,0.0,10.0,10.0,0.0,0.0,0.0,0.0,0.0,0.0,0.0,0.0,0.0,0.0,0.0,0.0,0.0,0.0,14.5,14.5,0.0,0.0,0.0,0.0,0.0,0.0,0.0,0.0,15.0,15.0,0.0,0.0,0.0,0.0,0.0,0.0,1.5,1.5,-7.014583333333333,7.014583333333333,1.3046075532724606,1.3046075532724606,83.55,83.55,8.887233352774455,8.887233352774455,85.29583333333333,85.29583333333333,11.87585450141963,11.87585450141963,272.71229166666666,272.71229166666666,30.86838173345039,30.86838173345039,0.0
36,99_3,99,0.0,0.0,0.0,0.0,0.0,0.0,0.0,0.0,0.0,0.0,0.0,0.0,3.0,3.0,0.0,0.0,0.0,0.0,0.0,0.0,0.0,0.0,0.0,0.0,0.0,0.0,0.0,0.0,12.5,12.5,0.0,0.0,0.0,0.0,0.0,0.0,5.0,5.0,15.0,15.0,0.0,0.0,0.0,0.0,0.0,0.0,6.5,6.5,-4.493055555555556,4.493055555555556,2.3479288877068645,2.3479288877068645,79.84513888888888,79.84513888888888,10.508577409455794,10.508577409455794,77.12361111111112,77.12361111111112,17.973163454230008,17.973163454230008,271.25104166666665,271.25104166666665,73.06724102602008,73.06724102602008,0.0
37,99_3,99,0.0,0.0,0.0,0.0,0.0,0.0,0.0,0.0,0.0,0.0,0.0,0.0,5.0,5.0,0.0,0.0,0.0,0.0,0.0,0.0,0.0,0.0,0.0,0.0,0.0,0.0,0.0,0.0,14.5,14.5,0.0,0.0,0.0,0.0,0.0,0.0,0.5,0.5,15.0,15.0,0.0,0.0,0.0,0.0,0.0,0.0,0.0,0.0,-3.882043650793651,3.882043650793651,1.8770095812101693,1.8770095812101693,84.21269841269842,84.21269841269842,4.576767336968281,4.576767336968281,84.1938492063492,84.1938492063492,9.297228525035008,9.297228525035008,292.3481646825397,292.3481646825397,38.70440851577932,38.70440851577932,0.0
38,99_3,99,0.0,0.0,0.0,0.0,0.0,0.0,0.0,0.0,0.0,0.0,0.0,0.0,4.0,4.0,0.0,0.0,0.0,0.0,0.0,0.0,0.0,0.0,0.0,0.0,0.0,0.0,0.0,0.0,14.5,14.5,0.0,0.0,0.0,0.0,0.0,0.0,0.0,0.0,15.0,15.0,0.0,0.0,0.0,0.0,0.0,0.0,0.0,0.0,-4.258333333333334,4.258333333333334,2.1193388644155573,2.1193388644155573,85.4125,85.4125,0.8910141693598367,0.8910141693598367,87.48333333333333,87.48333333333333,0.7229376798098773,0.7229376798098773,312.3541666666667,312.3541666666667,34.41363107072868,34.41363107072868,6.0
39,99_3,99,0.0,0.0,0.0,0.0,0.0,0.0,0.0,0.0,3.0,3.0,3.0,3.0,0.5,0.5,3.5,3.5,0.0,0.0,0.0,0.0,0.0,0.0,0.0,0.0,0.0,0.0,0.0,0.0,7.5,7.5,0.5,0.5,3.5,3.5,0.0,0.0,0.0,0.0,12.0,12.0,1.0,1.0,0.0,0.0,0.0,0.0,2.0,2.0,-0.0041666666666666,0.0041666666666666,4.534644801108706,4.534644801108706,44.24166666666667,44.24166666666667,64.83237949169809,64.83237949169809,46.9125,46.9125,70.25906784596086,70.25906784596086,350.975,350.975,95.77233149071115,95.77233149071115,0.0
40,99_3,99,0.0,0.0,0.0,0.0,0.0,0.0,0.0,0.0,0.0,0.0,0.0,0.0,2.0,2.0,0.0,0.0,0.0,0.0,0.0,0.0,0.0,0.0,0.0,0.0,0.0,0.0,0.0,0.0,14.0,14.0,0.0,0.0,0.0,0.0,0.0,0.0,0.5,0.5,15.0,15.0,0.0,0.0,0.0,0.0,0.0,0.0,2.0,2.0,-4.114166666666667,4.114166666666667,3.2537906312825693,3.2537906312825693,56.60583333333333,56.60583333333333,53.37579651370294,53.37579651370294,73.8375,73.8375,38.25814387704488,38.25814387704488,272.85291666666666,272.85291666666666,18.18381339593144,18.18381339593144,0.0
41,99_3,99,0.0,0.0,0.0,0.0,0.0,0.0,0.0,0.0,0.0,0.0,0.0,0.0,0.0,0.0,0.0,0.0,0.0,0.0,0.0,0.0,0.0,0.0,0.0,0.0,0.0,0.0,0.0,0.0,12.5,12.5,0.0,0.0,0.0,0.0,0.0,0.0,1.5,1.5,15.0,15.0,0.0,0.0,0.0,0.0,0.0,0.0,2.5,2.5,-6.3875,6.3875,4.421815002537608,4.421815002537608,86.08333333333333,86.08333333333333,1.0074376186918748,1.0074376186918748,79.8625,79.8625,21.07341705205874,21.07341705205874,266.40208333333334,266.40208333333334,36.27248470537122,36.27248470537122,0.0
42,99_3,99,0.0,0.0,0.0,0.0,0.0,0.0,0.0,0.0,0.0,0.0,0.0,0.0,5.0,5.0,0.0,0.0,0.0,0.0,0.0,0.0,0.0,0.0,0.0,0.0,0.0,0.0,0.0,0.0,13.0,13.0,0.0,0.0,0.0,0.0,0.0,0.0,0.0,0.0,15.0,15.0,0.0,0.0,0.0,0.0,0.0,0.0,1.0,1.0,-4.1,4.1,2.9344221464086138,2.9344221464086138,69.02083333333333,69.02083333333333,41.4567556232462,41.4567556232462,73.54583333333333,73.54583333333333,29.118695371511564,29.118695371511564,262.05833333333334,262.05833333333334,64.30162066494816,64.30162066494816,0.0
43,99_3,99,0.64,0.64,0.5,0.5,0.0,0.0,0.0,0.0,0.5,0.5,0.5,0.5,1.5,1.5,0.0,0.0,0.0,0.0,0.0,0.0,0.0,0.0,0.0,0.0,0.0,0.0,0.0,0.0,11.5,11.5,0.0,0.0,0.0,0.0,0.0,0.0,0.5,0.5,15.0,15.0,0.0,0.0,0.0,0.0,0.0,0.0,0.5,0.5,-3.775,3.775,2.5268145295345024,2.5268145295345024,84.90833333333333,84.90833333333333,1.428115502642867,1.428115502642867,87.45416666666667,87.45416666666667,0.5631786030105269,0.5631786030105269,301.3583333333333,301.3583333333333,20.510216796893094,20.510216796893094,0.0
44,99_3,99,0.0,0.0,0.0,0.0,0.0,0.0,0.0,0.0,0.0,0.0,0.0,0.0,1.5,1.5,0.0,0.0,0.0,0.0,0.0,0.0,0.0,0.0,0.0,0.0,0.0,0.0,0.0,0.0,14.5,14.5,0.0,0.0,0.0,0.0,0.0,0.0,0.5,0.5,15.0,15.0,0.0,0.0,0.0,0.0,0.0,0.0,0.0,0.0,-4.425,4.425,1.594456542733814,1.594456542733814,84.69583333333334,84.69583333333334,0.7587567499242135,0.7587567499242135,67.12916666666666,67.12916666666666,53.16349079464423,53.16349079464423,289.55833333333334,289.55833333333334,20.50374669352463,20.50374669352463,0.0
45,99_3,99,0.0,0.0,0.0,0.0,0.0,0.0,0.0,0.0,0.0,0.0,0.5,0.5,2.5,2.5,0.0,0.0,0.0,0.0,0.0,0.0,0.0,0.0,0.0,0.0,0.0,0.0,0.0,0.0,14.5,14.5,0.0,0.0,0.0,0.0,0.0,0.0,0.0,0.0,15.0,15.0,0.0,0.0,0.0,0.0,0.0,0.0,0.0,0.0,-4.8,4.8,1.903286631067428,1.903286631067428,85.29583333333333,85.29583333333333,0.601632616765045,0.601632616765045,70.425,70.425,43.66688056563388,43.66688056563388,287.3958333333333,287.3958333333333,20.723598498383968,20.723598498383968,0.0
46,99_3,99,3.7385,1.6575000000000002,1.0,0.0,0.0,0.0,0.0,0.0,4.5,4.5,3.0,3.0,1.5,1.5,4.5,4.5,0.0,0.0,0.0,0.0,0.0,0.0,0.0,0.0,0.0,0.0,0.0,0.0,9.5,9.5,0.0,0.0,4.5,4.5,0.0,0.0,0.0,0.0,10.5,10.5,0.0,0.0,0.0,0.0,0.0,0.0,0.5,0.5,-0.7708333333333334,0.7708333333333334,5.514760811273283,5.514760811273283,84.65416666666667,84.65416666666667,1.9372132404278288,1.9372132404278288,46.7375,46.7375,72.30831952767723,72.30831952767723,342.7875,342.7875,56.441792472422414,56.441792472422414,0.0
47,99_3,99,0.347,0.347,0.5,0.5,0.0,0.0,0.0,0.0,0.0,0.0,0.0,0.0,0.0,0.0,0.0,0.0,0.0,0.0,0.0,0.0,0.0,0.0,0.0,0.0,0.0,0.0,0.0,0.0,15.0,15.0,0.0,0.0,0.0,0.0,0.0,0.0,0.0,0.0,15.0,15.0,0.0,0.0,0.0,0.0,0.0,0.0,6.5,6.5,-7.454166666666667,7.454166666666667,1.3969771432950824,1.3969771432950824,84.37916666666666,84.37916666666666,0.9555121517920232,0.9555121517920232,88.43333333333334,88.43333333333334,0.3633371559431939,0.3633371559431939,262.1958333333333,262.1958333333333,22.6398359123667,22.6398359123667,6.0
48,99_3,99,2.1545,0.3634999999999999,1.0,0.0,0.0,0.0,0.0,0.0,0.0,0.0,0.0,0.0,5.5,5.5,0.0,0.0,0.0,0.0,0.0,0.0,0.0,0.0,0.0,0.0,0.0,0.0,0.0,0.0,14.0,14.0,0.0,0.0,0.0,0.0,0.0,0.0,0.0,0.0,15.0,15.0,0.0,0.0,0.0,0.0,0.0,0.0,2.5,2.5,-4.454166666666667,4.454166666666667,2.3361924447461275,2.3361924447461275,78.57777777777777,78.57777777777777,18.270196629389165,18.270196629389165,82.56527777777777,82.56527777777777,19.877532110229627,19.877532110229627,276.1284722222223,276.1284722222223,17.484795050752556,17.484795050752556,0.0
49,99_3,99,0.0,0.0,0.0,0.0,0.0,0.0,0.0,0.0,0.0,0.0,0.0,0.0,2.5,2.5,0.0,0.0,0.0,0.0,0.0,0.0,0.0,0.0,0.0,0.0,0.0,0.0,0.0,0.0,14.0,14.0,0.0,0.0,0.5,0.5,0.0,0.0,0.0,0.0,15.0,15.0,0.0,0.0,0.0,0.0,0.0,0.0,6.0,6.0,-6.983333333333333,6.983333333333333,2.2780047312408187,2.2780047312408187,83.98333333333333,83.98333333333333,4.800361676188808,4.800361676188808,84.03333333333333,84.03333333333333,16.13720253189987,16.13720253189987,265.9375,265.9375,30.52385508363363,30.52385508363363,0.0
50,99_3,99,1.264,1.264,0.5,0.5,0.0,0.0,0.0,0.0,3.5,3.5,2.5,2.5,3.0,3.0,2.5,2.5,0.0,0.0,0.0,0.0,0.0,0.0,0.0,0.0,0.0,0.0,0.0,0.0,11.0,11.0,2.5,2.5,3.0,3.0,0.0,0.0,1.0,1.0,12.5,12.5,0.0,0.0,0.0,0.0,0.0,0.0,0.0,0.0,-2.254166666666667,2.254166666666667,5.817939509730991,5.817939509730991,56.49166666666667,56.49166666666667,61.77217831588012,61.77217831588012,29.266666666666666,29.266666666666666,77.2057973139899,77.2057973139899,307.28333333333336,307.28333333333336,48.58377840705224,48.58377840705224,0.0
51,99_3,99,0.0,0.0,0.0,0.0,0.0,0.0,0.0,0.0,0.0,0.0,0.0,0.0,3.5,3.5,0.0,0.0,0.0,0.0,0.5,0.5,0.0,0.0,1.0,1.0,0.0,0.0,0.0,0.0,12.5,12.5,0.0,0.0,0.0,0.0,0.0,0.0,1.0,1.0,15.0,15.0,0.0,0.0,0.0,0.0,0.5,0.5,1.0,1.0,-2.5701190476190474,2.5701190476190474,4.8764735679194215,4.8764735679194215,69.44702380952381,69.44702380952381,27.832419769163373,27.832419769163373,59.74202380952381,59.74202380952381,43.599112250325,43.599112250325,243.43261904761903,243.43261904761903,68.50330945772619,68.50330945772619,0.0
52,99_3,99,2.229,2.229,0.5,0.5,0.0,0.0,0.0,0.0,2.5,2.5,2.5,2.5,7.5,7.5,1.5,1.5,0.0,0.0,0.0,0.0,0.0,0.0,0.0,0.0,0.0,0.0,0.0,0.0,12.0,12.0,0.0,0.0,2.5,2.5,0.0,0.0,0.0,0.0,12.5,12.5,0.0,0.0,0.0,0.0,0.0,0.0,0.0,0.0,-4.019444444444444,4.019444444444444,5.23574711378483,5.23574711378483,83.08972222222222,83.08972222222222,5.252953615072073,5.252953615072073,71.70805555555556,71.70805555555556,31.47443594376864,31.47443594376864,292.90708333333333,292.90708333333333,57.67526916959056,57.67526916959056,0.0
53,99_3,99,0.0,0.0,0.0,0.0,0.0,0.0,0.0,0.0,0.0,0.0,0.0,0.0,3.5,3.5,1.5,1.5,0.0,0.0,0.0,0.0,0.0,0.0,0.0,0.0,0.0,0.0,0.0,0.0,15.0,15.0,0.0,0.0,0.0,0.0,0.0,0.0,1.5,1.5,15.0,15.0,0.0,0.0,0.0,0.0,0.0,0.0,0.5,0.5,-5.395,5.395,2.161070336661905,2.161070336661905,84.58333333333333,84.58333333333333,1.7703263980282156,1.7703263980282156,53.47916666666666,53.47916666666666,60.612960345173335,60.612960345173335,293.24541666666664,293.24541666666664,41.81761870553355,41.81761870553355,6.0
54,99_3,99,1.2155,0.2135,1.0,0.0,0.0,0.0,0.0,0.0,1.5,1.5,0.0,0.0,2.5,2.5,0.0,0.0,0.0,0.0,0.0,0.0,0.0,0.0,0.5,0.5,0.0,0.0,0.0,0.0,14.5,14.5,0.0,0.0,1.5,1.5,0.0,0.0,1.5,1.5,15.0,15.0,0.0,0.0,0.0,0.0,0.5,0.5,3.5,3.5,-5.4991666666666665,5.4991666666666665,3.712453609885995,3.712453609885995,82.05166666666666,82.05166666666666,3.28164677495241,3.28164677495241,84.77083333333333,84.77083333333333,10.16038279161874,10.16038279161874,278.24791666666664,278.24791666666664,23.351260691193005,23.351260691193005,6.0
55,99_3,99,0.0,0.0,0.0,0.0,0.0,0.0,0.0,0.0,4.5,4.5,0.0,0.0,1.5,1.5,3.5,3.5,0.0,0.0,0.0,0.0,0.0,0.0,0.0,0.0,0.0,0.0,0.0,0.0,6.5,6.5,0.5,0.5,4.5,4.5,0.0,0.0,3.0,3.0,12.5,12.5,1.5,1.5,0.0,0.0,0.5,0.5,0.0,0.0,-0.1291666666666666,0.1291666666666666,4.392048133337744,4.392048133337744,71.10833333333333,71.10833333333333,34.68742467459289,34.68742467459289,47.333333333333336,47.333333333333336,64.89297545874199,64.89297545874199,313.00208333333336,313.00208333333336,71.19615378212544,71.19615378212544,6.0
56,99_3,99,0.0,0.0,0.0,0.0,0.0,0.0,0.0,0.0,0.0,0.0,0.0,0.0,3.5,3.5,0.5,0.5,0.0,0.0,0.0,0.0,0.0,0.0,0.0,0.0,0.0,0.0,0.0,0.0,14.5,14.5,0.0,0.0,0.0,0.0,0.0,0.0,1.5,1.5,15.0,15.0,0.0,0.0,0.0,0.0,1.0,1.0,0.0,0.0,-5.208333333333333,5.208333333333333,3.4611434366245044,3.4611434366245044,84.12083333333334,84.12083333333334,2.642694989126736,2.642694989126736,88.30416666666666,88.30416666666666,0.4560739766991998,0.4560739766991998,285.96875,285.96875,27.995273736159465,27.995273736159465,5.5
57,99_3,99,0.0,0.0,0.0,0.0,0.0,0.0,0.0,0.0,0.0,0.0,0.0,0.0,11.5,11.5,0.0,0.0,0.0,0.0,0.0,0.0,0.0,0.0,0.0,0.0,0.0,0.0,0.0,0.0,15.0,15.0,0.0,0.0,0.0,0.0,0.0,0.0,0.0,0.0,15.0,15.0,0.0,0.0,0.0,0.0,0.0,0.0,3.5,3.5,-7.16,7.16,0.6861000898799923,0.6861000898799923,84.5825,84.5825,1.2609049329747275,1.2609049329747275,88.70583333333335,88.70583333333335,0.3444611331082543,0.3444611331082543,254.72083333333333,254.72083333333333,13.896255615772503,13.896255615772503,0.0
58,99_3,99,0.0,0.0,0.0,0.0,0.0,0.0,0.0,0.0,0.0,0.0,0.0,0.0,7.5,7.5,0.5,0.5,0.0,0.0,0.0,0.0,0.0,0.0,0.0,0.0,0.0,0.0,0.0,0.0,14.0,14.0,0.0,0.0,0.0,0.0,0.0,0.0,1.5,1.5,15.0,15.0,0.0,0.0,0.0,0.0,0.0,0.0,1.5,1.5,-6.7875,6.7875,1.942171786943678,1.942171786943678,83.8125,83.8125,1.5561537788192186,1.5561537788192186,86.13333333333334,86.13333333333334,7.889730491101849,7.889730491101849,267.525,267.525,29.0962689117236,29.0962689117236,14.0
59,99_3,99,3.3665000000000003,1.3715000000000002,1.5,0.5,0.0,0.0,0.0,0.0,0.0,0.0,0.0,0.0,1.5,1.5,0.0,0.0,0.0,0.0,0.0,0.0,0.0,0.0,0.0,0.0,0.0,0.0,0.0,0.0,15.0,15.0,0.0,0.0,0.0,0.0,0.0,0.0,1.0,1.0,15.0,15.0,0.0,0.0,0.0,0.0,0.0,0.0,1.0,1.0,-5.65,5.65,1.0425329730996522,1.0425329730996522,82.35833333333333,82.35833333333333,1.357361615618902,1.357361615618902,88.2,88.2,0.4289036410819256,0.4289036410819256,261.7895833333333,261.7895833333333,13.900956233345562,13.900956233345562,6.0
60,99_3,99,1.5945,0.3465,1.0,0.0,0.0,0.0,0.0,0.0,0.5,0.5,0.5,0.5,4.5,4.5,0.5,0.5,0.0,0.0,0.0,0.0,0.0,0.0,0.0,0.0,0.0,0.0,0.0,0.0,13.5,13.5,0.5,0.5,0.5,0.5,0.0,0.0,0.0,0.0,13.5,13.5,0.5,0.5,0.0,0.0,0.0,0.0,1.0,1.0,-5.05,5.05,2.789227790386914,2.789227790386914,83.02083333333333,83.02083333333333,1.005238017696417,1.005238017696417,87.06666666666666,87.06666666666666,0.7046965461971714,0.7046965461971714,291.5145833333333,291.5145833333333,38.805748484617446,38.805748484617446,14.0
61,99_3,99,1.4715,1.4715,0.5,0.5,0.0,0.0,0.0,0.0,3.0,3.0,0.5,0.5,0.0,0.0,0.5,0.5,0.0,0.0,0.0,0.0,0.0,0.0,0.0,0.0,0.0,0.0,0.0,0.0,5.0,5.0,0.0,0.0,0.0,0.0,0.0,0.0,2.0,2.0,10.0,10.0,0.5,0.5,0.0,0.0,0.0,0.0,9.5,9.5,-0.0198809523809522,0.0198809523809522,2.9410484333292115,2.9410484333292115,-5.3339285714285705,5.3339285714285705,80.15613552225585,80.15613552225585,85.55577380952381,85.55577380952381,5.143483172945011,5.143483172945011,312.4155952380952,312.4155952380952,53.44792582372376,53.44792582372376,13.0
62,99_3,99,1.639,0.014,1.0,0.0,0.0,0.0,0.0,0.0,4.5,4.5,1.0,1.0,0.0,0.0,0.5,0.5,1.0,1.0,3.0,3.0,0.0,0.0,5.0,5.0,0.0,0.0,1.5,1.5,11.5,11.5,3.5,3.5,1.0,1.0,0.0,0.0,1.0,1.0,10.5,10.5,2.0,2.0,1.0,1.0,0.0,0.0,1.0,1.0,-2.025,2.025,3.5460365198345043,3.5460365198345043,79.31666666666666,79.31666666666666,10.918053347043552,10.918053347043552,86.31666666666666,86.31666666666666,3.995014253903093,3.995014253903093,301.86041666666665,301.86041666666665,62.10917949829468,62.10917949829468,14.0
63,99_3,99,0.48,0.48,0.5,0.5,0.0,0.0,0.0,0.0,5.5,5.5,4.0,4.0,0.0,0.0,1.5,1.5,0.0,0.0,1.5,1.5,0.0,0.0,4.0,4.0,0.0,0.0,1.5,1.5,12.0,12.0,5.0,5.0,4.0,4.0,0.0,0.0,2.0,2.0,14.5,14.5,0.5,0.5,0.5,0.5,0.0,0.0,0.0,0.0,-1.8958333333333333,1.8958333333333333,6.251173500942754,6.251173500942754,81.24583333333334,81.24583333333334,3.731549518036114,3.731549518036114,87.99166666666666,87.99166666666666,0.8755553793006028,0.8755553793006028,303.3958333333333,303.3958333333333,58.60174852814168,58.60174852814168,0.0
64,99_3,99,1.264,1.264,0.5,0.5,0.0,0.0,0.0,0.0,3.5,3.5,1.0,1.0,2.5,2.5,3.0,3.0,1.0,1.0,2.0,2.0,0.0,0.0,2.5,2.5,0.0,0.0,2.5,2.5,12.0,12.0,0.0,0.0,1.5,1.5,0.0,0.0,2.0,2.0,14.0,14.0,0.5,0.5,0.0,0.0,1.0,1.0,0.0,0.0,-2.25,2.25,3.8659841351631714,3.8659841351631714,82.5625,82.5625,1.4122787437329785,1.4122787437329785,84.6875,84.6875,15.848066062351794,15.848066062351794,306.0208333333333,306.0208333333333,54.86981119482329,54.86981119482329,0.5
65,99_3,99,2.683,2.683,0.5,0.5,0.0,0.0,0.0,0.0,0.0,0.0,0.0,0.0,0.0,0.0,0.0,0.0,0.0,0.0,0.0,0.0,0.0,0.0,0.0,0.0,0.0,0.0,0.0,0.0,15.0,15.0,0.0,0.0,0.0,0.0,0.0,0.0,0.0,0.0,15.0,15.0,0.0,0.0,0.0,0.0,0.0,0.0,0.0,0.0,-7.175,7.175,1.1657436825191605,1.1657436825191605,86.34166666666667,86.34166666666667,1.300614171160003,1.300614171160003,-46.11666666666667,46.11666666666667,74.58554186674222,74.58554186674222,268.62708333333336,268.62708333333336,16.84476831595067,16.84476831595067,0.0
66,99_3,99,0.0,0.0,0.0,0.0,0.0,0.0,0.0,0.0,0.0,0.0,0.0,0.0,0.0,0.0,1.0,1.0,0.0,0.0,0.0,0.0,0.0,0.0,0.0,0.0,0.0,0.0,0.0,0.0,15.0,15.0,0.0,0.0,0.0,0.0,0.0,0.0,0.5,0.5,15.0,15.0,0.0,0.0,0.0,0.0,5.0,5.0,0.0,0.0,-3.316666666666667,3.316666666666667,2.3769144330880367,2.3769144330880367,84.01666666666667,84.01666666666667,1.2989311845599143,1.2989311845599143,82.89583333333333,82.89583333333333,32.017655990701265,32.017655990701265,267.52708333333334,267.52708333333334,14.62545123354224,14.62545123354224,0.0
67,99_3,99,0.0,0.0,0.0,0.0,0.0,0.0,0.0,0.0,0.0,0.0,0.0,0.0,6.5,6.5,0.0,0.0,0.0,0.0,0.0,0.0,0.0,0.0,0.0,0.0,0.0,0.0,0.0,0.0,14.0,14.0,0.0,0.0,0.5,0.5,0.0,0.0,0.0,0.0,15.0,15.0,0.0,0.0,0.0,0.0,0.0,0.0,0.5,0.5,-4.033333333333333,4.033333333333333,2.37344978646882,2.37344978646882,83.40416666666667,83.40416666666667,1.4558371493939684,1.4558371493939684,72.05833333333334,72.05833333333334,49.23539052912605,49.23539052912605,283.0416666666667,283.0416666666667,15.736546282106785,15.736546282106785,0.0
68,99_3,99,0.0,0.0,0.0,0.0,0.0,0.0,0.0,0.0,0.0,0.0,0.0,0.0,0.0,0.0,0.0,0.0,0.0,0.0,0.0,0.0,0.0,0.0,0.0,0.0,0.0,0.0,0.0,0.0,10.0,10.0,0.5,0.5,4.0,4.0,0.0,0.0,2.0,2.0,15.0,15.0,0.0,0.0,0.0,0.0,0.0,0.0,0.0,0.0,-2.4379166666666667,2.4379166666666667,5.398842934807626,5.398842934807626,80.2876388888889,80.2876388888889,11.016977454187709,11.016977454187709,2.269027777777779,2.269027777777779,73.3229381575108,73.3229381575108,241.14541666666668,241.14541666666668,45.63439221059656,45.63439221059656,4.5
69,99_3,99,0.7785,0.0325,1.0,0.0,0.0,0.0,0.0,0.0,0.0,0.0,0.0,0.0,1.5,1.5,0.0,0.0,0.0,0.0,0.0,0.0,0.0,0.0,0.0,0.0,0.0,0.0,0.0,0.0,9.0,9.0,1.5,1.5,0.0,0.0,0.0,0.0,0.5,0.5,15.0,15.0,0.0,0.0,0.0,0.0,0.0,0.0,3.0,3.0,-4.314285714285715,4.314285714285715,3.0945406723436544,3.0945406723436544,71.44017857142856,71.44017857142856,16.82017630531118,16.82017630531118,82.66279761904761,82.66279761904761,10.0737163063984,10.0737163063984,226.79479166666667,226.79479166666667,47.76287680539373,47.76287680539373,6.5
70,99_3,99,3.189,0.4479999999999999,1.0,0.0,0.0,0.0,0.0,0.0,0.0,0.0,0.0,0.0,0.5,0.5,0.0,0.0,0.0,0.0,0.0,0.0,0.0,0.0,0.0,0.0,0.0,0.0,0.0,0.0,15.0,15.0,0.0,0.0,0.0,0.0,0.0,0.0,0.0,0.0,15.0,15.0,0.0,0.0,0.0,0.0,0.0,0.0,2.0,2.0,-8.458333333333334,8.458333333333334,0.7626252174051302,0.7626252174051302,83.5375,83.5375,0.442707107841441,0.442707107841441,86.325,86.325,0.6204836822995428,0.6204836822995428,261.64166666666665,261.64166666666665,25.87820498132657,25.87820498132657,13.0
71,99_3,99,2.4745,1.5035000000000005,1.0,0.0,0.0,0.0,0.0,0.0,1.0,1.0,0.5,0.5,4.5,4.5,0.0,0.0,0.0,0.0,1.0,1.0,0.0,0.0,2.0,2.0,0.0,0.0,1.0,1.0,14.0,14.0,1.0,1.0,2.0,2.0,0.0,0.0,0.0,0.0,14.5,14.5,1.0,1.0,0.0,0.0,0.0,0.0,0.0,0.0,-2.794404761904762,2.794404761904762,3.805937189969237,3.805937189969237,52.684642857142855,52.684642857142855,51.83256503151853,51.83256503151853,83.9920238095238,83.9920238095238,8.883949195158324,8.883949195158324,273.6924404761905,273.6924404761905,61.24896902277416,61.24896902277416,6.5
72,99_3,99,1.6425,1.6425,0.5,0.5,0.0,0.0,0.0,0.0,0.0,0.0,0.0,0.0,4.5,4.5,0.0,0.0,0.0,0.0,0.5,0.5,0.0,0.0,5.0,5.0,0.0,0.0,0.0,0.0,14.5,14.5,0.0,0.0,0.0,0.0,0.0,0.0,6.0,6.0,15.0,15.0,0.0,0.0,0.0,0.0,0.5,0.5,0.5,0.5,-2.475,2.475,2.401258350670887,2.401258350670887,71.52222222222223,71.52222222222223,20.908956451160904,20.908956451160904,25.488888888888884,25.488888888888884,71.38014991907158,71.38014991907158,279.4777777777778,279.4777777777778,50.04751646506536,50.04751646506536,13.0
73,99_3,99,1.755,0.997,1.0,0.0,0.0,0.0,0.0,0.0,2.5,2.5,2.5,2.5,0.0,0.0,1.5,1.5,0.0,0.0,3.5,3.5,1.5,1.5,0.5,0.5,0.0,0.0,0.0,0.0,12.5,12.5,1.0,1.0,3.0,3.0,0.0,0.0,0.0,0.0,14.0,14.0,0.0,0.0,0.0,0.0,0.5,0.5,0.0,0.0,-5.275,5.275,7.659852043827826,7.659852043827826,77.36666666666666,77.36666666666666,19.146119421148736,19.146119421148736,75.1125,75.1125,35.11616659389234,35.11616659389234,322.74583333333334,322.74583333333334,51.950670044336825,51.950670044336825,12.0
74,99_3,99,0.0,0.0,0.0,0.0,0.0,0.0,0.0,0.0,0.0,0.0,0.0,0.0,2.0,2.0,0.0,0.0,0.0,0.0,0.5,0.5,0.0,0.0,0.0,0.0,0.0,0.0,0.0,0.0,15.0,15.0,0.0,0.0,0.0,0.0,0.0,0.0,0.0,0.0,15.0,15.0,0.0,0.0,0.0,0.0,0.0,0.0,0.0,0.0,-7.358333333333333,7.358333333333333,1.808755711040665,1.808755711040665,83.025,83.025,1.3920907537465603,1.3920907537465603,87.1375,87.1375,0.6135195595904013,0.6135195595904013,269.9770833333333,269.9770833333333,22.89055415707657,22.89055415707657,0.0
75,99_3,99,0.8,0.8,0.5,0.5,0.0,0.0,0.0,0.0,0.0,0.0,0.0,0.0,0.0,0.0,0.0,0.0,0.0,0.0,0.0,0.0,0.0,0.0,0.0,0.0,0.0,0.0,0.0,0.0,14.5,14.5,0.0,0.0,0.0,0.0,0.0,0.0,0.0,0.0,15.0,15.0,0.0,0.0,0.0,0.0,1.0,1.0,0.0,0.0,-1.3416666666666666,1.3416666666666666,2.146201424739896,2.146201424739896,81.5875,81.5875,17.417667933739004,17.417667933739004,76.02916666666667,76.02916666666667,43.89022389407717,43.89022389407717,290.06666666666666,290.06666666666666,17.735674481269537,17.735674481269537,10.0
76,99_3,99,0.0,0.0,0.0,0.0,0.0,0.0,0.0,0.0,3.5,3.5,3.0,3.0,1.0,1.0,3.0,3.0,0.0,0.0,0.0,0.0,0.0,0.0,0.0,0.0,0.0,0.0,0.0,0.0,11.0,11.0,0.0,0.0,3.5,3.5,0.0,0.0,0.0,0.0,11.5,11.5,0.0,0.0,0.0,0.0,0.0,0.0,0.0,0.0,-2.6791666666666667,2.6791666666666667,5.518310744441837,5.518310744441837,80.4625,80.4625,6.326626108493109,6.326626108493109,37.516666666666666,37.516666666666666,78.80257328003671,78.80257328003671,281.08125,281.08125,38.58020983802231,38.58020983802231,5.0
77,99_3,99,1.771,1.771,0.5,0.5,0.0,0.0,0.0,0.0,0.0,0.0,0.0,0.0,0.0,0.0,0.0,0.0,0.0,0.0,0.0,0.0,0.0,0.0,0.0,0.0,0.0,0.0,0.0,0.0,15.0,15.0,0.0,0.0,0.0,0.0,0.0,0.0,0.0,0.0,15.0,15.0,0.0,0.0,0.0,0.0,0.0,0.0,0.0,0.0,-9.0125,9.0125,1.3991626960436017,1.3991626960436017,86.29166666666667,86.29166666666667,0.6741764523393625,0.6741764523393625,-57.05833333333333,57.05833333333333,65.97785876506013,65.97785876506013,275.15833333333336,275.15833333333336,19.635445291756323,19.635445291756323,0.0
78,99_3,99,0.0,0.0,0.0,0.0,2.0,2.0,0.5,0.5,0.0,0.0,0.0,0.0,0.0,0.0,0.0,0.0,0.0,0.0,0.0,0.0,0.0,0.0,0.0,0.0,0.0,0.0,0.0,0.0,6.0,6.0,1.0,1.0,1.0,1.0,0.0,0.0,2.5,2.5,15.0,15.0,0.0,0.0,0.0,0.0,0.0,0.0,0.0,0.0,-0.7073214285714287,0.7073214285714287,3.0244776756423883,3.0244776756423883,79.32797619047619,79.32797619047619,8.438925595531465,8.438925595531465,61.78630952380953,61.78630952380953,55.79217378524614,55.79217378524614,292.46184523809524,292.46184523809524,36.82940523296071,36.82940523296071,0.0
79,99_3,99,0.0,0.0,0.0,0.0,5.5,5.5,1.0,1.0,0.0,0.0,0.0,0.0,0.0,0.0,0.0,0.0,0.0,0.0,0.0,0.0,0.0,0.0,0.0,0.0,0.0,0.0,0.0,0.0,11.0,11.0,0.0,0.0,0.5,0.5,0.0,0.0,5.0,5.0,15.0,15.0,0.0,0.0,0.0,0.0,0.0,0.0,0.0,0.0,-2.5458333333333334,2.5458333333333334,3.2929032487389533,3.2929032487389533,81.67470238095238,81.67470238095238,8.027769115607256,8.027769115607256,84.23363095238095,84.23363095238095,11.753385513166696,11.753385513166696,287.8876488095238,287.8876488095238,32.46353306503781,32.46353306503781,0.0
80,99_3,99,1.7239999999999998,1.7239999999999998,0.5,0.5,5.5,5.5,1.5,1.5,0.0,0.0,0.0,0.0,0.0,0.0,0.0,0.0,0.0,0.0,0.0,0.0,0.0,0.0,0.0,0.0,0.0,0.0,0.0,0.0,8.0,8.0,0.0,0.0,0.0,0.0,0.0,0.0,7.5,7.5,15.0,15.0,0.0,0.0,0.0,0.0,0.0,0.0,0.0,0.0,-1.6875,1.6875,2.7560066975003283,2.7560066975003283,83.14166666666667,83.14166666666667,1.860424832008957,1.860424832008957,87.27916666666667,87.27916666666667,0.2007364911740984,0.2007364911740984,301.8125,301.8125,11.541365820387115,11.541365820387115,0.0
81,99_3,99,0.0,0.0,0.0,0.0,5.0,5.0,0.0,0.0,0.0,0.0,0.0,0.0,0.0,0.0,0.5,0.5,0.0,0.0,0.0,0.0,0.0,0.0,0.0,0.0,0.0,0.0,0.0,0.0,11.0,11.0,0.0,0.0,0.0,0.0,0.0,0.0,0.0,0.0,15.0,15.0,0.0,0.0,0.0,0.0,0.0,0.0,0.5,0.5,-2.2875,2.2875,2.008614261126312,2.008614261126312,83.02916666666667,83.02916666666667,0.920078876449671,0.920078876449671,87.89166666666667,87.89166666666667,0.476241068740985,0.476241068740985,296.34791666666666,296.34791666666666,9.16160868978381,9.16160868978381,0.0
82,99_3,99,0.0,0.0,0.0,0.0,10.0,10.0,0.0,0.0,0.0,0.0,0.0,0.0,0.0,0.0,0.0,0.0,0.0,0.0,0.0,0.0,0.0,0.0,0.0,0.0,0.0,0.0,0.0,0.0,11.5,11.5,0.0,0.0,0.0,0.0,0.0,0.0,1.0,1.0,15.0,15.0,0.0,0.0,0.0,0.0,0.0,0.0,0.0,0.0,-1.5845833333333337,1.5845833333333337,2.004156314942081,2.004156314942081,78.78,78.78,12.689573147536,12.689573147536,84.64416666666666,84.64416666666666,8.997165487282956,8.997165487282956,276.31642857142856,276.31642857142856,49.7037552329608,49.7037552329608,0.0
83,99_3,99,0.0,0.0,0.0,0.0,2.5,2.5,0.0,0.0,2.0,2.0,0.5,0.5,1.0,1.0,0.0,0.0,0.0,0.0,0.0,0.0,0.0,0.0,0.0,0.0,0.0,0.0,0.0,0.0,6.5,6.5,2.5,2.5,3.5,3.5,0.0,0.0,0.0,0.0,13.5,13.5,0.0,0.0,0.0,0.0,0.0,0.0,0.0,0.0,0.7052976190476189,0.7052976190476189,3.7004060513630255,3.7004060513630255,60.507261904761904,60.507261904761904,39.900176051040255,39.900176051040255,52.46061507936508,52.46061507936508,55.67637329958269,55.67637329958269,237.82367063492063,237.82367063492063,61.32353893957705,61.32353893957705,0.0
84,99_3,99,0.0,0.0,0.0,0.0,0.0,0.0,0.0,0.0,0.0,0.0,0.0,0.0,0.0,0.0,0.0,0.0,0.0,0.0,0.0,0.0,0.0,0.0,0.5,0.5,0.0,0.0,0.0,0.0,11.0,11.0,3.0,3.0,0.0,0.0,0.0,0.0,5.0,5.0,15.0,15.0,0.0,0.0,0.0,0.0,0.0,0.0,1.5,1.5,-0.3625,0.3625,0.6041091926685661,0.6041091926685661,78.55583333333334,78.55583333333334,5.037751992594403,5.037751992594403,78.8625,78.8625,34.69474548953103,34.69474548953103,261.81875,261.81875,29.85662069758008,29.85662069758008,1.5
85,99_3,99,1.8295,0.3894999999999999,1.0,0.0,0.0,0.0,0.0,0.0,0.0,0.0,0.0,0.0,0.5,0.5,0.0,0.0,0.0,0.0,0.0,0.0,0.0,0.0,0.0,0.0,0.0,0.0,0.0,0.0,9.0,9.0,5.5,5.5,0.0,0.0,0.0,0.0,0.5,0.5,15.0,15.0,0.0,0.0,0.0,0.0,0.0,0.0,1.0,1.0,-3.843055555555555,3.843055555555555,3.546168435225216,3.546168435225216,72.44097222222223,72.44097222222223,12.603157768773618,12.603157768773618,82.72847222222224,82.72847222222224,10.562962245163376,10.562962245163376,213.63611111111112,213.63611111111112,33.44709655182216,33.44709655182216,1.5
86,99_3,99,2.2135,2.2135,0.5,0.5,0.0,0.0,0.0,0.0,0.0,0.0,0.0,0.0,0.5,0.5,0.0,0.0,0.0,0.0,0.0,0.0,0.0,0.0,0.0,0.0,0.0,0.0,0.0,0.0,12.0,12.0,0.0,0.0,0.0,0.0,0.0,0.0,0.0,0.0,15.0,15.0,0.0,0.0,0.0,0.0,0.0,0.0,0.0,0.0,-4.222261904761905,4.222261904761905,2.561866160570993,2.561866160570993,68.01232142857143,68.01232142857143,17.568625613341293,17.568625613341293,7.558055555555556,7.558055555555556,72.30244412150427,72.30244412150427,189.1921130952381,189.1921130952381,43.84356463190657,43.84356463190657,1.5
87,99_3,99,1.04,1.04,0.5,0.5,0.0,0.0,0.0,0.0,0.0,0.0,0.0,0.0,5.0,5.0,0.0,0.0,0.0,0.0,0.0,0.0,0.0,0.0,0.0,0.0,0.0,0.0,0.0,0.0,15.0,15.0,0.0,0.0,0.0,0.0,0.0,0.0,0.0,0.0,15.0,15.0,0.0,0.0,0.0,0.0,0.5,0.5,0.0,0.0,-5.414583333333334,5.414583333333334,1.6803462048207671,1.6803462048207671,79.1125,79.1125,19.36729282192016,19.36729282192016,-76.4625,76.4625,36.263333036507646,36.263333036507646,226.08125,226.08125,34.31476313119472,34.31476313119472,0.0
88,99_3,99,0.0,0.0,0.0,0.0,0.0,0.0,0.0,0.0,0.0,0.0,0.0,0.0,6.0,6.0,0.0,0.0,0.0,0.0,0.0,0.0,0.0,0.0,0.0,0.0,0.0,0.0,0.0,0.0,15.0,15.0,0.0,0.0,0.0,0.0,0.0,0.0,5.5,5.5,15.0,15.0,0.0,0.0,0.0,0.0,0.0,0.0,1.5,1.5,-6.004166666666666,6.004166666666666,2.110608949779397,2.110608949779397,85.175,85.175,1.222872301864208,1.222872301864208,-10.445833333333333,10.445833333333333,79.47688135639753,79.47688135639753,244.00416666666663,244.00416666666663,13.778927273396706,13.778927273396706,0.0
89,99_3,99,0.4425,0.4425,0.5,0.5,0.0,0.0,0.0,0.0,0.0,0.0,0.0,0.0,0.0,0.0,0.0,0.0,0.0,0.0,0.0,0.0,0.0,0.0,0.0,0.0,0.0,0.0,0.0,0.0,13.0,13.0,0.0,0.0,0.0,0.0,0.0,0.0,0.0,0.0,15.0,15.0,0.0,0.0,0.0,0.0,0.0,0.0,0.0,0.0,-4.900416666666667,4.900416666666667,2.442604507255385,2.442604507255385,76.79456349206349,76.79456349206349,11.216723257663748,11.216723257663748,82.03571428571429,82.03571428571429,12.679927459340988,12.679927459340988,222.4080753968254,222.4080753968254,41.61467002293546,41.61467002293546,0.0
90,99_3,99,0.0,0.0,0.0,0.0,0.0,0.0,0.0,0.0,0.0,0.0,0.0,0.0,0.0,0.0,0.5,0.5,0.0,0.0,0.0,0.0,0.0,0.0,0.0,0.0,0.0,0.0,0.0,0.0,14.0,14.0,0.0,0.0,0.0,0.0,0.0,0.0,0.0,0.0,15.0,15.0,0.0,0.0,0.0,0.0,0.5,0.5,0.0,0.0,-4.385555555555555,4.385555555555555,2.6057236974887266,2.6057236974887266,70.2988888888889,70.2988888888889,27.55835909797316,27.55835909797316,78.42,78.42,15.845110181588092,15.845110181588092,219.9105555555556,219.9105555555556,39.10089222561943,39.10089222561943,0.0
91,99_3,99,0.8105,0.8105,0.5,0.5,0.0,0.0,0.0,0.0,0.0,0.0,0.0,0.0,2.0,2.0,0.5,0.5,0.5,0.5,1.0,1.0,0.0,0.0,1.0,1.0,0.0,0.0,0.5,0.5,12.5,12.5,0.5,0.5,0.5,0.5,0.0,0.0,0.0,0.0,14.5,14.5,0.0,0.0,0.0,0.0,0.0,0.0,0.5,0.5,-4.151666666666667,4.151666666666667,4.106549308388032,4.106549308388032,68.52222222222221,68.52222222222221,36.96710157377005,36.96710157377005,84.36333333333332,84.36333333333332,8.96130224704886,8.96130224704886,275.3698611111111,275.3698611111111,57.44024419837257,57.44024419837257,14.0
92,99_3,99,1.1095000000000002,0.2995,1.0,0.0,0.0,0.0,0.0,0.0,0.0,0.0,0.0,0.0,0.0,0.0,0.0,0.0,0.0,0.0,0.0,0.0,0.0,0.0,2.5,2.5,0.0,0.0,0.0,0.0,13.0,13.0,0.0,0.0,0.0,0.0,0.0,0.0,0.0,0.0,15.0,15.0,0.0,0.0,0.0,0.0,0.0,0.0,0.5,0.5,-3.634087301587301,3.634087301587301,1.731184169414928,1.731184169414928,68.57851190476191,68.57851190476191,18.29280905060188,18.29280905060188,78.47488095238096,78.47488095238096,13.763624986372417,13.763624986372417,254.5534821428572,254.5534821428572,55.312524119182754,55.312524119182754,14.0
93,99_3,99,1.2745,1.2745,0.5,0.5,0.0,0.0,0.0,0.0,0.0,0.0,0.0,0.0,0.0,0.0,0.0,0.0,0.0,0.0,0.0,0.0,0.0,0.0,0.0,0.0,0.0,0.0,0.0,0.0,10.0,10.0,0.0,0.0,0.0,0.0,0.0,0.0,2.0,2.0,15.0,15.0,0.0,0.0,0.0,0.0,0.0,0.0,0.0,0.0,-4.265634920634921,4.265634920634921,1.792208053345142,1.792208053345142,69.38642857142857,69.38642857142857,20.0718369599192,20.0718369599192,81.01444444444445,81.01444444444445,17.15418463866132,17.15418463866132,242.09644841269844,242.09644841269844,48.32192278308223,48.32192278308223,14.0
94,99_3,99,0.0,0.0,0.0,0.0,1.5,1.5,0.0,0.0,2.0,2.0,0.0,0.0,0.5,0.5,0.0,0.0,0.0,0.0,0.0,0.0,0.0,0.0,0.0,0.0,0.0,0.0,0.0,0.0,10.0,10.0,0.5,0.5,0.5,0.5,0.0,0.0,7.0,7.0,15.0,15.0,0.0,0.0,0.0,0.0,4.5,4.5,0.0,0.0,-1.7833333333333334,1.7833333333333334,3.34335992013357,3.34335992013357,76.0,76.0,4.368089780823345,4.368089780823345,43.4125,43.4125,62.30799799851808,62.30799799851808,263.94166666666666,263.94166666666666,38.4995330509201,38.4995330509201,6.0
95,99_3,99,0.8475,0.8475,0.5,0.5,6.0,6.0,0.5,0.5,10.5,10.5,0.0,0.0,0.0,0.0,0.0,0.0,0.0,0.0,0.0,0.0,0.0,0.0,0.0,0.0,0.0,0.0,0.0,0.0,0.5,0.5,15.0,15.0,4.0,4.0,0.0,0.0,14.0,14.0,13.5,13.5,0.0,0.0,0.0,0.0,0.0,0.0,0.0,0.0,2.654166666666667,2.654166666666667,0.412920660929218,0.412920660929218,79.02916666666667,79.02916666666667,0.7272116648923858,0.7272116648923858,87.525,87.525,0.3119161212035484,0.3119161212035484,276.61041666666665,276.61041666666665,5.64050371137681,5.64050371137681,6.0
96,99_3,99,1.813,0.768,1.0,0.0,3.0,3.0,0.5,0.5,3.0,3.0,0.0,0.0,0.5,0.5,0.0,0.0,0.0,0.0,0.0,0.0,0.0,0.0,0.0,0.0,0.0,0.0,0.0,0.0,1.0,1.0,11.5,11.5,1.0,1.0,0.0,0.0,6.0,6.0,11.0,11.0,0.0,0.0,0.0,0.0,0.0,0.0,0.0,0.0,1.7125,1.7125,1.6330410027512068,1.6330410027512068,79.0,79.0,1.1565033506220377,1.1565033506220377,87.20833333333333,87.20833333333333,0.3809709816887487,0.3809709816887487,284.5520833333333,284.5520833333333,11.194098186159923,11.194098186159923,0.0
97,99_3,99,1.962,1.962,0.5,0.5,0.0,0.0,0.0,0.0,0.5,0.5,0.0,0.0,5.0,5.0,0.5,0.5,0.0,0.0,0.0,0.0,0.0,0.0,0.0,0.0,0.0,0.0,0.0,0.0,11.5,11.5,0.0,0.0,2.0,2.0,0.0,0.0,1.5,1.5,15.0,15.0,0.0,0.0,0.0,0.0,0.0,0.0,0.0,0.0,-3.55,3.55,3.3812596272198125,3.3812596272198125,82.7,82.7,1.1905005949879517,1.1905005949879517,81.54166666666667,81.54166666666667,25.91067052822489,25.91067052822489,262.26666666666665,262.26666666666665,13.96254227587353,13.96254227587353,4.5
98,99_3,99,3.2110000000000003,2.048,1.0,0.0,0.0,0.0,0.0,0.0,7.5,7.5,0.5,0.5,0.0,0.0,0.0,0.0,1.0,1.0,1.0,1.0,0.0,0.0,2.5,2.5,0.0,0.0,1.0,1.0,4.0,4.0,12.5,12.5,2.0,2.0,0.0,0.0,3.0,3.0,6.0,6.0,2.5,2.5,1.5,1.5,0.5,0.5,0.0,0.0,1.0333333333333334,1.0333333333333334,1.6857037765343654,1.6857037765343654,69.86666666666666,69.86666666666666,14.991071416754115,14.991071416754115,83.14583333333333,83.14583333333333,8.469004967461577,8.469004967461577,318.55,318.55,73.1403160598403,73.1403160598403,13.0
99,99_3,99,0.0,0.0,0.0,0.0,0.0,0.0,0.0,0.0,2.0,2.0,0.5,0.5,0.0,0.0,0.0,0.0,0.0,0.0,0.0,0.0,0.0,0.0,1.0,1.0,0.0,0.0,0.0,0.0,5.5,5.5,8.0,8.0,1.0,1.0,0.0,0.0,5.0,5.0,9.5,9.5,1.0,1.0,0.0,0.0,0.5,0.5,1.0,1.0,1.3161904761904764,1.3161904761904764,3.070033837995912,3.070033837995912,62.25595238095239,62.25595238095239,37.632506261134544,37.632506261134544,68.2225,68.2225,44.2148873636848,44.2148873636848,312.8547023809524,312.8547023809524,46.67865059126192,46.67865059126192,13.0
100,99_3,99,1.493,0.5439999999999999,1.0,0.0,0.0,0.0,0.0,0.0,1.0,1.0,0.5,0.5,1.0,1.0,0.5,0.5,0.0,0.0,0.0,0.0,0.0,0.0,0.0,0.0,0.0,0.0,0.0,0.0,9.0,9.0,2.0,2.0,0.0,0.0,0.0,0.0,5.5,5.5,13.5,13.5,0.5,0.5,0.5,0.5,1.5,1.5,2.0,2.0,-0.3958333333333333,0.3958333333333333,3.29125788600988,3.29125788600988,57.458333333333336,57.458333333333336,47.39965643921436,47.39965643921436,1.5916666666666666,1.5916666666666666,83.1927664457006,83.1927664457006,296.3208333333333,296.3208333333333,54.908009560435616,54.908009560435616,11.0
101,99_3,99,3.067,3.067,0.5,0.5,6.5,0.5,0.5,0.5,0.0,0.0,0.0,0.0,0.0,0.0,0.0,0.0,0.0,0.0,0.0,0.0,0.0,0.0,2.0,2.0,0.0,0.0,0.0,0.0,14.5,14.5,0.0,0.0,0.0,0.0,0.0,0.0,2.5,2.5,14.5,14.5,0.5,0.5,0.0,0.0,0.0,0.0,3.0,3.0,-3.845833333333333,3.845833333333333,3.0667374312487565,3.0667374312487565,81.0,81.0,1.3141854257802943,1.3141854257802943,63.891666666666666,63.891666666666666,59.752159421694174,59.752159421694174,320.52916666666664,320.52916666666664,21.72933485073935,21.72933485073935,12.0
102,99_3,99,0.656,0.656,0.5,0.5,10.0,2.0,1.5,0.5,0.0,0.0,0.0,0.0,0.0,0.0,0.0,0.0,0.0,0.0,0.0,0.0,0.0,0.0,0.0,0.0,0.0,0.0,0.0,0.0,13.5,13.5,0.0,0.0,0.0,0.0,0.0,0.0,3.0,3.0,15.0,15.0,0.0,0.0,0.0,0.0,0.0,0.0,0.0,0.0,-2.4541666666666666,2.4541666666666666,1.992298539933768,1.992298539933768,81.20833333333333,81.20833333333333,0.7453559924999298,0.7453559924999298,87.75833333333334,87.75833333333334,0.2849220166213127,0.2849220166213127,303.0125,303.0125,18.09402813545581,18.09402813545581,4.0
103,99_3,99,0.0,0.0,0.0,0.0,2.5,2.5,2.5,1.5,3.0,3.0,1.5,1.5,0.0,0.0,0.0,0.0,0.0,0.0,0.0,0.0,0.0,0.0,1.0,1.0,0.0,0.0,0.0,0.0,7.5,7.5,3.5,3.5,3.5,3.5,0.0,0.0,1.0,1.0,12.5,12.5,0.5,0.5,0.5,0.5,0.0,0.0,0.0,0.0,-0.4188888888888888,0.4188888888888888,3.1034747053767946,3.1034747053767946,67.13444444444444,67.13444444444444,26.323793431367065,26.323793431367065,43.4275,43.4275,64.19114306441868,64.19114306441868,304.3545833333334,304.3545833333334,61.7687509893532,61.7687509893532,3.5
104,99_3,99,1.6545,0.8325000000000001,1.0,0.0,0.5,0.5,5.0,2.0,0.0,0.0,0.0,0.0,1.5,1.5,0.0,0.0,0.0,0.0,0.0,0.0,0.0,0.0,0.0,0.0,0.0,0.0,0.0,0.0,8.5,8.5,2.0,2.0,2.0,2.0,0.0,0.0,5.0,5.0,13.5,13.5,2.5,2.5,0.0,0.0,0.0,0.0,0.0,0.0,-0.8016666666666666,0.8016666666666666,3.078337845150997,3.078337845150997,79.49416666666666,79.49416666666666,2.6253863472301027,2.6253863472301027,23.816666666666663,23.816666666666663,82.59884692832513,82.59884692832513,327.53458333333333,327.53458333333333,37.605722453966,37.605722453966,12.0
105,99_3,99,0.688,0.688,0.5,0.5,1.5,1.5,0.0,0.0,0.0,0.0,0.0,0.0,0.0,0.0,0.0,0.0,0.0,0.0,0.0,0.0,0.0,0.0,0.0,0.0,0.0,0.0,0.0,0.0,14.0,14.0,0.0,0.0,0.0,0.0,0.0,0.0,2.5,2.5,15.0,15.0,0.5,0.5,0.0,0.0,0.0,0.0,0.0,0.0,-0.9530357142857144,0.9530357142857144,1.1763615279314448,1.1763615279314448,77.99563492063493,77.99563492063493,7.998028960072459,7.998028960072459,82.26113095238095,82.26113095238095,13.112245180235895,13.112245180235895,325.08725198412696,325.08725198412696,70.61415998866102,70.61415998866102,6.0
106,99_3,99,2.224,2.224,0.5,0.5,3.5,3.5,0.5,0.5,0.5,0.5,0.0,0.0,1.0,1.0,0.0,0.0,0.0,0.0,0.5,0.5,0.0,0.0,1.5,1.5,0.0,0.0,0.5,0.5,13.5,13.5,0.0,0.0,0.0,0.0,0.0,0.0,3.5,3.5,14.5,14.5,0.5,0.5,0.0,0.0,0.0,0.0,0.5,0.5,-0.7923809523809524,0.7923809523809524,4.217364768379558,4.217364768379558,44.40309523809524,44.40309523809524,59.17106232881223,59.17106232881223,58.56202380952381,58.56202380952381,38.77741099276941,38.77741099276941,288.99339285714285,288.99339285714285,65.34661202752416,65.34661202752416,1.5
107,99_3,99,1.6055,0.0165,1.0,0.0,9.5,9.5,0.5,0.5,0.0,0.0,0.0,0.0,0.0,0.0,0.0,0.0,0.0,0.0,0.0,0.0,0.0,0.0,0.0,0.0,0.0,0.0,0.0,0.0,15.0,15.0,0.0,0.0,0.0,0.0,0.0,0.0,0.0,0.0,15.0,15.0,0.0,0.0,0.0,0.0,0.0,0.0,0.0,0.0,-3.9125,3.9125,1.8045515370861536,1.8045515370861536,81.2125,81.2125,0.6141983257330919,0.6141983257330919,88.31666666666666,88.31666666666666,0.2059867849051379,0.2059867849051379,278.56458333333336,278.56458333333336,19.841011840832504,19.841011840832504,1.5
108,99_3,99,0.0,0.0,0.0,0.0,2.0,2.0,0.0,0.0,2.0,2.0,0.0,0.0,0.0,0.0,0.0,0.0,0.0,0.0,1.5,1.5,0.0,0.0,2.0,2.0,0.0,0.0,0.5,0.5,10.5,10.5,4.0,4.0,1.5,1.5,0.0,0.0,2.5,2.5,14.5,14.5,0.5,0.5,0.5,0.5,0.0,0.0,0.0,0.0,-0.6898611111111108,0.6898611111111108,3.3332575830513207,3.3332575830513207,75.01222222222222,75.01222222222222,12.609196743465938,12.609196743465938,78.16902777777777,78.16902777777777,20.68555553923609,20.68555553923609,296.11708333333337,296.11708333333337,64.75422369857857,64.75422369857857,14.0
109,99_3,99,1.4395,1.4395,0.5,0.5,0.0,0.0,0.0,0.0,1.0,1.0,0.0,0.0,0.5,0.5,0.0,0.0,0.0,0.0,0.5,0.5,0.0,0.0,1.0,1.0,0.0,0.0,0.0,0.0,12.0,12.0,5.0,5.0,3.5,3.5,0.0,0.0,7.0,7.0,15.0,15.0,0.0,0.0,0.0,0.0,0.5,0.5,1.0,1.0,-0.5179166666666666,0.5179166666666666,3.677396728854379,3.677396728854379,63.27833333333333,63.27833333333333,36.00538948855049,36.00538948855049,76.99624999999999,76.99624999999999,16.58126614523652,16.58126614523652,248.09958333333333,248.09958333333333,48.81179827529463,48.81179827529463,1.5
110,99_3,99,0.389,0.389,0.5,0.5,0.0,0.0,0.0,0.0,0.0,0.0,0.0,0.0,0.0,0.0,0.0,0.0,0.0,0.0,0.0,0.0,0.0,0.0,0.0,0.0,0.0,0.0,0.0,0.0,12.0,12.0,0.0,0.0,0.0,0.0,0.0,0.0,1.0,1.0,15.0,15.0,0.0,0.0,0.0,0.0,0.0,0.0,1.0,1.0,-3.2054761904761904,3.2054761904761904,2.910908664428601,2.910908664428601,73.89132936507937,73.89132936507937,12.460868484129168,12.460868484129168,80.64152777777778,80.64152777777778,10.7912051318795,10.7912051318795,252.55742063492065,252.55742063492065,58.69352545912448,58.69352545912448,0.0
111,99_3,99,0.0,0.0,0.0,0.0,0.0,0.0,0.0,0.0,1.0,1.0,0.0,0.0,0.0,0.0,0.0,0.0,0.0,0.0,0.0,0.0,0.0,0.0,0.0,0.0,0.0,0.0,0.0,0.0,13.0,13.0,1.0,1.0,1.0,1.0,0.0,0.0,2.5,2.5,14.5,14.5,0.0,0.0,0.0,0.0,0.0,0.0,2.5,2.5,-2.999722222222222,2.999722222222222,2.501004875205658,2.501004875205658,80.95,80.95,5.685756244693759,5.685756244693759,84.865,84.865,8.828307637409377,8.828307637409377,306.3793055555555,306.3793055555555,34.05685196944475,34.05685196944475,1.5
112,99_3,99,0.5065,0.5065,0.5,0.5,0.0,0.0,0.0,0.0,15.0,15.0,0.5,0.5,0.0,0.0,0.0,0.0,0.0,0.0,0.0,0.0,0.0,0.0,0.0,0.0,0.0,0.0,0.0,0.0,0.0,0.0,12.5,12.5,13.5,13.5,0.0,0.0,6.0,6.0,4.5,4.5,0.0,0.0,0.0,0.0,0.0,0.0,0.0,0.0,3.3969841269841274,3.3969841269841274,0.7676176403482053,0.7676176403482053,72.37126984126984,72.37126984126984,14.193776903642505,14.193776903642505,79.03482142857143,79.03482142857143,15.47672368186319,15.47672368186319,292.5389384920635,292.5389384920635,60.22412832553811,60.22412832553811,0.0
113,99_3,99,1.2535,1.2535,0.5,0.5,0.0,0.0,0.0,0.0,5.5,5.5,0.0,0.0,0.0,0.0,0.0,0.0,0.0,0.0,0.0,0.0,0.0,0.0,0.0,0.0,0.0,0.0,0.0,0.0,0.0,0.0,7.5,7.5,6.0,6.0,0.0,0.0,2.0,2.0,3.5,3.5,2.0,2.0,0.0,0.0,0.0,0.0,0.0,0.0,2.408333333333333,2.408333333333333,1.0742891706715758,1.0742891706715758,67.3875,67.3875,33.52959435956043,33.52959435956043,83.33333333333333,83.33333333333333,17.30631909319702,17.30631909319702,385.92291666666665,385.92291666666665,48.26688684234139,48.26688684234139,14.0
1,99_4,99,2.7562,2.96196829152508,1.0,0.8944271909999159,2.4,3.2,0.0,0.0,7.0,7.54983443527075,2.5,2.598076211353316,2.25,3.897114317029974,0.0,0.0,4.25,3.832427429188973,7.0,5.1478150704935,0.25,0.4330127018922193,8.0,5.244044240850758,0.0,0.0,6.75,5.402545696243577,10.75,10.568230693924123,6.5,8.170067319184096,4.0,6.928203230275509,0.0,0.0,5.0,3.24037034920393,12.5,8.0156097709407,6.0,3.9370039370059056,2.75,3.112474899497183,0.5,0.8660254037844386,0.75,1.299038105676658,5.225744047619048,7.958824104420595,7.682083950447872,5.187087199088967,50.84985119047619,44.22295576433904,79.7265203907298,54.80625404848577,50.05595238095238,41.57035013158247,81.18019397091976,49.39757633472723,806.2770089285714,486.3021937316125,324.6925534981864,202.7381159442644,14.0
2,99_4,99,2.2696,2.7980896769045844,1.0,0.8944271909999159,5.2,10.4,1.2,2.4000000000000004,3.75,4.14578098794425,2.0,2.9154759474226504,2.25,3.344772040064913,0.5,0.8660254037844386,0.5,0.5,3.75,3.766629793329841,1.5,2.0615528128088303,2.25,2.48746859276655,0.0,0.0,0.5,0.5,7.75,10.256095748383007,9.5,9.604686356149273,6.0,6.96419413859206,0.0,0.0,3.0,3.3166247903554,14.75,10.473180032826706,1.5,1.118033988749895,0.0,0.0,0.5,0.8660254037844386,0.5,0.5,2.993273809523809,9.930263328458818,8.492087888483654,6.592274031495141,26.05859126984128,45.91954721758314,83.04629950892408,49.15824014317604,34.527678571428574,51.34666036319019,78.67753111769792,51.36892679800152,647.4051785714286,423.710387652942,285.6681757722193,206.21500141055964,13.0
3,99_4,99,1.2908000000000002,1.8234678390363788,0.6,0.4898979485566356,4.2,8.399999999999999,1.0,2.0,7.75,10.256095748383007,1.25,2.165063509461097,1.5,2.598076211353316,2.25,1.920286436967152,0.5,0.5,1.0,1.7320508075688772,0.0,0.0,1.0,1.0,0.0,0.0,0.75,0.82915619758885,5.0,8.660254037844387,9.25,9.20258115965298,0.75,0.82915619758885,0.0,0.0,1.0,1.7320508075688772,13.0,10.8397416943394,1.25,1.6393596310755,0.0,0.0,0.0,0.0,0.5,0.8660254037844386,0.4277777777777778,4.351693210268423,7.05452575978669,5.15988701924951,18.032638888888894,34.02311767267929,66.6206942446036,39.28767440720966,29.330555555555552,24.858872493873623,77.51194788024085,49.44396273806261,619.5041666666667,475.4990049480622,314.13612452619174,222.55083160714267,12.0
4,99_4,99,2.2658,1.8415079038657425,1.0,0.6324555320336759,2.8,3.429285639896449,0.2,0.4000000000000001,6.5,10.136567466356649,2.5,3.774917217635375,0.25,0.4330127018922193,1.0,1.7320508075688772,1.25,1.299038105676658,1.75,1.7853571071357126,0.0,0.0,2.5,2.598076211353316,0.0,0.0,1.5,1.5,8.75,11.776565713313875,4.75,5.356071321407137,1.25,1.299038105676658,0.0,0.0,4.75,5.356071321407137,14.75,9.67923034130297,3.25,4.085033659592048,0.75,1.299038105676658,2.25,3.897114317029974,1.25,2.165063509461097,1.786527777777778,6.932668441843807,6.366370636949112,3.762268120416957,59.01625,50.77917973595709,57.08009356368373,34.67064964225576,69.35916666666667,63.65978301513406,47.67579910018297,38.49421875070195,553.0889583333334,387.2340460712912,251.8365343561798,153.02306094836322,12.25
5,99_4,99,2.434,2.07426719590317,1.0,0.8944271909999159,4.0,8.0,0.2,0.4000000000000001,5.25,6.977642868476432,1.25,1.299038105676658,1.5,1.6583123951777,0.75,0.82915619758885,0.25,0.4330127018922193,0.75,0.82915619758885,0.5,0.8660254037844386,1.0,1.224744871391589,0.0,0.0,0.5,0.5,8.25,11.583932838203095,8.25,8.525696452489967,4.75,6.609652033201143,0.0,0.0,2.25,2.7726341266023544,16.0,10.36822067666386,2.25,2.48746859276655,0.5,0.8660254037844386,0.5,0.8660254037844386,0.5,0.8660254037844386,4.26138888888889,5.771869261211529,5.341189043936108,3.498941338747854,50.83916666666667,52.220203871309344,73.85118968134884,43.46095342864918,41.936388888888885,57.81056396357881,77.13130251235785,52.868525575360735,463.4897222222222,270.3904609719183,161.7891580895017,106.21892313474432,13.5
6,99_4,99,1.916,2.399213204365131,0.4,0.4898979485566356,0.8,1.1661903789690602,0.0,0.0,4.75,4.763139720814412,1.5,1.6583123951777,0.75,1.299038105676658,0.0,0.0,0.0,0.0,0.0,0.0,0.0,0.0,1.0,1.224744871391589,0.0,0.0,0.0,0.0,8.5,12.459935794377111,4.25,5.7608593109014565,7.0,9.0,0.0,0.0,4.75,3.960744879438715,17.75,11.562331079847178,1.0,1.224744871391589,0.75,1.299038105676658,5.25,9.093266739736606,0.0,0.0,5.655833333333334,4.959334422749354,3.805406111663381,2.5727778206063334,26.094722222222224,43.27217832393174,96.00941427339188,56.92704789999749,33.13666666666666,35.98873172412597,95.0052660982136,56.19347240903879,506.6355555555554,303.90112422612515,113.9497330296255,87.10684939883647,13.5
7,99_4,99,0.9216,0.9286397794624136,0.8,0.7483314773547883,7.4,6.916646586316233,1.8,2.712931993250108,4.75,7.660776723022281,1.25,1.6393596310755,1.0,1.7320508075688772,0.0,0.0,0.25,0.4330127018922193,0.25,0.4330127018922193,0.0,0.0,1.5,1.6583123951777,0.0,0.0,0.25,0.4330127018922193,11.0,11.76860229593982,0.5,0.8660254037844386,3.5,4.092676385936225,0.0,0.0,14.0,10.173494974687902,22.0,12.727922061357855,1.0,1.7320508075688772,0.0,0.0,1.75,1.7853571071357126,0.25,0.4330127018922193,5.005833333333333,7.847649019858679,2.555613355844541,2.54963289032539,95.12666666666668,58.55424284845254,51.67709476463861,45.17868110831214,115.69958333333334,68.87089018162696,36.28187860391412,36.89606346961924,647.6616666666666,390.6236065979592,91.45759092477228,55.07564342515978,13.5
8,99_4,99,3.3298,2.432990127394684,1.4,0.8,3.2,3.3105890714493698,0.8,1.1661903789690604,5.0,8.093207028119323,2.5,4.330127018922194,4.5,7.794228634059948,0.0,0.0,0.5,0.8660254037844386,2.75,2.277608394786075,0.75,1.299038105676658,2.25,2.48746859276655,0.0,0.0,1.25,2.165063509461097,14.0,11.0227038425243,7.5,9.836157786453,7.75,9.065732182234372,0.0,0.0,9.5,9.096702699330129,20.25,11.840080236214618,1.0,1.224744871391589,0.5,0.8660254037844386,3.25,4.548351349665063,0.25,0.4330127018922193,8.99375,7.336370997279393,6.098390171380983,5.080115288591549,43.18541666666667,54.79328716710094,82.9405184746227,52.927465394419166,67.71666666666667,57.2133601214689,63.02993820417238,41.24628663057494,562.6760416666667,337.3119568013738,165.01558486191604,136.336970153481,13.75
9,99_4,99,4.07,2.472030501429948,1.0,0.6324555320336759,5.8,10.628264204469138,2.0,4.0,9.75,11.098986440211556,3.0,4.123105625617661,1.5,2.598076211353316,0.0,0.0,0.5,0.8660254037844386,1.0,1.224744871391589,0.0,0.0,2.5,4.330127018922194,0.0,0.0,0.75,1.299038105676658,15.25,10.894379284750462,6.75,6.759252917297888,5.75,8.317902379807062,0.0,0.0,4.0,3.9370039370059056,18.75,12.152674602736631,2.5,3.774917217635375,1.25,1.6393596310755,1.25,1.6393596310755,0.0,0.0,6.731805555555556,9.010774546521557,3.828556893364372,2.4400566743722774,66.69388888888889,44.32578014708989,80.71724319111385,50.549848929357886,40.24986111111112,61.23096448014666,90.10695339709002,65.10926678420473,673.0210416666666,427.45367381601807,121.84769173379637,113.5432297440417,11.25
10,99_4,99,1.7832,2.2030907743440804,0.4,0.4898979485566356,5.0,5.796550698475776,0.4,0.8000000000000002,4.75,7.660776723022281,2.25,2.8613807855648994,3.25,2.8613807855648994,0.25,0.4330127018922193,1.25,1.299038105676658,1.25,1.299038105676658,0.0,0.0,1.75,1.7853571071357126,0.0,0.0,1.25,1.299038105676658,12.0,11.04536101718726,3.75,4.493050188902857,4.0,6.363961030678928,0.0,0.0,6.75,7.562241731127087,18.5,11.280514172678478,2.0,2.9154759474226504,1.5,2.598076211353316,1.75,3.031088913245535,0.0,0.0,5.499305555555556,7.600341218125964,4.466070802524489,2.9827015051689347,26.54402777777777,64.38369582089761,80.25461012656385,56.03591231196162,92.72180555555556,57.05643346773324,50.797930938911946,29.68650811564444,668.124375,507.2111593059007,281.5866294481024,277.1201655092167,4.75
11,99_4,99,1.3826,0.8520046009265444,1.0,0.6324555320336759,1.4,2.8,0.6,1.2000000000000002,7.25,10.894379284750462,4.25,7.361215932167728,0.5,0.8660254037844386,1.25,1.6393596310755,3.75,2.8613807855648994,5.0,4.06201920231798,0.0,0.0,5.0,3.391164991562634,0.0,0.0,3.75,2.48746859276655,11.5,6.652067347825035,10.0,6.745368781616021,6.5,6.103277807866851,0.0,0.0,1.5,2.598076211353316,14.5,8.558621384311845,3.0,3.082207001484488,0.75,1.299038105676658,0.25,0.4330127018922193,0.25,0.4330127018922193,5.539583333333334,3.33539714755896,6.383295832691234,5.4484812110157055,35.84722222222222,73.98451250280546,65.73250154096633,38.99660454861655,14.711805555555554,21.115622541986493,101.82723012691372,59.50136713704542,469.90138888888896,296.3029076886445,258.91753742176365,167.7303862912013,4.5
12,99_4,99,5.535,7.000335020554374,1.2,1.469693845669907,2.4,3.49857113690718,4.6,6.053098380168622,7.5,8.0156097709407,3.75,4.9180788932265,1.25,1.6393596310755,0.0,0.0,1.0,1.0,4.5,4.9749371855331,2.25,3.344772040064913,2.5,2.8722813232690143,0.0,0.0,1.0,1.0,14.25,9.908960591303208,10.5,11.926860441876563,9.75,5.931905258852336,0.0,0.0,4.5,7.794228634059948,16.5,10.735455276791944,0.75,0.82915619758885,0.5,0.8660254037844386,2.5,3.278719262151,1.25,2.165063509461097,4.40515873015873,3.6950308235826665,7.859494137217646,5.267233820332241,20.227380952380955,44.14847274793384,94.72319350994002,55.12805004542911,60.92688492063492,44.64747654440412,82.60951105454166,52.2693127062032,607.6228174603175,379.2768787002296,188.8803511749005,156.12121988298728,13.5
13,99_4,99,0.6186,0.8186788381288478,0.4,0.4898979485566356,2.8,4.66476151587624,2.6,5.2,4.5,6.18465843842649,1.25,2.165063509461097,0.25,0.4330127018922193,1.0,1.224744871391589,0.25,0.4330127018922193,5.25,5.80409338312195,3.0,3.3166247903554,5.25,4.968651728587948,0.0,0.0,1.0,1.0,8.5,4.9749371855331,9.75,10.256095748383007,3.75,4.815340071064556,0.0,0.0,2.0,1.224744871391589,19.25,11.431863365173676,2.25,2.48746859276655,0.75,1.299038105676658,1.0,1.7320508075688772,2.25,2.48746859276655,2.985079365079365,5.479630409403389,6.702933638383543,5.752504045949069,30.774841269841268,60.96163449824224,71.91830975783421,46.9827437799255,29.38196428571428,27.005827609405085,89.66733986477944,51.83950280543739,572.331994047619,412.9522522691825,188.9887594248023,115.4347344576814,10.75
14,99_4,99,4.0638000000000005,2.391276429022793,1.0,0.6324555320336759,1.4,2.8,0.6,0.7999999999999999,6.25,8.1967981553775,0.75,1.299038105676658,0.5,0.8660254037844386,1.75,2.48746859276655,2.5,2.5,2.5,2.0615528128088303,0.75,0.82915619758885,4.5,3.2015621187164243,0.0,0.0,4.0,4.242640687119285,10.0,8.276472678623424,11.0,8.276472678623424,6.25,6.417748826496718,0.0,0.0,3.25,3.418698582794336,14.75,9.148087231765992,2.5,1.8027756377319943,0.5,0.5,2.0,2.9154759474226504,1.75,2.48746859276655,7.375555555555556,8.00521927545699,6.386371662280519,3.760780026111685,6.167083333333334,21.955420122217102,96.12853404670275,56.04099048864657,26.19,61.27906556393373,87.70277869061758,53.20942554556477,613.23,360.3743797355629,249.72329099879065,149.70713661882778,14.0
15,99_4,99,0.7745999999999998,0.7656217342787494,0.6,0.4898979485566356,11.0,20.05991026899173,0.4,0.4898979485566356,4.5,5.315072906367325,1.25,1.6393596310755,1.5,2.0615528128088303,1.5,2.598076211353316,0.75,0.82915619758885,1.25,0.82915619758885,0.5,0.8660254037844386,2.0,1.8708286933869709,0.0,0.0,0.75,0.82915619758885,11.0,11.874342087037917,7.5,8.2915619758885,6.75,8.584142356694699,0.0,0.0,4.25,3.832427429188973,17.5,10.988630487917955,1.5,1.5,0.5,0.8660254037844386,0.0,0.0,0.75,1.299038105676658,6.532916666666667,8.804915402379262,4.615165886131514,2.7105388628133054,23.81083333333333,46.937652625879984,80.36632269755007,47.9060329327218,19.456666666666667,74.69796861547024,73.24768257450386,52.04072303887762,547.049375,337.1009624733774,129.8450422895835,96.6080389019976,10.5
16,99_4,99,0.877,0.8406316672598053,0.8,0.7483314773547883,4.2,8.399999999999999,0.6,1.2000000000000002,4.75,5.717298313014636,1.75,3.031088913245535,2.5,4.330127018922194,0.0,0.0,0.75,1.299038105676658,5.25,4.656984002549289,2.75,3.6996621467371855,5.25,5.539629951540085,0.0,0.0,1.5,1.5,7.75,11.71270677512248,12.25,11.840080236214618,4.75,4.493050188902857,0.0,0.0,1.0,1.0,15.25,9.934158243152764,2.0,2.1213203435596424,0.5,0.8660254037844386,0.0,0.0,1.75,1.7853571071357126,8.293750000000001,8.515760256316259,8.48470384636627,5.144538495715809,-25.98763888888889,37.28955754510533,78.3318320770579,46.648128585229145,12.46375,54.50042237826897,76.96024763724472,51.83198410224213,640.2324305555555,393.3940402417144,247.5906050091128,181.4112056707501,3.75
17,99_4,99,1.0432,1.5595376750819456,0.6,0.7999999999999999,0.0,0.0,0.0,0.0,3.0,4.123105625617661,1.25,2.165063509461097,1.75,2.48746859276655,0.5,0.8660254037844386,4.5,3.640054944640259,7.75,5.717298313014636,0.0,0.0,12.0,9.192388155425116,0.0,0.0,6.5,4.716990566028302,15.25,11.562331079847178,6.0,4.06201920231798,5.5,4.8218253804964775,0.0,0.0,3.75,2.48746859276655,12.75,9.730750228014282,7.0,6.708203932499369,2.25,1.479019945774904,0.0,0.0,1.25,1.6393596310755,4.83611111111111,8.326960757861356,6.086154692426224,3.606427250129349,12.59652777777778,96.82567663868582,57.31134822014439,36.78161306984239,-20.48125,64.53459622747364,85.38618049998317,50.44018517331928,771.2420138888889,486.3442760117461,330.95581386108785,260.43766342620387,13.5
18,99_4,99,2.6436,1.867499354752232,1.4,1.019803902718557,0.6,1.2000000000000002,0.2,0.4000000000000001,5.75,5.84700778176325,3.25,5.068283733178324,0.75,1.299038105676658,0.5,0.8660254037844386,2.25,2.8613807855648994,4.0,5.244044240850758,0.0,0.0,5.75,7.693341276714559,0.0,0.0,3.0,4.123105625617661,8.5,6.98212002188447,5.75,8.842369591913696,6.5,6.652067347825035,0.0,0.0,1.25,1.299038105676658,13.75,11.366067921669304,3.25,3.418698582794336,1.25,1.299038105676658,0.0,0.0,1.0,1.224744871391589,5.570671296296297,7.876087856082547,6.274992089277201,4.082719575057253,20.969232804232803,89.20649923866222,63.94063596192174,39.52776074582586,26.79637896825397,46.04666784570579,87.6516281782223,53.33969686403785,705.5264434523809,510.36045181526754,228.54679134842723,167.35813561256683,6.25
19,99_4,99,0.1536,0.3072,0.2,0.4000000000000001,3.4,6.8,0.4,0.8000000000000002,1.25,2.165063509461097,0.5,0.8660254037844386,4.0,3.5355339059327378,0.0,0.0,1.5,2.0615528128088303,2.0,1.4142135623730951,1.0,1.0,2.0,1.5811388300841898,0.0,0.0,2.5,3.278719262151,16.0,11.224972160321824,1.5,1.5,2.5,4.330127018922194,0.0,0.0,4.75,3.6996621467371855,20.0,11.916375287812984,1.5,1.6583123951777,1.0,1.224744871391589,1.25,1.6393596310755,0.5,0.8660254037844386,4.318333333333333,4.1532953783712525,6.228683463054003,4.310975764174489,64.31375,64.36833847275426,62.48339410986544,63.06825042131483,60.92083333333333,41.87001317735907,86.89045223245795,53.13056439883677,492.2554166666667,307.53536527296563,276.15537041051743,231.730281482438,4.25
20,99_4,99,3.085,2.572011275247448,1.4,1.019803902718557,3.4,6.8,2.0,4.0,2.75,4.205650960315181,0.0,0.0,1.5,2.0615528128088303,0.0,0.0,1.0,1.0,1.25,1.0897247358851685,0.0,0.0,1.5,2.0615528128088303,0.0,0.0,1.25,1.299038105676658,10.25,10.871407452579447,7.0,7.314369419163897,4.0,6.928203230275509,0.0,0.0,3.75,3.561951712193752,15.5,11.191514642799696,1.75,1.920286436967152,0.5,0.5,0.75,0.82915619758885,0.75,1.299038105676658,3.322430555555556,10.354596185619474,9.704336348762336,6.763873884308977,32.590625,51.41069204676621,77.65598679260056,51.31153988975312,37.18069444444444,47.39412807331173,85.30016750692837,51.848369391450575,674.3211111111111,571.8166776095961,271.297952175531,224.3380274934705,13.25
21,99_4,99,2.7342,3.682024247611632,0.6,0.7999999999999999,0.8,1.6000000000000003,1.4,2.8,1.5,1.6583123951777,0.0,0.0,1.75,3.031088913245535,0.25,0.4330127018922193,0.0,0.0,0.5,0.8660254037844386,0.0,0.0,1.25,2.165063509461097,0.0,0.0,0.25,0.4330127018922193,10.5,11.324751652906125,2.25,2.277608394786075,7.25,7.917543811056558,0.0,0.0,6.75,7.189401922274203,20.5,12.134661099511597,2.0,2.0,0.5,0.8660254037844386,1.0,1.224744871391589,1.25,2.165063509461097,4.972916666666666,6.78566036815463,5.076016543872276,3.3666734433432555,34.76041666666667,63.82887505509251,87.8268713249521,54.67230182153256,54.44166666666666,42.87004304030704,87.32937989402203,58.53668719361696,901.596875,725.4283390991737,182.7474090641147,159.84496820261006,13.5
22,99_4,99,2.2482,1.955153845609087,1.0,0.8944271909999159,3.4,6.8,0.6,1.2,5.5,5.545268253204709,1.25,1.299038105676658,5.5,6.946221994724902,0.0,0.0,0.25,0.4330127018922193,0.5,0.8660254037844386,0.25,0.4330127018922193,0.5,0.8660254037844386,0.0,0.0,0.25,0.4330127018922193,11.75,12.295832627357935,4.5,4.9749371855331,6.75,11.691342951089922,0.0,0.0,6.5,5.678908345800274,19.75,11.669940016983809,0.75,0.82915619758885,0.5,0.8660254037844386,1.5,1.6583123951777,0.5,0.8660254037844386,8.36875,8.525424343870254,7.359661149777094,5.929831795386174,0.241666666666668,64.66129112107525,81.61849037430598,48.4091267923426,56.36666666666667,47.46546734498437,77.84841150744356,47.20659381250507,709.4114583333333,530.2919174897835,217.87960965662813,245.1458058317179,9.75
23,99_4,99,1.4289999999999998,1.750995602507328,0.4,0.4898979485566356,4.4,8.8,2.2,3.487119154832538,5.0,7.035623639735144,1.0,1.7320508075688772,1.25,2.165063509461097,0.0,0.0,0.75,0.82915619758885,3.25,5.068283733178324,2.25,3.897114317029974,2.75,4.205650960315181,0.0,0.0,0.75,0.82915619758885,6.5,8.616843969807043,7.0,8.860022573334675,4.5,6.689544080129826,0.0,0.0,3.5,3.3541019662496847,19.0,11.20267825120404,0.75,0.82915619758885,0.0,0.0,0.25,0.4330127018922193,1.5,2.0615528128088303,8.400694444444445,11.37430712429862,5.557475327729998,4.265243451528665,14.935416666666663,71.46110839485232,79.6148002360571,46.0830356007314,28.77013888888889,45.21675908745214,103.2589174506436,60.93160758551444,659.338888888889,402.9779439966919,210.8112322959541,154.220392398082,5.5
24,99_4,99,1.5274,1.990720231474025,0.6,0.7999999999999999,3.8,6.209669878504008,0.0,0.0,3.0,3.3166247903554,1.0,1.224744871391589,2.75,2.7726341266023544,1.75,3.031088913245535,2.0,2.449489742783178,2.5,3.278719262151,1.0,1.7320508075688772,3.0,4.123105625617661,0.0,0.0,2.5,3.278719262151,12.25,12.275483697190918,4.5,6.689544080129826,7.5,8.381527307120106,0.0,0.0,7.75,6.179603547154137,18.0,10.88577052853862,0.75,0.82915619758885,0.0,0.0,1.25,1.6393596310755,2.0,2.9154759474226504,8.425694444444446,9.372276224692934,6.414332752995704,4.1164012596879,6.282569444444441,96.057941355359,60.974303585921646,36.61246759617757,50.86243055555556,54.2550043651658,78.23579763280497,53.58353995075933,448.9317013888889,332.9330146577781,188.118912982324,117.12703861659618,5.25
25,99_4,99,1.613,0.9920649172307224,1.0,0.6324555320336759,3.4,5.851495535331117,0.6,1.2,2.75,4.205650960315181,2.0,2.9154759474226504,2.25,3.897114317029974,1.75,2.0463381929681126,2.5,2.8722813232690143,3.0,3.6742346141747673,0.75,1.299038105676658,4.0,4.527692569068709,0.0,0.0,3.5,4.092676385936225,11.0,10.074720839804945,4.0,4.898979485566356,6.5,8.616843969807043,0.0,0.0,5.0,3.082207001484488,19.5,12.05197079319395,0.75,0.82915619758885,0.0,0.0,0.0,0.0,0.5,0.8660254037844386,7.577083333333332,7.861901308684814,6.718014965927329,6.0154512207978765,7.7979166666666675,84.30204302070786,80.52792574797309,48.08315566554168,33.41041666666666,53.71665709192954,98.18456012381276,57.94743652501958,603.2125,364.7847034600988,121.1392445381166,92.96428420417968,13.25
26,99_4,99,0.0,0.0,0.0,0.0,6.4,12.800000000000002,0.6,1.2000000000000002,4.0,4.898979485566356,0.25,0.4330127018922193,0.5,0.8660254037844386,1.25,2.165063509461097,2.0,1.5811388300841898,2.5,1.5,0.25,0.4330127018922193,3.75,3.766629793329841,0.0,0.0,2.5,2.8722813232690143,13.25,10.231690964840562,7.5,10.307764064044152,9.0,9.246621004453464,0.0,0.0,6.25,7.013380069552769,17.5,10.897247358851684,3.25,5.068283733178324,0.5,0.8660254037844386,2.75,2.947456530637899,1.75,3.031088913245535,8.064583333333333,8.684071815606497,5.572284572107476,3.692133462994548,-15.620833333333334,88.09204594642911,78.80386486853925,51.161698454268006,-1.5645833333333383,84.06357762113909,86.3835936707845,52.276294932616544,531.0552083333333,310.2480958170676,102.51040466397954,92.71106262294576,13.25
27,99_4,99,1.6942,2.2322704495647474,0.4,0.4898979485566356,0.2,0.4000000000000001,0.0,0.0,6.25,6.722164829874376,0.75,0.82915619758885,1.25,2.165063509461097,1.5,0.8660254037844386,3.75,2.8613807855648994,5.75,4.02336923485777,1.5,2.598076211353316,8.0,5.0990195135927845,0.0,0.0,5.5,4.55521678957215,10.5,7.826237921249264,9.0,10.41633332799983,6.0,7.648529270389178,0.0,0.0,1.0,1.7320508075688772,13.0,8.803408430829505,6.5,4.609772228646444,1.5,1.5,1.75,1.479019945774904,0.25,0.4330127018922193,11.695833333333333,8.846147348799175,6.582877069190596,4.917881238990375,-28.64375,24.46416694698028,92.7119254374357,53.98485458019198,12.45,32.06170049902046,100.48603665267504,58.14420155052749,606.2604166666666,367.9215133398679,217.23549748385784,151.70347860591477,14.0
28,99_4,99,2.0152,1.2622344314745977,1.4,0.8,2.6,3.878143885933064,1.2,1.939071942966532,3.0,4.636809247747852,0.5,0.8660254037844386,2.25,2.8613807855648994,0.25,0.4330127018922193,0.75,1.299038105676658,2.0,2.9154759474226504,0.0,0.0,2.25,2.8613807855648994,0.0,0.0,0.75,1.299038105676658,8.25,8.525696452489967,4.0,6.363961030678928,6.0,10.392304845413264,0.0,0.0,7.25,4.205650960315181,20.25,12.090802289343747,1.25,1.6393596310755,0.5,0.8660254037844386,0.25,0.4330127018922193,0.5,0.8660254037844386,9.554166666666667,8.25037351848051,4.387934496017607,3.62765079674204,9.55,47.12077898867972,94.00810575117174,54.87327741177708,20.48125,44.33373918008157,88.67251465945729,56.70572509501722,430.66076388888894,278.348111831777,80.47131286839013,70.54092985282225,10.0
29,99_4,99,2.7374,4.114574466454582,0.4,0.4898979485566356,3.8,4.749736834815167,0.2,0.4,1.25,2.165063509461097,0.0,0.0,2.25,3.897114317029974,0.0,0.0,2.5,4.330127018922194,1.75,3.031088913245535,0.0,0.0,4.25,6.2599920127744575,0.0,0.0,1.75,3.031088913245535,13.75,11.96609794377432,4.75,8.227241335952167,9.25,10.034316120194738,0.0,0.0,7.25,6.179603547154137,19.5,12.05197079319395,0.5,0.5,0.25,0.4330127018922193,2.5,4.330127018922194,0.75,1.299038105676658,9.841666666666669,10.598252279922802,4.427231747523511,2.884862484369042,34.94583333333333,40.696044076448295,93.79930815356308,54.84594996362915,44.204166666666666,51.58606633174634,94.41912440498264,59.63997385410753,566.4802083333333,356.108973016656,94.9370330950406,57.83538934019552,11.25
30,99_4,99,2.4044,2.3401280819647456,1.2,0.7483314773547883,1.0,2.0,0.0,0.0,1.0,1.7320508075688772,0.5,0.8660254037844386,1.75,3.031088913245535,2.0,3.4641016151377544,0.0,0.0,1.0,1.7320508075688772,0.75,1.299038105676658,2.0,2.0,0.0,0.0,0.25,0.4330127018922193,8.25,4.9180788932265,3.0,3.6742346141747673,2.5,3.774917217635375,0.0,0.0,6.75,5.539629951540085,19.0,11.357816691600547,0.25,0.4330127018922193,0.0,0.0,1.75,3.031088913245535,3.5,4.924428900898052,2.9472222222222224,3.2260675092245163,4.394380207183557,4.448530819578312,53.06944444444444,54.30566535226184,75.43268916149415,47.74927997810156,66.90833333333333,41.15405592945177,80.20208947931887,51.59217013343456,440.640625,293.2099670501683,157.74444866634497,132.3527736222208,12.75
31,99_4,99,0.525,0.7671182438190346,0.6,0.7999999999999999,0.0,0.0,0.0,0.0,1.75,2.48746859276655,0.25,0.4330127018922193,3.0,4.123105625617661,2.0,3.4641016151377544,1.25,1.299038105676658,4.0,4.06201920231798,0.25,0.4330127018922193,4.75,4.322904116447646,0.0,0.0,1.25,1.299038105676658,5.75,6.5717197140474575,6.75,8.166241485530538,3.75,4.493050188902857,0.0,0.0,1.5,1.6583123951777,16.75,11.211043662389333,1.75,1.479019945774904,0.25,0.4330127018922193,0.25,0.4330127018922193,0.0,0.0,4.779166666666667,3.7753472062550455,5.373761707692751,4.025031621413619,2.583333333333332,39.97548206922171,82.35303949357117,53.10692382724243,-7.862499999999999,13.88340523690864,95.23864074296218,62.06827661705105,424.76875,255.17490247874048,276.5349606230027,179.87824650409257,12.5
32,99_4,99,2.631,1.6055669403671713,1.4,0.8,0.0,0.0,0.0,0.0,2.5,2.5,1.0,1.224744871391589,0.0,0.0,0.5,0.5,0.25,0.4330127018922193,1.25,1.299038105676658,0.0,0.0,1.25,1.6393596310755,0.0,0.0,0.25,0.4330127018922193,9.25,7.822243923581007,3.25,4.085033659592048,4.75,7.660776723022281,0.0,0.0,4.25,4.380353866983808,16.25,10.449282272003185,0.75,0.82915619758885,0.25,0.4330127018922193,1.75,3.031088913245535,0.5,0.8660254037844386,8.029166666666665,8.120508373864286,4.268566569981058,2.777026135970342,3.927083333333332,74.5043393066527,76.58272454873888,49.82320338788823,17.13125,66.13058587386651,88.38986315025569,58.08596860283102,453.2937500000001,295.3579415434982,245.44901745330608,218.3984948793871,14.0
33,99_4,99,0.2708,0.5416000000000001,0.2,0.4000000000000001,0.8,1.6000000000000003,0.0,0.0,1.25,1.299038105676658,0.5,0.8660254037844386,2.0,3.4641016151377544,0.0,0.0,0.0,0.0,0.75,1.299038105676658,0.75,1.299038105676658,0.0,0.0,0.0,0.0,0.0,0.0,7.75,8.496322733983215,1.0,0.7071067811865476,6.25,7.361215932167728,0.0,0.0,3.75,4.14578098794425,20.0,11.575836902790224,0.5,0.8660254037844386,0.0,0.0,0.75,0.82915619758885,0.25,0.4330127018922193,9.19722222222222,9.189248070032312,5.287052072495447,4.951447223905014,-35.29930555555556,62.27431727224745,80.01432589382628,56.23818486459698,-15.260416666666666,64.31080979179464,89.50636961244928,55.33303297654079,510.8444444444444,309.8690942992732,185.1700851732633,125.64929010387807,4.25
34,99_4,99,0.8130000000000001,1.626,0.2,0.4000000000000001,1.0,2.0,0.4,0.8,2.25,2.277608394786075,1.0,1.7320508075688772,0.75,1.299038105676658,0.25,0.4330127018922193,2.25,2.8613807855648994,4.75,6.609652033201143,2.25,3.897114317029974,5.75,5.629165124598851,0.0,0.0,2.75,3.2691742076555053,15.0,11.704699910719626,1.0,1.0,6.75,6.609652033201143,0.0,0.0,3.75,2.8613807855648994,20.0,11.916375287812984,1.5,2.0615528128088303,0.5,0.8660254037844386,1.75,2.0463381929681126,0.5,0.8660254037844386,2.680555555555556,4.346839262507192,7.265085405524058,5.141522232902331,-7.711805555555557,85.62597709127557,82.96006882010352,52.99920324164781,59.52152777777778,54.76198986390256,87.52660547405777,63.38929571644011,641.2451388888888,373.46549944429086,165.0275835636434,110.36150379291357,11.5
35,99_4,99,1.6065999999999998,2.066336816687928,0.4,0.4898979485566356,0.4,0.8000000000000002,1.4,2.8,2.0,2.0,0.0,0.0,1.25,2.165063509461097,0.0,0.0,3.0,5.196152422706632,1.75,2.48746859276655,1.5,2.0615528128088303,2.75,4.205650960315181,0.0,0.0,4.25,7.361215932167728,13.0,12.103718436910205,5.5,8.411301920630361,7.0,7.842193570679061,0.0,0.0,2.5,3.278719262151,18.5,11.280514172678478,1.0,1.224744871391589,0.0,0.0,3.75,6.49519052838329,0.0,0.0,5.058333333333334,4.40977843358749,5.288096320682598,3.350222185478458,-33.93958333333333,90.6917817878454,67.81780622507448,40.35826582775585,6.729166666666664,95.2560209711176,62.15958951539734,36.57324909456174,665.0270833333334,396.5870053554961,183.13913666400765,129.47152377047254,5.75
36,99_4,99,1.9176,1.673498682401633,1.0,0.6324555320336759,2.6,4.715930449020639,0.2,0.4000000000000001,3.75,3.766629793329841,0.25,0.4330127018922193,0.0,0.0,0.0,0.0,0.0,0.0,0.5,0.8660254037844386,0.0,0.0,0.75,1.299038105676658,0.0,0.0,0.25,0.4330127018922193,9.0,9.565563234854496,5.5,5.894913061275798,6.75,6.759252917297888,0.0,0.0,3.5,4.9749371855331,18.25,12.295832627357935,0.5,0.8660254037844386,0.5,0.8660254037844386,2.0,2.9154759474226504,0.0,0.0,5.065972222222223,4.870634471037933,6.451337507789141,4.238598467491074,25.74236111111111,66.85842067981123,81.85141905187733,53.61939473032536,28.32638888888889,43.520449176539735,91.60675428001298,58.80353150274993,475.20833333333326,312.3923403578201,194.18149455017863,146.5600071890181,11.5
37,99_4,99,1.3374,1.805391436780401,0.6,0.7999999999999999,2.4,2.9393876913398134,0.2,0.4000000000000001,1.5,2.0615528128088303,0.0,0.0,1.25,1.6393596310755,0.5,0.8660254037844386,1.0,1.224744871391589,3.25,3.418698582794336,0.25,0.4330127018922193,3.0,3.082207001484488,0.0,0.0,2.0,2.0,9.0,11.445523142259598,5.0,5.744562646538029,9.0,9.1104335791443,0.0,0.0,3.25,2.165063509461097,17.5,11.968709203585824,2.5,2.8722813232690143,1.0,1.224744871391589,1.75,3.031088913245535,3.25,4.085033659592048,8.09375,7.841864536557757,5.113921864848278,4.278690865362654,26.61458333333333,39.74806222346988,93.83188709910377,54.288088282728,33.13333333333333,22.04804964289485,99.09292591247248,58.249002608959536,545.8729166666667,319.36607935600983,187.6593349579664,193.1647716635057,13.0
38,99_4,99,2.014,2.3661221439308666,0.8,0.7483314773547883,4.8,9.6,0.4,0.8000000000000002,5.0,5.196152422706632,2.0,2.1213203435596424,0.25,0.4330127018922193,0.25,0.4330127018922193,0.0,0.0,0.25,0.4330127018922193,0.0,0.0,0.75,0.82915619758885,0.0,0.0,0.0,0.0,7.25,7.595228765481656,13.0,10.246950765959598,9.5,9.287087810503357,0.0,0.0,2.25,1.7853571071357126,14.25,10.848386976873568,1.75,1.7853571071357126,0.0,0.0,0.25,0.4330127018922193,1.5,2.0615528128088303,10.159722222222223,9.065441412819306,4.570815956426563,3.383855936450185,41.35833333333333,30.931361063202864,97.9529346374352,58.21061161203927,37.34930555555555,28.28064834637289,97.28014286378688,57.93258929142768,556.1368055555555,341.85831638611563,114.97483529372828,91.25504573901516,14.0
39,99_4,99,1.3268,1.341191917661302,0.6,0.4898979485566356,1.4,2.33238075793812,0.0,0.0,8.5,12.519984025548917,0.75,0.82915619758885,0.0,0.0,0.25,0.4330127018922193,3.0,5.196152422706632,3.0,5.196152422706632,0.25,0.4330127018922193,3.0,5.196152422706632,0.0,0.0,3.75,6.49519052838329,6.5,11.258330249197702,8.75,12.43734296383275,10.25,12.255100978776143,0.0,0.0,2.75,3.2691742076555053,13.25,13.47915056670857,1.5,2.0615528128088303,0.25,0.4330127018922193,0.25,0.4330127018922193,0.0,0.0,9.970833333333331,10.522833143270452,4.615188642572675,4.566111482568726,-4.097916666666668,107.00367438768296,51.4649668814244,47.28401898374334,-9.856250000000005,101.1557897391101,62.55397535811234,59.27599444624374,761.9656249999999,460.43561081289545,134.94791517138256,110.58910617041334,12.25
40,99_4,99,1.5426,1.6506596984236332,0.6,0.4898979485566356,2.6,5.2,0.0,0.0,12.75,13.141061600951424,1.75,3.031088913245535,3.25,5.629165124598851,0.25,0.4330127018922193,0.0,0.0,0.0,0.0,0.0,0.0,0.0,0.0,0.0,0.0,0.0,0.0,9.5,10.712142642814277,9.25,12.111461513789324,7.75,12.852528934026951,0.0,0.0,6.25,7.013380069552769,12.75,13.141061600951424,1.5,2.598076211353316,0.5,0.8660254037844386,0.0,0.0,1.25,1.6393596310755,10.6625,9.631430932398132,2.847730706694924,2.8703911057423177,-27.75625,86.06342529055566,55.2332925229512,55.39269730239912,-12.98125,99.32417120340374,52.91313029152021,52.95209542703402,709.6145833333333,482.818809743919,156.91719337917135,224.5201013414584,12.75
41,99_4,99,1.7028,1.6324948269443305,0.6,0.4898979485566356,3.8,4.664761515876241,1.4,2.8,4.5,6.18465843842649,1.75,3.031088913245535,0.75,0.82915619758885,0.25,0.4330127018922193,3.75,4.14578098794425,6.5,7.566372975210778,0.5,0.8660254037844386,7.25,6.49519052838329,0.0,0.0,5.0,4.847679857416329,16.25,10.256095748383007,4.25,3.491060010942235,3.5,3.570714214271425,0.0,0.0,4.5,3.570714214271425,16.5,10.307764064044152,4.5,3.840572873934304,1.25,0.82915619758885,0.5,0.8660254037844386,0.5,0.8660254037844386,5.422916666666668,6.05638831398072,6.574616853492559,5.2546196639818685,44.585416666666674,43.8518478702089,84.58022413276029,52.21522541858021,72.75,45.44752621308325,83.11612367134258,48.03137053316855,660.1194444444445,383.5065842523836,201.709447547699,144.0868821984188,14.0
42,99_4,99,2.5156,2.7051771550122186,0.6,0.4898979485566356,8.0,10.507140429250958,4.8,9.6,3.25,5.629165124598851,1.5,2.598076211353316,5.0,5.431390245600108,0.0,0.0,1.5,1.6583123951777,3.5,3.905124837953327,1.25,1.6393596310755,4.0,2.9154759474226504,0.0,0.0,3.0,2.549509756796392,15.25,12.43734296383275,0.0,0.0,5.0,6.557438524302,0.0,0.0,5.0,4.123105625617661,18.25,11.4755174175285,3.5,3.905124837953327,2.75,4.205650960315181,1.25,1.299038105676658,3.75,6.49519052838329,4.075,5.463518529502962,6.301734415144231,5.068405433542641,36.8,75.22914785839329,81.12047986974879,48.58774210849565,42.19166666666666,66.68879398411367,97.31707419726972,60.63889777898146,624.4166666666666,453.2909345981771,307.5494151120671,198.57581471898524,13.25
43,99_4,99,2.0314,2.8306032996518606,0.4,0.4898979485566356,13.4,23.009563229231446,0.8,1.6000000000000003,3.5,4.5,1.25,2.165063509461097,2.75,3.6996621467371855,0.0,0.0,0.25,0.4330127018922193,1.5,2.598076211353316,0.0,0.0,1.25,2.165063509461097,0.0,0.0,0.25,0.4330127018922193,13.0,11.357816691600547,1.75,2.0463381929681126,2.75,4.763139720814412,0.0,0.0,7.5,8.200609733428363,19.25,11.861176164276458,0.5,0.8660254037844386,0.25,0.4330127018922193,0.0,0.0,2.0,2.9154759474226504,3.770833333333334,3.5143777108393524,4.621393957569813,3.800325622019996,75.09583333333333,54.224715529964335,63.28796951610454,44.30524797201744,86.28125,67.98959590929867,47.17529448326677,38.79774939063053,462.91874999999993,326.91372017455626,179.20865783853256,163.59035433167983,13.25
44,99_4,99,0.9148,0.9259830236024847,0.6,0.4898979485566356,12.6,17.951044537853498,0.2,0.4,1.75,2.0463381929681126,0.75,0.82915619758885,3.75,4.493050188902857,0.25,0.4330127018922193,0.0,0.0,2.5,4.330127018922194,0.75,1.299038105676658,1.5,1.6583123951777,0.0,0.0,0.0,0.0,14.25,11.098986440211556,1.5,1.5,2.25,2.277608394786075,0.0,0.0,8.0,6.892024376045111,19.75,12.04937757728589,0.0,0.0,0.0,0.0,0.75,0.82915619758885,2.5,2.8722813232690143,4.441666666666666,6.407577436996849,6.300056825023779,3.878476841826235,74.39583333333334,47.89630527533181,69.05156992138046,41.82878333162246,87.3375,51.731626669926655,61.89585806795196,36.95384993292689,455.8854166666666,323.61051312608674,152.45325002189398,129.75525560881573,13.25
45,99_4,99,2.0906,1.816161732886144,1.0,0.8944271909999159,3.4,4.17612260356422,1.0,1.5491933384829668,2.75,3.6996621467371855,1.25,1.6393596310755,0.0,0.0,0.0,0.0,1.25,2.165063509461097,3.75,6.49519052838329,2.25,3.897114317029974,4.0,6.363961030678928,0.0,0.0,1.75,2.48746859276655,9.0,11.0227038425243,10.5,11.4564392373896,7.75,8.37779804005802,0.0,0.0,5.25,5.2141634036535525,19.0,12.36931687685298,0.25,0.4330127018922193,0.0,0.0,0.25,0.4330127018922193,0.75,1.299038105676658,10.354166666666666,8.69601301523354,6.9593179748817455,5.41890443437899,39.03541666666666,96.66211651916836,60.47159724430357,39.611585614781696,27.054166666666667,74.95935530617021,87.32383877470102,52.09509261634513,602.2270833333333,373.656458943099,163.98290694518062,152.43063958509822,12.5
46,99_4,99,1.7299999999999998,2.19116398290954,0.8,0.4,5.8,7.166589146867567,1.0,2.0,3.75,3.897114317029974,0.5,0.8660254037844386,0.25,0.4330127018922193,0.0,0.0,3.25,3.2691742076555053,6.25,7.361215932167728,1.75,3.031088913245535,7.75,8.042853971072706,0.0,0.0,3.75,3.766629793329841,9.5,11.236102527122116,8.0,12.18605760695394,7.0,6.670832032063167,0.0,0.0,5.5,6.5383484153110105,15.0,10.04987562112089,5.25,4.437059837324712,1.25,1.6393596310755,2.25,3.897114317029974,2.0,2.449489742783178,12.243055555555555,12.888452833260676,6.714423737330075,5.020510169617502,30.89722222222221,104.00007851448244,59.83875695372685,44.76100473728032,22.955555555555552,106.44146642856327,68.28657914818103,51.79988905022625,677.3010416666667,431.022121368681,192.6420188437333,141.48192335928522,12.5
47,99_4,99,2.7432,1.988467892624872,1.6,1.2,0.6,1.2000000000000002,0.0,0.0,3.75,4.815340071064556,2.0,3.4641016151377544,1.0,1.7320508075688772,0.25,0.4330127018922193,1.25,2.165063509461097,3.0,3.0,0.75,0.82915619758885,3.0,3.0,0.0,0.0,1.75,3.031088913245535,12.5,9.069178573608529,5.0,4.358898943540674,5.5,5.361902647381804,0.0,0.0,4.5,6.103277807866851,18.75,10.917302780449024,1.0,1.224744871391589,0.5,0.5,3.5,5.5,2.75,4.205650960315181,7.631944444444443,8.617922149562846,8.908012351777078,7.948123490537494,18.3375,60.15619844875136,85.70584360866941,51.316359283591,25.277083333333334,56.59610876120126,91.11404602589774,53.354742858911685,542.6982638888888,351.5891949870071,234.63119758822845,139.5524616391428,12.75
48,99_4,99,1.8254,1.655902605831635,1.0,0.8944271909999159,0.0,0.0,0.0,0.0,3.5,3.774917217635375,0.0,0.0,0.5,0.8660254037844386,2.0,2.449489742783178,0.25,0.4330127018922193,2.0,2.345207879911715,0.0,0.0,1.25,1.299038105676658,0.0,0.0,0.75,0.82915619758885,6.5,7.566372975210778,8.5,5.678908345800274,6.0,4.301162633521313,0.0,0.0,1.0,1.224744871391589,15.25,12.090802289343747,1.5,1.118033988749895,1.0,1.0,0.75,0.4330127018922193,1.5,2.0615528128088303,5.578472222222223,4.872355398138729,7.132831421458885,4.690184813288483,27.78402777777778,51.75232338730114,65.46359583152325,41.39081608177104,25.49444444444444,72.15674534594638,63.24607845515934,36.59221469870572,543.0121527777778,392.2017061545589,329.35461901122414,203.106497616759,12.75
49,99_4,99,1.5918,0.8090457094626978,0.8,0.4,0.0,0.0,0.0,0.0,3.0,2.549509756796392,0.5,0.8660254037844386,0.0,0.0,1.0,0.7071067811865476,3.75,3.031088913245535,4.5,3.640054944640259,0.25,0.4330127018922193,5.0,3.3166247903554,0.0,0.0,4.25,3.344772040064913,7.5,6.34428877022476,8.75,7.327175444876422,6.25,6.2599920127744575,0.0,0.0,0.0,0.0,13.5,9.86154146165801,2.5,1.6583123951777,0.25,0.4330127018922193,0.25,0.4330127018922193,2.5,2.5,8.00625,7.930521593379312,9.081739431391089,6.815205518649262,-30.71458333333334,56.16429408162716,81.47178849558964,50.48005232566751,-31.35,52.72329925869797,89.53794052753751,54.04649700056052,602.7239583333334,465.3896358568565,404.5563707212949,254.312434013184,13.0
50,99_4,99,0.8341999999999998,1.1158810689316312,0.4,0.4898979485566356,0.0,0.0,0.0,0.0,4.25,5.7608593109014565,0.25,0.4330127018922193,0.25,0.4330127018922193,1.5,2.0615528128088303,7.25,4.493050188902857,6.25,3.766629793329841,2.0,2.449489742783178,10.0,5.873670062235365,0.0,0.0,8.5,5.123475382979799,11.25,9.03811374126261,7.25,6.179603547154137,4.5,4.153311931459037,0.0,0.0,1.0,1.224744871391589,10.25,7.822243923581007,7.75,4.968651728587948,1.25,1.299038105676658,1.75,2.0463381929681126,1.0,1.7320508075688772,9.258333333333333,6.573481552588569,6.8590002421993015,4.769657902915393,-39.68541666666667,75.02970392687263,70.11922277650328,45.3484322664484,-17.962500000000002,70.77359650184209,81.36964388419622,49.20806779485997,666.1416666666667,440.7534334393116,276.5802248660109,220.5234964873299,14.0
51,99_4,99,1.7533999999999998,1.0495846035456122,1.0,0.6324555320336759,0.8,1.6,0.0,0.0,2.0,2.1213203435596424,0.0,0.0,0.5,0.5,0.0,0.0,7.25,6.832825184358224,10.0,7.7781745930520225,0.75,0.82915619758885,14.0,9.082951062292477,0.0,0.0,10.0,6.96419413859206,14.5,8.674675786448736,8.25,8.257572282456872,6.5,6.652067347825035,0.0,0.0,1.75,1.7853571071357126,12.25,8.496322733983215,9.25,7.854139036202504,2.75,2.7726341266023544,0.5,0.5,0.5,0.5,10.23263888888889,9.472764397769437,7.069712142168903,4.09173051112057,16.749305555555555,14.534027810958742,95.28027260225774,55.11187305266811,4.265972222222221,44.4454498312934,94.8352011754504,54.77472127377625,682.9600694444445,417.2777679257632,298.80606852163123,184.54072649825005,12.25
52,99_4,99,2.3746,2.0478557175738725,1.2,0.7483314773547883,3.2,6.4,0.6,1.2,0.75,1.299038105676658,0.0,0.0,0.5,0.8660254037844386,2.0,3.4641016151377544,4.0,4.743416490252569,5.75,7.725768570181222,0.75,1.299038105676658,9.25,7.660776723022281,0.0,0.0,5.0,5.958187643906492,11.25,8.525696452489967,4.25,4.264680527307995,6.0,6.96419413859206,0.0,0.0,3.75,3.766629793329841,17.5,11.324751652906125,4.0,4.527692569068709,1.25,1.299038105676658,1.0,1.224744871391589,0.75,1.299038105676658,6.590277777777777,8.721944771772625,5.428473695697472,3.810444815654116,9.87152777777778,60.48568482357118,79.25785830810928,52.8360516391601,9.776388888888889,81.01695806566032,87.19042648773538,58.083724654862415,601.8381944444445,469.84097287605033,170.4964108106289,101.2857275701389,12.5
53,99_4,99,1.3882,1.209237842609964,0.6,0.4898979485566356,1.0,2.0,0.0,0.0,1.25,1.6393596310755,0.0,0.0,0.0,0.0,0.0,0.0,6.0,6.59545297913646,6.25,6.5717197140474575,0.0,0.0,10.0,7.516648189186454,0.0,0.0,8.75,9.03811374126261,12.5,7.297259759663212,9.25,9.256754290786809,9.75,9.756408150543928,0.0,0.0,1.25,1.6393596310755,15.0,11.76860229593982,3.25,2.384848003542364,1.0,1.224744871391589,1.0,1.7320508075688772,1.5,2.0615528128088303,10.139583333333334,11.85647440190614,5.8301664121987535,3.3789549700170385,32.55416666666667,47.97727706512045,92.22845711058656,56.01442396433487,23.789583333333333,45.032216621594,97.63424558785606,58.980950387638735,689.0697916666667,428.1546247189044,220.4319305207055,130.27248799846683,11.0
54,99_4,99,3.4602000000000004,2.832258137952824,1.2,0.9797958971132712,1.8,3.6,0.0,0.0,2.25,2.277608394786075,0.25,0.4330127018922193,0.5,0.8660254037844386,0.0,0.0,4.5,4.9749371855331,7.5,7.632168761236874,0.25,0.4330127018922193,8.0,5.873670062235365,0.0,0.0,6.25,6.339361166552983,13.5,11.07925990308017,3.0,4.636809247747852,5.25,9.093266739736606,0.0,0.0,3.75,3.766629793329841,17.5,10.712142642814277,2.75,1.920286436967152,0.75,0.82915619758885,0.75,0.82915619758885,2.25,2.48746859276655,7.304861111111111,7.285173398537556,6.358722919786203,4.392387108564588,44.74652777777778,38.69887474513118,91.47049665049414,56.50870354406545,13.989583333333332,69.47756716674614,92.77689413598458,55.19440404059976,545.7864583333334,326.2562058846624,241.14567518226843,197.4514846874989,11.25
55,99_4,99,0.4326,0.8652,0.2,0.4000000000000001,0.0,0.0,6.0,12.0,3.0,3.0,0.75,0.82915619758885,0.0,0.0,1.25,2.165063509461097,0.0,0.0,2.5,4.330127018922194,0.25,0.4330127018922193,1.75,1.7853571071357126,0.0,0.0,0.75,1.299038105676658,2.5,2.8722813232690143,8.5,12.439855304624729,3.25,5.629165124598851,0.0,0.0,1.5,1.6583123951777,15.0,10.319883720275149,0.25,0.4330127018922193,0.0,0.0,0.25,0.4330127018922193,2.0,2.9154759474226504,8.08125,10.243831773790616,6.1809384447543865,4.54487768114849,0.4270833333333357,67.71991756671781,69.31137851493988,44.37308852719251,6.189583333333331,52.65121917939212,86.45577974750262,56.777447220130014,429.73645833333336,369.26321571097975,145.85567082889287,101.99932075143954,13.25
56,99_4,99,1.3374,1.0928047584083809,0.6,0.4898979485566356,2.8,5.6,0.4,0.8000000000000002,7.75,7.822243923581007,4.75,4.866980583482946,0.0,0.0,0.5,0.5,1.0,1.0,2.0,2.1213203435596424,0.5,0.5,2.5,2.8722813232690143,0.0,0.0,1.75,2.0463381929681126,9.75,8.496322733983215,5.5,7.399324293474371,9.5,8.411301920630361,0.0,0.0,5.0,5.196152422706632,14.75,9.20258115965298,1.0,1.0,0.75,0.82915619758885,2.5,2.29128784747792,1.5,1.5,7.677083333333333,9.892694019592328,7.323962343906494,4.500440861310235,7.993749999999999,62.269790577585766,86.66215480121173,53.55021791183732,12.347916666666666,64.66280872700534,89.14333681363203,53.37204810659292,648.2479166666667,413.6443510686529,230.30899638303669,166.53121369488412,11.25
57,99_4,99,1.3484,1.7597392534122775,0.4,0.4898979485566356,0.0,0.0,0.0,0.0,6.0,6.0,2.0,3.4641016151377544,0.0,0.0,2.75,4.763139720814412,0.75,1.299038105676658,1.75,3.031088913245535,1.0,1.7320508075688772,1.75,3.031088913245535,0.0,0.0,1.25,2.165063509461097,6.75,5.889609494694874,10.5,10.523782589924592,5.5,5.220153254455275,0.0,0.0,0.5,0.8660254037844386,16.75,10.685855136581257,0.75,1.299038105676658,0.0,0.0,0.0,0.0,0.25,0.4330127018922193,12.132916666666668,9.513325842017023,7.69389832619557,5.668994381384144,37.02666666666666,59.959643383881314,75.81718802059669,46.79187959980689,17.42791666666667,66.73911462818612,79.17748590132712,53.8376015267276,672.068125,615.3725103794333,276.1033203494002,203.37415207393843,13.0
58,99_4,99,2.2398,2.19954635322832,1.2,0.7483314773547883,3.0,6.0,0.0,0.0,4.75,5.717298313014636,3.5,4.092676385936225,0.75,1.299038105676658,0.75,0.82915619758885,2.5,3.278719262151,6.0,6.0,0.0,0.0,6.0,6.041522986797286,0.0,0.0,3.25,4.085033659592048,12.5,7.365459931328117,7.25,6.179603547154137,6.0,5.049752469181039,0.0,0.0,2.0,3.4641016151377544,15.0,9.354143466934854,2.25,3.344772040064913,0.5,0.8660254037844386,1.75,2.48746859276655,0.75,0.82915619758885,4.699999999999999,3.361924258846743,8.879445942815803,6.708777585600555,44.83125,38.905622261781,84.96718125538172,51.35943196605879,46.64722222222223,32.09878289633309,83.87279833723622,48.97789372063377,686.3944444444444,403.9317414855064,257.7171938711909,161.19071519377,13.25
59,99_4,99,0.0,0.0,0.0,0.0,4.0,8.0,0.2,0.4000000000000001,2.5,2.5,0.75,1.299038105676658,1.0,1.224744871391589,1.0,1.7320508075688772,0.0,0.0,2.75,4.205650960315181,1.0,1.7320508075688772,3.75,4.9180788932265,0.0,0.0,0.0,0.0,12.75,11.121488209767612,4.25,6.2599920127744575,5.0,7.035623639735144,0.0,0.0,8.25,7.361215932167728,19.25,11.562331079847178,0.5,0.8660254037844386,0.5,0.5,2.25,2.277608394786075,1.0,1.7320508075688772,7.024583333333333,8.845949746054531,4.870170734510034,3.5201836978660634,63.68083333333333,68.03699063846732,70.45159492775996,59.5152604489092,82.62166666666667,63.93830597406639,64.64847645278505,53.58501121634594,613.1804166666667,359.6230034647491,153.17232947497922,125.34130562333073,2.5
60,99_4,99,2.53,1.843030656283286,1.0,0.6324555320336759,0.4,0.8000000000000002,0.4,0.8000000000000002,6.25,6.49519052838329,0.75,1.299038105676658,0.25,0.4330127018922193,0.0,0.0,0.0,0.0,0.75,0.82915619758885,0.0,0.0,2.0,2.345207879911715,0.0,0.0,0.0,0.0,10.0,12.062338081814818,7.5,10.307764064044152,7.25,7.46240577829965,0.0,0.0,5.5,5.5901699437494745,16.25,11.143944544011337,1.25,1.6393596310755,0.25,0.4330127018922193,0.5,0.5,0.5,0.8660254037844386,7.889583333333333,6.439373715988743,5.191463093133335,3.338482353533815,72.08333333333333,60.58997012019948,65.04942585049281,58.15376476414456,59.67916666666667,76.54041246023785,72.1935580791347,51.54413964357954,604.3552083333334,355.2844714022478,184.218661909708,126.79514861659196,13.75
61,99_4,99,0.936,1.2925163055064337,0.6,0.7999999999999999,0.0,0.0,0.0,0.0,5.75,6.94172168845741,1.75,1.7853571071357126,0.25,0.4330127018922193,0.0,0.0,3.0,5.196152422706632,4.75,6.609652033201143,0.0,0.0,5.0,8.093207028119323,0.0,0.0,4.25,7.361215932167728,17.75,11.008519428152,4.5,4.55521678957215,9.5,10.062305898749054,0.0,0.0,9.0,8.06225774829855,18.75,11.691342951089922,0.75,1.299038105676658,0.0,0.0,1.5,2.0615528128088303,0.25,0.4330127018922193,8.000694444444445,6.755392329157007,4.516461566551633,3.221938875658453,26.36458333333333,93.58968447857173,57.55940805658233,61.17809537084024,59.72152777777778,67.29500164809515,60.299267069069984,62.42255069895188,684.0034722222222,403.0731444845805,191.03009455025,174.9089427940505,11.0
62,99_4,99,2.8802,2.583433869871648,0.6,0.4898979485566356,0.0,0.0,1.6,3.2000000000000006,7.25,7.258615570478987,0.25,0.4330127018922193,0.0,0.0,0.75,0.82915619758885,0.0,0.0,0.75,0.82915619758885,0.0,0.0,1.0,1.0,0.0,0.0,0.5,0.8660254037844386,9.75,7.292976072907411,9.75,8.954747344286158,9.25,8.642193008721803,0.0,0.0,6.25,4.02336923485777,16.75,10.231690964840562,1.25,2.165063509461097,0.0,0.0,0.75,1.299038105676658,2.25,2.277608394786075,8.116666666666667,8.820155264443414,5.6083097716714425,3.313889181154768,55.22291666666666,44.93329136334279,76.46468698072547,48.96716298898347,56.59583333333333,42.00879723508981,83.57414630692224,50.48854331993702,569.0125,380.3083840277592,268.8359515547148,190.99490127976063,13.5
63,99_4,99,2.663,2.130302889262464,1.0,0.6324555320336759,4.0,8.0,2.8,5.6,5.0,5.196152422706632,2.5,2.598076211353316,0.25,0.4330127018922193,0.25,0.4330127018922193,0.5,0.8660254037844386,1.25,1.0897247358851685,0.0,0.0,3.75,2.48746859276655,0.0,0.0,1.75,2.0463381929681126,10.75,8.926785535678562,6.5,9.5524865872714,11.0,11.090536506409418,0.0,0.0,6.75,6.417748826496718,18.75,11.299889379989525,1.0,1.0,0.5,0.5,1.75,3.031088913245535,2.0,3.4641016151377544,8.706249999999999,8.360300896282913,7.330853153937258,4.752418794310878,22.370833333333334,70.8889890417483,80.72888609644755,48.46681895796932,1.4729166666666629,90.50685677964928,67.17838793941324,41.56202622253646,597.55,353.1539045815302,251.2354345632444,160.2077481177815,13.25
64,99_4,99,3.7288,3.477602818034285,1.2,0.7483314773547883,3.8,5.455272678794342,3.6,5.083306010855534,9.75,10.256095748383007,6.25,6.339361166552983,0.0,0.0,0.75,0.82915619758885,0.5,0.8660254037844386,0.5,0.5,0.0,0.0,0.75,0.82915619758885,0.0,0.0,0.75,0.82915619758885,8.75,9.41740410091868,9.0,7.968688725254614,12.0,9.669539802906858,0.0,0.0,5.25,5.931905258852336,13.5,10.594810050208546,0.75,1.299038105676658,0.5,0.8660254037844386,1.25,2.165063509461097,0.75,1.299038105676658,10.202083333333334,9.068095734113946,6.452513958574697,5.02717729258332,57.7875,66.53245409510059,69.9786548621527,60.2327538347455,78.25208333333333,53.41742438847657,76.32779152670054,51.57281086500573,623.7427083333333,397.54270524633534,212.823924447322,132.67335465774286,13.75
65,99_4,99,3.5088,2.463418876277439,2.0,1.2649110640673518,6.4,12.800000000000002,1.4,2.8,7.5,8.2915619758885,2.75,3.2691742076555053,0.5,0.5,0.25,0.4330127018922193,0.75,0.82915619758885,2.5,3.278719262151,1.0,1.224744871391589,2.75,3.631459761583488,0.0,0.0,1.75,2.48746859276655,8.5,8.0156097709407,10.5,10.874281585465774,9.25,9.093266739736606,0.0,0.0,0.5,0.5,12.5,10.35615758860399,1.25,1.299038105676658,0.5,0.5,0.25,0.4330127018922193,0.0,0.0,10.622222222222224,10.684295870142344,5.25708311154294,3.4311316427219785,59.125,53.801673159133465,79.70288023632355,51.68308489224216,43.62013888888889,52.18530785205186,86.71569997936939,52.81382594365924,470.09513888888887,276.09100981159224,306.6010088134598,179.99602677180152,13.25
66,99_4,99,0.8964000000000001,1.414005601120448,0.6,0.7999999999999999,1.2,2.4000000000000004,0.2,0.4000000000000001,1.25,2.165063509461097,0.25,0.4330127018922193,0.75,0.82915619758885,0.25,0.4330127018922193,4.25,4.9180788932265,4.0,4.0,0.0,0.0,3.75,4.493050188902857,0.0,0.0,4.75,5.356071321407137,16.5,9.759610647971568,4.5,6.689544080129826,8.5,8.760707733967616,0.0,0.0,6.5,6.5,16.25,9.65336728815391,1.25,2.165063509461097,0.5,0.8660254037844386,3.5,5.5,1.5,2.598076211353316,8.870833333333334,8.749463277189573,6.973570317808696,4.888074810793188,2.058333333333337,86.55265557739982,71.60473228847337,52.06692262801418,13.81875,71.34226564377879,79.67006877010596,53.53764044342932,543.921875,326.6416159529469,220.40951748394133,137.7609091739009,13.25
67,99_4,99,2.265,1.395922633959347,2.0,1.095445115010332,0.0,0.0,0.0,0.0,0.5,0.8660254037844386,0.25,0.4330127018922193,0.25,0.4330127018922193,0.25,0.4330127018922193,3.25,3.491060010942235,2.75,2.165063509461097,0.25,0.4330127018922193,4.25,6.2599920127744575,0.0,0.0,4.25,3.491060010942235,18.5,11.07925990308017,2.5,2.8722813232690143,10.25,10.158124826955024,0.0,0.0,5.25,6.977642868476432,19.5,11.412712210513329,0.5,0.8660254037844386,0.0,0.0,2.5,2.8722813232690143,1.0,1.7320508075688772,9.012361111111112,7.95388284881574,7.892157627880221,5.35518965423867,11.368333333333329,87.96158916285879,71.04886093565689,49.26998263560029,34.757083333333334,57.24961096877767,74.33245141312301,48.828620421222034,414.18840277777775,337.8501046969861,186.16760649265137,158.34785123375516,13.25
68,99_4,99,0.6462,0.6859289759151452,0.8,0.7483314773547883,0.0,0.0,0.0,0.0,3.5,6.06217782649107,0.75,1.299038105676658,0.25,0.4330127018922193,0.0,0.0,0.0,0.0,0.25,0.4330127018922193,0.25,0.4330127018922193,1.75,2.48746859276655,0.0,0.0,0.0,0.0,10.75,8.437268515343103,6.25,10.256095748383007,9.0,9.82344135219425,0.0,0.0,4.5,4.55521678957215,13.75,8.926785535678562,0.75,1.299038105676658,0.0,0.0,3.25,4.085033659592048,0.5,0.8660254037844386,7.81625,8.884091225877986,4.562928273977036,2.682138219341438,29.61402777777778,91.74536320184988,58.198501845561125,33.898396880911605,24.110138888888887,78.06464443760045,64.57718528585016,38.56903292964401,390.109375,261.85978078911216,264.1465265805123,167.32648547927653,13.0
69,99_4,99,2.3556,2.33781244756717,0.6,0.4898979485566356,0.0,0.0,0.0,0.0,0.0,0.0,0.0,0.0,0.0,0.0,0.0,0.0,0.5,0.8660254037844386,2.5,4.330127018922194,0.0,0.0,0.0,0.0,0.0,0.0,0.5,0.8660254037844386,7.25,12.55736835487436,0.25,0.4330127018922193,1.75,3.031088913245535,0.0,0.0,0.0,0.0,7.5,12.99038105676658,0.0,0.0,0.0,0.0,0.0,0.0,0.0,0.0,2.5041666666666664,3.795357635761527,4.101940293352276,4.602937889941806,-30.94166666666667,56.90628352094932,22.72179728513221,25.067279559661976,-3.625,10.007530150952444,23.06084634119772,25.13082101004221,41.844791666666666,51.91191887190784,83.20727776452537,90.4884893737053,13.0
70,99_4,99,2.6238,3.0176505032889405,0.8,0.7483314773547883,0.0,0.0,0.0,0.0,0.25,0.4330127018922193,0.0,0.0,0.25,0.4330127018922193,0.25,0.4330127018922193,1.0,1.7320508075688772,2.0,2.9154759474226504,0.0,0.0,0.0,0.0,0.0,0.0,1.25,1.6393596310755,6.5,8.616843969807043,1.75,3.031088913245535,2.5,3.278719262151,0.0,0.0,0.0,0.0,6.0,6.96419413859206,0.75,1.299038105676658,0.75,1.299038105676658,0.0,0.0,0.75,0.82915619758885,1.9265277777777776,1.996066748703003,4.893420743949295,4.962082663967294,-20.848333333333336,53.543923635958286,31.71442436148801,31.717228908618072,-7.681388888888888,17.648771984087055,37.30883232361359,37.52094932448024,113.75215277777778,114.76592727666116,178.2082727927151,180.39623345479325,13.5
71,99_4,99,1.751,1.5110960260684958,1.0,0.8944271909999159,0.0,0.0,0.0,0.0,5.25,9.093266739736606,3.75,6.49519052838329,0.0,0.0,0.0,0.0,0.25,0.4330127018922193,1.25,2.165063509461097,0.0,0.0,1.0,1.224744871391589,0.0,0.0,0.25,0.4330127018922193,5.75,6.94172168845741,3.75,4.493050188902857,3.25,3.418698582794336,0.0,0.0,1.5,2.0615528128088303,12.0,12.083045973594572,0.0,0.0,0.0,0.0,0.5,0.8660254037844386,0.5,0.8660254037844386,3.702083333333333,5.320519682089335,2.824862848305266,3.110470761876228,2.818749999999998,51.480942528050015,48.743814031026055,49.07024075482538,15.233333333333333,22.39556317666515,58.01914888253235,58.27001767777978,271.7177083333333,271.7900667522632,123.079690027606,123.1134942203008,11.75
72,99_4,99,2.5212,3.2452997642744803,0.6,0.7999999999999999,0.0,0.0,0.0,0.0,3.0,5.196152422706632,1.5,2.598076211353316,0.0,0.0,0.0,0.0,0.0,0.0,4.25,7.361215932167728,0.0,0.0,0.5,0.8660254037844386,0.0,0.0,0.0,0.0,8.0,8.276472678623424,0.25,0.4330127018922193,0.5,0.8660254037844386,0.0,0.0,0.5,0.8660254037844386,13.5,13.573871960498227,0.75,1.299038105676658,0.75,1.299038105676658,2.25,3.897114317029974,1.25,2.165063509461097,3.514047619047619,4.226825793963717,4.994297601554732,5.864045127209778,43.117599206349205,44.50366913076891,54.60202293007471,55.10284551958362,4.92978174603175,104.2784449007085,27.098544205303384,28.59450703795057,305.61911706349207,341.51604074571827,114.78168040942715,121.6367112145596,2.25
73,99_4,99,2.685,1.984824727778249,1.0,0.6324555320336759,0.0,0.0,0.0,0.0,2.0,3.4641016151377544,0.25,0.4330127018922193,0.25,0.4330127018922193,0.0,0.0,0.5,0.8660254037844386,4.25,5.3091901453988255,0.25,0.4330127018922193,3.0,3.6742346141747673,0.0,0.0,0.5,0.8660254037844386,12.5,7.433034373659253,2.5,4.330127018922194,6.5,7.762087348130012,0.0,0.0,3.0,3.3166247903554,17.75,11.409973707244026,0.0,0.0,0.0,0.0,2.5,3.278719262151,2.0,2.0,6.741666666666667,7.269955773211035,8.534056872565026,5.724658380515244,36.89375,43.887185461624846,85.34295177301618,54.12353131214194,17.86458333333333,98.01702416881324,59.786962102165575,37.67053924723604,459.0645833333333,335.4946058839947,177.1023024388898,152.50134522520375,0.0
74,99_4,99,1.2755999999999998,1.2615692767343376,0.6,0.4898979485566356,0.0,0.0,0.0,0.0,4.5,4.716990566028302,1.75,2.0463381929681126,0.0,0.0,0.0,0.0,2.75,4.763139720814412,6.0,6.164414002968976,0.0,0.0,5.5,7.399324293474371,0.0,0.0,4.0,5.830951894845301,14.25,9.807522622966516,6.25,7.013380069552769,8.5,11.412712210513329,0.0,0.0,1.75,2.0463381929681126,19.0,11.0,1.5,1.6583123951777,0.5,0.8660254037844386,2.25,3.897114317029974,1.75,3.031088913245535,11.944444444444445,9.942606130520645,7.983375253949891,5.112839573587049,24.7875,91.12146760033494,72.1518681810475,44.00613437271205,41.797222222222224,85.10797424502944,77.28040027660224,54.24111521289688,531.3284722222222,407.824790390577,223.5772287649176,135.12792610346486,12.0
75,99_4,99,3.992,2.929277248742427,2.2,1.469693845669907,0.2,0.4,0.0,0.0,7.25,11.986972094736853,4.5,7.794228634059948,0.5,0.5,1.5,2.598076211353316,0.25,0.4330127018922193,5.25,5.2141634036535525,1.75,3.031088913245535,2.5,2.8722813232690143,0.0,0.0,1.25,0.82915619758885,14.5,10.547511554864494,5.75,9.390819985496474,13.75,8.13557004763649,0.0,0.0,3.0,3.6742346141747673,16.5,11.346805717910216,0.25,0.4330127018922193,0.0,0.0,2.0,3.4641016151377544,1.25,1.6393596310755,7.0375000000000005,4.861528751900534,6.846237063654465,4.204962744110225,41.400000000000006,79.17522168688046,75.07654048079179,46.18910232514484,53.65625,35.96859228655451,97.53604968304076,56.70556509657453,585.36875,423.9482681084074,280.1615571873764,183.49887769592456,12.25
76,99_4,99,1.457,2.36726204717602,0.6,0.7999999999999999,2.0,4.0,0.2,0.4,6.25,7.75806032459145,4.0,4.527692569068709,1.75,3.031088913245535,0.0,0.0,1.25,1.299038105676658,7.0,8.18535277187245,2.25,3.344772040064913,4.25,4.602988159880492,0.0,0.0,2.5,2.8722813232690143,11.5,8.440971508067067,6.25,3.960744879438715,8.75,8.699856320652657,0.0,0.0,2.0,1.5811388300841898,17.25,10.18270592720815,1.5,1.118033988749895,0.0,0.0,2.5,2.598076211353316,5.25,7.980444849756184,7.8604166666666675,8.28496038472055,8.964889381922088,7.207662158187444,23.06458333333333,20.4351925940072,100.8062242184487,58.30361655985616,13.491666666666667,15.767830515535948,106.02132640605508,61.96862148288941,425.1458333333333,282.7669644587856,210.44612596011493,132.2191198876529,13.5
77,99_4,99,3.1900000000000004,2.9089798211744267,1.4,1.019803902718557,0.0,0.0,0.0,0.0,7.25,12.55736835487436,0.0,0.0,0.0,0.0,0.0,0.0,5.25,8.525696452489967,7.0,11.0,0.75,1.299038105676658,6.5,8.170067319184096,0.0,0.0,5.75,7.822243923581007,11.0,11.0227038425243,16.0,9.354143466934854,6.75,7.46240577829965,0.0,0.0,1.25,2.165063509461097,18.25,12.295832627357935,0.0,0.0,0.0,0.0,0.75,0.82915619758885,7.5,11.324751652906125,17.2375,10.55184538231215,8.182633115596985,7.264984611590497,30.78541666666667,57.60791575352538,71.59941869812108,64.74515368827944,12.020833333333334,44.77820282142492,55.72279723001292,56.26974382607188,280.03437499999995,194.2938295454484,70.31631752997077,61.1730562508768,13.0
78,99_4,99,1.7886,1.346037532909094,1.2,0.9797958971132712,0.0,0.0,0.0,0.0,7.25,12.55736835487436,0.0,0.0,2.75,4.763139720814412,0.0,0.0,1.0,1.224744871391589,10.25,11.54068888758379,3.5,4.5,5.0,5.431390245600108,0.0,0.0,1.0,1.224744871391589,6.25,9.175374651751284,6.25,6.417748826496718,1.5,2.0615528128088303,0.0,0.0,0.0,0.0,16.25,10.685855136581257,1.0,1.7320508075688772,0.25,0.4330127018922193,2.25,2.8613807855648994,8.5,6.98212002188447,8.995833333333334,8.862727234197033,9.057034252752745,7.047331941160993,77.78333333333333,47.46556500360141,56.8095851311101,42.393769962998086,29.320833333333333,33.98722875949141,57.89885781529435,49.85050679354441,219.34583333333336,173.26750109516755,123.62666899928536,154.73224325513456,12.25
79,99_4,99,2.2336,1.7025238441795756,1.4,1.019803902718557,0.2,0.4000000000000001,0.0,0.0,6.25,10.256095748383007,0.0,0.0,2.5,4.330127018922194,0.0,0.0,5.0,8.660254037844387,11.0,11.789826122551595,1.75,2.0463381929681126,8.0,10.222524150130436,0.0,0.0,5.5,9.526279441628825,15.25,12.43734296383275,1.5,1.6583123951777,4.5,6.18465843842649,0.0,0.0,3.25,2.165063509461097,17.25,11.519006033508273,4.0,6.928203230275509,1.0,1.7320508075688772,0.75,0.82915619758885,9.5,10.062305898749054,11.92986111111111,9.627077772967208,10.44773547306932,6.946868951003996,34.43125,57.06878293115297,74.5582035756826,63.12417594388737,29.392361111111114,21.816209656161035,86.64632633911565,58.52638035224879,478.9701388888889,371.881278773247,243.3890851713162,184.91100747579108,13.0
80,99_4,99,3.0960000000000005,2.2765709301491137,1.2,0.7483314773547883,2.6,5.2,0.0,0.0,2.25,3.897114317029974,0.75,1.299038105676658,0.5,0.5,0.0,0.0,2.25,2.48746859276655,1.75,1.7853571071357126,0.5,0.8660254037844386,9.25,11.255554184490428,0.0,0.0,2.25,2.277608394786075,21.25,12.316147936753602,4.25,7.361215932167728,6.75,9.522998477370455,0.0,0.0,11.5,10.735455276791944,17.25,11.776565713313875,0.5,0.8660254037844386,0.0,0.0,1.0,1.7320508075688772,9.25,11.54068888758379,7.638194444444445,14.23668526958708,4.9233945258304646,5.464210082108638,52.45625,79.43923480818356,61.45846758906679,60.7554164921236,79.63194444444444,67.54297033322702,59.16764559874092,58.67417305681061,589.0250000000001,443.5084706048622,103.89582130628224,91.24158879131004,11.75
81,99_4,99,2.8838,2.3017547567019383,1.6,1.2,0.0,0.0,0.0,0.0,4.0,6.363961030678928,3.5,6.06217782649107,0.25,0.4330127018922193,0.0,0.0,0.25,0.4330127018922193,7.0,11.554220008291344,1.0,1.7320508075688772,9.75,10.779030568655047,0.0,0.0,0.25,0.4330127018922193,13.5,10.781929326423912,4.25,5.3091901453988255,8.25,12.090802289343747,0.0,0.0,3.5,6.06217782649107,9.5,8.845903006477066,5.25,9.093266739736606,0.0,0.0,0.0,0.0,3.75,6.49519052838329,7.727083333333334,14.088860324492382,5.195294485699162,3.917031268303061,-4.197916666666663,101.17594005668624,45.989184555403945,28.708121511769995,56.36041666666667,64.12705930606093,53.12582740816895,53.24654579670665,621.1572916666668,574.1366491032713,221.30253338372304,185.3294416746921,13.0
82,99_4,99,1.5926000000000002,1.7301871112686051,1.2,1.1661903789690602,0.0,0.0,0.0,0.0,3.0,5.196152422706632,0.5,0.8660254037844386,0.0,0.0,1.0,1.7320508075688772,0.0,0.0,7.75,12.852528934026951,0.0,0.0,8.0,12.727922061357855,0.0,0.0,0.0,0.0,8.25,12.616952880945542,4.75,7.119515432949071,7.75,12.852528934026951,0.0,0.0,1.0,1.7320508075688772,9.0,10.63014581273465,7.75,12.852528934026951,0.0,0.0,0.0,0.0,0.0,0.0,10.09236111111111,11.7040033140968,3.856288578112436,4.030692074934136,-27.452777777777776,88.15831672548184,33.09625037801741,36.3718745883396,43.57361111111111,71.67875798355335,43.03888028679617,48.63011655950381,503.66840277777777,511.6697001898544,116.70774086017288,116.85199301690278,13.5
83,99_4,99,1.6878,2.7225657310706017,0.6,0.7999999999999999,0.0,0.0,0.0,0.0,4.75,6.139014578904337,2.0,2.9154759474226504,3.0,2.1213203435596424,1.5,2.0615528128088303,2.5,2.5,6.25,8.1967981553775,1.75,2.48746859276655,7.0,7.842193570679061,0.0,0.0,2.25,2.48746859276655,13.5,8.902246907382429,4.0,2.549509756796392,7.0,9.874208829065749,0.0,0.0,1.25,2.165063509461097,17.0,10.88577052853862,2.5,4.330127018922194,0.0,0.0,0.0,0.0,1.25,1.6393596310755,6.7682142857142855,4.867146017942889,10.124362436037528,7.267882680242915,28.362182539682543,58.14386524486645,81.08726201390257,55.10375616511257,-0.2444642857142847,28.444934788933576,106.78377463343864,62.96907250590854,561.218005952381,420.0416660870451,211.443442210987,126.01268320998736,2.25
84,99_4,99,3.3560000000000003,2.861265244607707,0.8,0.7483314773547883,0.0,0.0,0.0,0.0,3.75,3.766629793329841,0.75,0.82915619758885,0.5,0.8660254037844386,0.25,0.4330127018922193,10.75,9.03811374126261,11.5,8.760707733967616,1.5,2.0615528128088303,15.75,10.54454835448157,0.0,0.0,12.5,9.759610647971568,12.75,7.885905147793752,10.5,8.874119674649425,8.5,8.381527307120106,0.0,0.0,2.75,2.7726341266023544,10.0,7.615773105863909,8.25,5.11737237261468,1.0,1.0,0.0,0.0,1.0,1.0,12.71736111111111,11.290218298356194,7.187008707909532,4.4842851855833645,15.056944444444444,15.257758917217364,104.09763871503274,60.695639428136175,-13.135416666666668,47.36905649282908,102.32565824897829,59.942392142113086,792.5111111111111,513.2241551804125,253.8353850550656,151.54929828072017,12.75
85,99_4,99,1.0024,0.575027860194617,0.8,0.4,0.2,0.4000000000000001,0.0,0.0,6.5,6.652067347825035,2.25,2.8613807855648994,0.5,0.8660254037844386,0.25,0.4330127018922193,2.0,2.449489742783178,2.25,2.7726341266023544,0.25,0.4330127018922193,5.75,4.656984002549289,0.0,0.0,4.0,5.338539126015656,11.75,7.949056547792323,10.25,9.229707470987366,5.75,6.179603547154137,0.0,0.0,4.5,4.55521678957215,13.0,12.041594578792296,2.5,3.278719262151,1.0,1.7320508075688772,0.5,0.8660254037844386,6.0,6.519202405202649,9.0125,11.966235049087077,6.5161955252673,4.106946356660435,54.67083333333333,52.62757465989986,69.39518985120178,41.54801632133457,63.00625,56.521899447802525,67.34407385241614,46.22455424205829,560.5309027777778,409.3352521067051,144.31401626301243,90.07193428981917,5.5
86,99_4,99,0.2392,0.4784,0.2,0.4000000000000001,0.0,0.0,0.0,0.0,8.25,10.638961415476606,3.0,3.6742346141747673,0.25,0.4330127018922193,1.75,3.031088913245535,1.0,1.7320508075688772,3.75,3.897114317029974,0.25,0.4330127018922193,5.25,5.2141634036535525,0.0,0.0,2.25,2.48746859276655,10.75,10.084022015049351,9.0,6.96419413859206,5.0,3.082207001484488,0.0,0.0,4.0,5.787918451395113,16.5,10.012492197250394,2.5,2.0615528128088303,0.5,0.8660254037844386,0.5,0.8660254037844386,1.75,1.7853571071357126,9.383333333333333,9.14798285294511,6.275899808048681,3.7934050504938575,23.522916666666667,29.249439319768737,92.62353555840068,53.58849687635623,17.729166666666668,38.14383073206815,90.7870299538686,53.564849888189286,667.71875,464.1587717059352,234.6018116963045,185.53657805880212,13.25
87,99_4,99,1.9778,1.047953510419236,0.8,0.4,0.0,0.0,0.0,0.0,5.0,5.744562646538029,0.75,1.299038105676658,0.0,0.0,0.0,0.0,8.0,8.276472678623424,8.25,8.437268515343103,0.75,1.299038105676658,11.75,9.065732182234372,0.0,0.0,9.75,9.67923034130297,11.25,7.495832175282475,13.75,9.959292143521044,1.5,1.5,0.0,0.0,0.5,0.8660254037844386,10.25,9.283722313813572,9.0,8.573214099741124,6.25,9.67923034130297,0.0,0.0,2.0,2.1213203435596424,10.864999999999998,12.35075745540419,6.267129418638989,5.229426749444676,54.25208333333334,60.6628050439362,61.40156211576853,53.18155675392736,36.748333333333335,81.09626781897344,63.55971773737238,55.572773602437486,844.2185416666666,512.8939535285072,233.09047847042208,157.1932533210598,13.75
88,99_4,99,1.5550000000000002,2.441889923809016,0.6,0.7999999999999999,0.0,0.0,0.0,0.0,4.75,8.227241335952167,0.5,0.8660254037844386,0.0,0.0,0.25,0.4330127018922193,10.0,11.74734012447073,11.25,11.519006033508273,0.25,0.4330127018922193,13.75,10.825317547305485,0.0,0.0,11.0,11.335784048754634,14.25,12.214233500306108,11.0,11.335784048754634,1.25,1.6393596310755,0.0,0.0,0.25,0.4330127018922193,9.75,10.256095748383007,12.0,11.575836902790224,9.75,12.255100978776143,0.0,0.0,0.5,0.5,10.658333333333331,10.061488044353414,5.576097683998318,5.931868607282545,29.16875,79.39414038145209,57.447959406757015,57.600812876446255,16.54375,94.0995773869879,56.15761512690906,56.62585346481821,727.878125,503.6988144089042,178.03183999988926,205.9840234312541,11.5
89,99_4,99,4.8276,4.0717945724213545,1.4,1.2000000000000002,0.0,0.0,0.0,0.0,5.5,7.262919523166975,1.0,1.7320508075688772,0.25,0.4330127018922193,2.75,3.6996621467371855,5.0,4.123105625617661,6.5,3.774917217635375,1.25,1.299038105676658,7.25,5.261891294962297,0.0,0.0,7.0,6.123724356957945,6.25,6.49519052838329,13.75,9.54921462739214,7.25,5.973901572674261,0.0,0.0,0.0,0.0,10.75,8.642193008721803,5.75,4.02336923485777,2.5,3.278719262151,0.0,0.0,1.0,1.0,11.691666666666666,10.411883902007787,8.18375337878085,4.807648476753864,37.5,46.37714318198376,76.84977109284091,44.77834825370189,-1.906944444444445,31.57037122240361,88.82706907779124,53.066891397834425,616.0465277777777,449.7995143398946,292.7618940219607,173.39226078637708,12.5
90,99_4,99,2.2058,1.4890923947156536,1.0,0.6324555320336759,0.0,0.0,0.0,0.0,5.25,5.539629951540085,1.0,1.7320508075688772,1.5,2.0615528128088303,0.25,0.4330127018922193,3.25,3.112474899497183,6.75,5.539629951540085,0.75,1.299038105676658,6.75,4.656984002549289,0.0,0.0,3.75,3.561951712193752,11.0,9.246621004453464,6.5,5.408326913195984,8.0,6.519202405202649,0.0,0.0,3.25,2.384848003542364,16.75,9.832980219648569,3.5,2.692582403567252,1.0,1.224744871391589,0.25,0.4330127018922193,1.25,1.6393596310755,9.98125,8.432256229479675,8.51599948663721,5.938786901193907,-28.35138888888889,32.70264727056644,101.231377370682,58.45092495084988,2.770833333333332,45.82887008992406,104.51191825900304,60.85312199455312,724.5666666666666,533.3538812348509,375.1575425525512,294.1119234767098,12.25
91,99_4,99,0.3198,0.6396,0.2,0.4000000000000001,0.0,0.0,0.0,0.0,9.0,9.9498743710662,4.0,4.898979485566356,0.25,0.4330127018922193,1.5,2.598076211353316,0.75,1.299038105676658,2.75,3.112474899497183,0.5,0.5,4.0,4.183300132670378,0.0,0.0,1.25,2.165063509461097,6.5,5.5901699437494745,11.5,7.22841614740048,6.25,6.179603547154137,0.0,0.0,2.0,2.9154759474226504,14.5,10.259142264341596,2.25,2.48746859276655,0.0,0.0,0.5,0.8660254037844386,1.25,2.165063509461097,8.015277777777778,9.366690865099889,7.750229961058174,4.592411083849298,-31.76458333333333,26.78287622733017,84.87373955262478,50.29044027027926,0.3618055555555557,62.145748527865805,82.31078642210778,47.94166300426258,707.8097222222223,540.7874930442657,281.0151208204772,227.65356632542503,13.0
92,99_4,99,4.105,4.312127038944934,0.8,0.4,0.0,0.0,0.0,0.0,5.75,9.390819985496474,0.5,0.8660254037844386,0.5,0.5,0.75,1.299038105676658,2.25,2.48746859276655,7.0,6.819090848492928,1.5,2.598076211353316,7.5,4.387482193696061,0.0,0.0,3.0,2.549509756796392,15.25,11.299889379989525,5.5,3.905124837953327,6.0,4.636809247747852,0.0,0.0,2.0,2.9154759474226504,15.5,10.428326807307103,5.0,5.385164807134504,1.75,1.7853571071357126,1.25,1.6393596310755,0.5,0.8660254037844386,6.113888888888889,8.155118677747623,9.065241837695536,7.057446541740616,17.793055555555554,46.51557951623823,86.96630338397,51.51329247686984,17.417361111111106,78.633488554687,76.57605189394681,46.67251388327322,538.5309027777778,403.88366442915566,342.2558054580122,279.73989195539684,13.5
93,99_4,99,1.4294,2.8588,0.2,0.4000000000000001,0.0,0.0,0.0,0.0,1.25,1.299038105676658,0.5,0.8660254037844386,0.5,0.5,0.5,0.5,5.0,5.522680508593631,5.5,4.716990566028302,0.25,0.4330127018922193,7.5,8.077747210701755,0.0,0.0,7.0,7.3824115301167,8.0,7.648529270389178,9.25,7.292976072907411,6.75,4.968651728587948,0.0,0.0,1.75,2.0463381929681126,10.25,9.65336728815391,4.0,4.743416490252569,1.5,1.118033988749895,0.0,0.0,0.75,0.82915619758885,10.38888888888889,10.443990275290876,7.370243199060092,5.517340557053818,9.586805555555555,8.86213669069356,90.16016931648916,62.3710788030772,-0.0236111111111112,14.04538533295668,89.10567104123442,60.0188316141041,415.82916666666665,308.342524545503,326.7851951673568,294.5177335959513,12.5
94,99_4,99,1.297,1.7150848375517755,0.4,0.4898979485566356,0.0,0.0,0.0,0.0,5.5,7.399324293474371,2.75,4.763139720814412,0.25,0.4330127018922193,0.0,0.0,4.75,4.968651728587948,6.0,5.522680508593631,1.25,1.299038105676658,6.0,5.787918451395113,0.0,0.0,6.0,6.164414002968976,7.75,7.822243923581007,16.25,10.158124826955024,8.25,6.417748826496718,0.0,0.0,0.25,0.4330127018922193,15.75,10.328964130056798,3.0,4.123105625617661,1.25,1.6393596310755,0.0,0.0,1.75,1.920286436967152,12.50138888888889,11.439884896063647,9.747938733623434,5.959965576571651,-6.196527777777779,32.36887921637908,96.984876001601,57.091266630615486,-38.27638888888889,37.32894885278319,96.96956754809032,56.666672784035015,670.7118055555555,597.0845899554021,358.93794415483154,322.576509364613,11.75
95,99_4,99,0.2774,0.5548,0.2,0.4000000000000001,6.6,13.199999999999998,0.0,0.0,5.75,9.959292143521044,4.5,7.794228634059948,0.0,0.0,2.0,3.4641016151377544,0.5,0.8660254037844386,5.0,5.744562646538029,1.0,1.7320508075688772,2.25,2.8613807855648994,0.0,0.0,0.5,0.8660254037844386,2.0,2.449489742783178,4.25,3.191786333700926,1.25,1.6393596310755,0.0,0.0,0.25,0.4330127018922193,16.0,9.246621004453464,1.0,1.7320508075688772,0.5,0.8660254037844386,1.25,1.6393596310755,5.5,8.411301920630361,12.710416666666664,17.498586624472463,8.786544089102204,6.90201212998683,43.46458333333334,33.606169022281705,68.91432453107899,40.77118471294826,45.12916666666667,26.74396771288393,78.64629202220664,49.855761617245136,235.91875,335.8427401559417,92.31305744064444,71.92375766935237,13.75
96,99_4,99,2.6968,1.958685722621166,1.2,0.9797958971132712,0.0,0.0,0.0,0.0,4.5,5.722761571129799,1.25,1.6393596310755,0.25,0.4330127018922193,1.0,1.224744871391589,3.0,3.0,7.25,5.261891294962297,0.75,0.82915619758885,6.75,5.889609494694874,0.0,0.0,4.0,5.244044240850758,11.5,7.088723439378913,9.0,6.4031242374328485,5.75,4.710360920354193,0.0,0.0,1.0,1.7320508075688772,14.75,9.730750228014282,3.25,2.7726341266023544,1.0,1.0,0.75,1.299038105676658,2.5,2.8722813232690143,13.258333333333333,9.950619397248037,8.048854618550706,5.623333249011211,28.60833333333333,24.899560041851704,85.42402333261096,49.46998200539375,-10.129166666666668,40.15097398327413,93.51902794962076,54.13031204594505,440.5885416666667,361.9508718362851,236.02451413686344,187.0026609609935,12.5
97,99_4,99,0.6912,1.0417658854080414,0.4,0.4898979485566356,0.0,0.0,0.0,0.0,1.25,1.6393596310755,0.0,0.0,2.0,2.449489742783178,0.5,0.8660254037844386,5.75,6.179603547154137,8.0,9.974968671630002,1.5,1.5,9.5,8.958236433584458,0.0,0.0,6.75,7.258615570478987,13.5,9.205976319760984,6.75,9.443913383762052,7.0,7.035623639735144,0.0,0.0,2.5,4.330127018922194,14.25,11.121488209767612,6.75,7.562241731127087,1.0,1.0,1.0,1.7320508075688772,2.0,2.1213203435596424,11.678472222222222,11.705944855725138,6.611961031551398,3.888621749470581,-47.16944444444445,34.24939020138412,90.05054897584809,54.69574407614771,-38.97083333333333,35.88256235624764,89.23713709773193,55.293518507954296,701.3041666666667,582.1653094342539,376.3980484027621,311.2931017131876,12.5
98,99_4,99,3.3604,2.008745339758129,1.4,0.8,0.0,0.0,0.0,0.0,2.0,2.0,0.5,0.8660254037844386,0.25,0.4330127018922193,0.25,0.4330127018922193,5.0,5.958187643906492,7.25,8.814051281902097,0.75,1.299038105676658,7.75,8.437268515343103,0.0,0.0,5.75,7.1545440106270926,7.75,9.20258115965298,4.75,3.491060010942235,3.25,4.548351349665063,0.0,0.0,1.75,2.48746859276655,7.5,6.87386354243376,4.25,3.031088913245535,0.75,1.299038105676658,0.0,0.0,2.0,1.8708286933869709,7.196527777777778,9.3640280188006,9.125643159324046,5.882872972727708,-10.534027777777778,10.681688166900749,64.49231400356686,44.409342184691965,-12.80486111111111,10.143878980338188,61.70710229868311,41.16715307541975,300.5184027777778,359.38827551617027,242.0636405977036,162.6467609248326,10.5
1,100_1,100,1.7335,0.0264999999999999,1.0,0.0,0.0,0.0,0.0,0.0,8.5,8.5,0.0,0.0,0.5,0.5,3.5,0.5,0.0,0.0,0.0,0.0,0.0,0.0,0.0,0.0,0.0,0.0,0.0,0.0,1.5,1.5,11.0,11.0,12.0,12.0,0.0,0.0,0.0,0.0,26.0,4.0,0.0,0.0,0.0,0.0,0.0,0.0,0.0,0.0,3.809722222222223,4.818055555555556,4.288180886199712,0.9312953421938458,102.4875,39.89583333333333,65.34186491708152,14.515546639739911,23.513888888888893,119.65555555555557,65.8785509043139,9.713464859404304,275.74097222222224,28.33680555555556,81.55473905690741,60.062839339287706,0.0
2,100_1,100,3.456,0.961,1.0,0.0,0.0,0.0,0.0,0.0,5.0,5.0,0.0,0.0,1.0,1.0,2.0,1.0,0.0,0.0,0.5,0.5,0.0,0.0,0.0,0.0,0.0,0.0,0.0,0.0,0.5,0.5,13.0,13.0,12.5,12.5,0.0,0.0,0.0,0.0,28.5,1.5,0.0,0.0,0.0,0.0,0.0,0.0,0.0,0.0,4.557499999999999,4.675833333333333,5.616055398539553,0.2177302982062192,29.275277777777777,36.28027777777778,94.48485888270784,10.167863413229682,62.18972222222222,78.52138888888888,65.40075434827075,11.339837347968398,258.4468055555556,30.98513888888887,67.49467025402868,47.87273022365565,14.0
3,100_1,100,2.3355,1.5245,1.0,0.0,0.0,0.0,0.0,0.0,2.0,2.0,0.0,0.0,0.0,0.0,3.0,3.0,0.0,0.0,1.0,1.0,0.0,0.0,0.0,0.0,0.0,0.0,0.0,0.0,1.0,1.0,11.0,11.0,11.5,11.5,0.0,0.0,0.0,0.0,27.0,3.0,0.0,0.0,0.0,0.0,0.0,0.0,0.0,0.0,0.8551190476190478,3.1782142857142857,4.096682875450255,1.349161615739539,48.15380952380952,65.23785714285714,86.17592462017872,3.1716656096382394,37.803809523809534,93.9045238095238,73.28842590995188,15.77211256747308,254.6909126984127,15.366031746031725,57.14190574300866,34.13802433280297,14.0
4,100_1,100,0.3195,0.3195,0.5,0.5,0.0,0.0,0.0,0.0,0.5,0.5,0.0,0.0,0.0,0.0,2.0,0.0,0.0,0.0,0.0,0.0,0.0,0.0,0.0,0.0,0.0,0.0,0.0,0.0,5.5,5.5,12.5,12.5,12.5,11.5,0.0,0.0,0.5,0.5,28.5,1.5,0.0,0.0,0.0,0.0,0.0,0.0,0.5,0.5,3.668055555555556,4.5625,5.900246521699173,0.3415140966907968,61.82222222222222,17.13333333333334,100.32850057306192,5.592757158831425,37.28194444444444,77.52083333333334,93.18674932846808,4.271534086400472,271.6402777777778,22.86944444444445,66.63934906645753,34.14883451405886,14.0
5,100_1,100,0.0,0.0,0.0,0.0,1.5,1.5,1.5,1.5,0.5,0.5,0.0,0.0,3.0,3.0,0.5,0.5,0.0,0.0,0.5,0.5,0.0,0.0,0.0,0.0,0.0,0.0,0.0,0.0,1.5,1.5,7.0,7.0,14.0,14.0,0.0,0.0,1.5,1.5,27.5,2.5,0.0,0.0,0.0,0.0,0.0,0.0,0.0,0.0,3.5,3.033333333333333,4.61131017666665,0.6302438761776858,59.29583333333333,6.954166666666666,102.30369235053502,12.81353926093525,55.204166666666666,77.8875,84.84939921292053,18.951008889467083,292.9208333333333,28.0625,76.362653856831,37.7964535571443,14.0
6,100_1,100,1.2265,1.2265,0.5,0.5,0.5,0.5,0.5,0.5,2.5,1.5,0.0,0.0,0.5,0.5,1.5,1.5,0.0,0.0,0.0,0.0,0.0,0.0,0.0,0.0,0.0,0.0,0.0,0.0,1.0,1.0,7.5,7.5,12.5,12.5,0.0,0.0,4.0,4.0,30.0,0.0,0.0,0.0,0.0,0.0,0.0,0.0,0.5,0.5,2.7833333333333337,2.788888888888889,4.757989354850167,1.1747249282947831,52.44027777777778,13.934722222222224,93.50474140146392,25.27221837121044,29.21388888888889,62.41666666666667,97.95428441646642,5.798599709740756,308.5826388888889,5.679861111111109,76.46397089624354,46.35159776770884,7.0
7,100_1,100,9.0495,4.9125,2.0,0.0,0.0,0.0,0.0,0.0,3.5,3.5,0.0,0.0,1.0,1.0,5.0,0.0,0.0,0.0,0.0,0.0,0.0,0.0,0.0,0.0,0.0,0.0,0.0,0.0,2.5,2.5,8.5,8.5,10.0,10.0,0.0,0.0,0.5,0.5,29.0,1.0,0.0,0.0,0.0,0.0,0.0,0.0,0.0,0.0,1.051388888888889,5.001388888888889,6.286004958753992,0.1109880896812174,60.05416666666666,12.2625,81.51477444847076,0.0472174259220565,3.8013888888888943,60.72638888888889,91.11177084838384,14.871548797727815,272.0256944444444,4.671527777777754,72.6063408312546,31.00751167939558,0.0
8,100_1,100,5.632499999999999,1.7274999999999998,1.5,0.5,0.0,0.0,0.0,0.0,4.5,3.5,0.0,0.0,1.0,1.0,1.0,0.0,0.0,0.0,0.0,0.0,0.0,0.0,0.0,0.0,0.0,0.0,0.0,0.0,1.5,1.5,9.0,9.0,10.5,10.5,0.0,0.0,0.0,0.0,27.5,2.5,0.0,0.0,0.0,0.0,0.0,0.0,0.5,0.5,3.088888888888889,3.5138888888888884,4.103209878319773,1.505013388444536,30.759722222222223,15.576388888888893,98.60908499256507,5.218285719355677,12.376388888888894,72.77638888888889,89.4558637117051,19.63288516357001,252.01041666666663,29.322916666666657,69.86975330680757,34.08341178405153,0.0
9,100_1,100,3.2430000000000003,2.0690000000000004,1.0,0.0,0.0,0.0,0.0,0.0,1.5,1.5,0.0,0.0,1.0,1.0,7.5,5.5,0.0,0.0,1.0,1.0,0.0,0.0,0.0,0.0,0.0,0.0,0.0,0.0,2.5,2.5,5.0,5.0,8.0,8.0,0.0,0.0,2.0,2.0,27.0,3.0,0.0,0.0,0.0,0.0,0.0,0.0,0.0,0.0,-0.1702777777777777,4.514722222222223,3.194705026283549,1.282021483892562,84.5311111111111,18.65888888888889,74.73144137669286,18.85596017071128,-49.335277777777776,93.52138888888888,83.16844999267337,19.46434267698384,247.6509722222222,15.335138888888864,125.6088588778077,90.43131130165878,0.0
10,100_1,100,2.725,2.725,0.5,0.5,0.0,0.0,0.0,0.0,4.0,3.0,0.0,0.0,0.5,0.5,0.5,0.5,0.0,0.0,1.0,1.0,0.0,0.0,0.0,0.0,0.0,0.0,0.0,0.0,2.5,2.5,6.0,6.0,11.5,11.5,0.0,0.0,1.0,1.0,24.0,6.0,0.0,0.0,0.0,0.0,0.0,0.0,0.5,0.5,1.1458333333333333,3.2958333333333334,5.210247954378147,0.1007796193488883,68.87361111111112,5.593055555555555,82.79601731564122,1.8399121443437776,33.105555555555554,56.97222222222222,92.75556869883364,8.901816123366523,301.5652777777778,22.71111111111111,109.57387598743308,69.04560546171786,0.0
11,100_1,100,1.6585,0.3685,1.0,0.0,0.0,0.0,0.0,0.0,5.5,4.5,0.0,0.0,0.0,0.0,8.0,2.0,0.0,0.0,0.0,0.0,0.0,0.0,0.0,0.0,0.0,0.0,0.0,0.0,0.0,0.0,7.0,7.0,7.5,7.5,0.0,0.0,0.5,0.5,26.5,3.5,0.0,0.0,0.0,0.0,0.0,0.0,0.5,0.5,-0.9030555555555556,1.638611111111111,7.564257255562468,2.20219965344786,84.2363888888889,1.8530555555555568,87.30784179903304,15.139758672056324,-26.6875,74.6625,97.88600936101712,31.876174235232,278.17847222222224,16.47569444444443,97.69680870834516,52.76432830564662,11.5
12,100_1,100,7.9525,3.5995,2.5,0.5,0.0,0.0,0.0,0.0,8.5,0.5,0.0,0.0,0.5,0.5,4.0,2.0,0.0,0.0,0.0,0.0,0.0,0.0,0.0,0.0,0.0,0.0,0.0,0.0,1.0,1.0,8.0,8.0,11.0,11.0,0.0,0.0,0.5,0.5,27.5,2.5,0.0,0.0,0.0,0.0,0.0,0.0,0.5,0.5,0.7036111111111112,4.336944444444445,5.436151054879926,0.8274120063674202,82.31416666666667,12.139166666666677,76.25884575802661,13.104433468253331,-0.8230555555555483,106.29361111111112,68.76916583292561,22.39448104813285,343.3581944444444,27.95402777777776,101.562745639777,60.23751520921691,14.0
13,100_1,100,3.7755,1.9095,1.5,0.5,0.0,0.0,0.0,0.0,3.5,3.5,0.5,0.5,0.0,0.0,4.0,4.0,0.0,0.0,0.0,0.0,0.0,0.0,0.0,0.0,0.0,0.0,0.0,0.0,0.0,0.0,9.0,9.0,9.0,9.0,0.0,0.0,0.0,0.0,25.0,5.0,0.0,0.0,0.0,0.0,0.0,0.0,1.0,1.0,3.009166666666667,6.234166666666667,8.57468259389116,1.5519961421121824,32.920833333333334,16.554166666666667,87.50678017528995,8.814586223863678,-10.011944444444444,36.76305555555555,86.14268467114097,23.833430743654404,249.29472222222225,19.07194444444444,74.22624267418553,40.95051745460709,14.0
14,100_1,100,6.0695,0.5224999999999995,3.0,0.0,11.5,5.5,1.5,0.5,2.0,1.0,0.0,0.0,3.5,3.5,3.5,0.5,0.0,0.0,0.0,0.0,0.0,0.0,0.0,0.0,0.0,0.0,0.0,0.0,0.5,0.5,3.0,3.0,6.5,6.5,0.0,0.0,4.5,4.5,27.0,3.0,0.0,0.0,3.5,3.5,0.0,0.0,0.0,0.0,0.2708333333333333,2.1041666666666665,4.793007696279975,0.4382529513042157,34.51805555555556,54.12361111111111,62.00862008781081,14.208354950238384,-52.66944444444445,69.63888888888889,57.04136480003419,5.078570284256944,261.8652777777778,7.355555555555583,89.73710755327062,52.41795078619515,14.0
15,100_1,100,3.397,0.2830000000000001,1.5,0.5,16.5,10.5,6.5,6.5,0.5,0.5,0.0,0.0,0.0,0.0,1.0,1.0,0.0,0.0,0.0,0.0,0.0,0.0,0.0,0.0,0.0,0.0,0.0,0.0,0.0,0.0,0.0,0.0,0.0,0.0,0.0,0.0,0.0,0.0,15.0,15.0,0.0,0.0,0.0,0.0,0.0,0.0,0.0,0.0,-0.6236111111111112,0.6236111111111112,1.8597678610282469,1.8597678610282469,20.36527777777778,20.36527777777778,48.851699100598665,48.851699100598665,-16.87638888888889,16.87638888888889,41.024654516078265,41.024654516078265,110.4923611111111,110.4923611111111,13.46578255672388,13.46578255672388,11.0
16,100_1,100,1.611,1.611,0.5,0.5,48.0,48.0,4.0,4.0,1.5,1.5,0.0,0.0,0.0,0.0,2.0,2.0,0.0,0.0,0.0,0.0,0.0,0.0,0.0,0.0,0.0,0.0,0.0,0.0,2.0,2.0,1.0,1.0,4.0,4.0,0.0,0.0,0.0,0.0,21.0,9.0,0.0,0.0,0.0,0.0,0.0,0.0,1.0,1.0,-0.6041666666666665,2.9291666666666667,5.203085321106995,0.9256493679531284,22.73333333333333,15.6,73.98565975210947,16.696163429582,-35.175,17.05,67.35258439217034,1.9922769291032336,220.0875,12.262500000000005,165.45531438343335,136.5957478008713,14.0
17,100_1,100,0.0,0.0,0.0,0.0,2.0,2.0,0.0,0.0,4.5,4.5,0.5,0.5,0.0,0.0,8.0,8.0,0.0,0.0,0.0,0.0,0.0,0.0,0.0,0.0,0.0,0.0,0.0,0.0,3.5,3.5,2.0,2.0,8.0,8.0,0.0,0.0,1.5,1.5,29.5,0.5,0.0,0.0,0.0,0.0,0.0,0.0,1.5,1.5,0.3902777777777778,1.6180555555555554,5.877254122716054,4.278508472426119,14.04583333333333,49.81527777777778,95.99415109607098,33.63833097902709,-97.55277777777778,0.7972222222222243,77.23849574189452,14.263315445738709,393.6645833333333,142.1909722222222,136.1759858872978,75.44288878432488,0.0
18,100_1,100,3.168,0.609,1.5,0.5,17.5,17.5,3.0,3.0,0.0,0.0,0.0,0.0,1.5,1.5,3.0,3.0,0.0,0.0,0.0,0.0,0.0,0.0,0.0,0.0,0.0,0.0,0.0,0.0,4.5,4.5,3.0,3.0,3.5,3.5,0.0,0.0,0.0,0.0,25.5,4.5,0.0,0.0,0.0,0.0,0.5,0.5,0.0,0.0,0.4513888888888889,1.5097222222222224,5.659351886412729,0.9389690747237354,25.05555555555556,29.36944444444444,92.57130261205454,8.039025510857385,-59.16111111111111,25.797222222222217,92.2862251287614,9.845739440262712,326.2361111111111,65.78611111111113,167.7333125702114,134.3134675426433,14.0
19,100_1,100,1.045,1.045,0.5,0.5,2.0,0.0,1.0,1.0,0.5,0.5,0.0,0.0,0.0,0.0,5.5,5.5,0.0,0.0,0.0,0.0,0.0,0.0,0.0,0.0,0.0,0.0,0.0,0.0,0.0,0.0,0.0,0.0,0.0,0.0,0.0,0.0,0.0,0.0,15.0,15.0,0.0,0.0,0.0,0.0,0.0,0.0,0.0,0.0,-0.6791666666666667,0.6791666666666667,1.9420466366410687,1.9420466366410687,17.970833333333335,17.970833333333335,41.20895285176377,41.20895285176377,-37.43333333333333,37.43333333333333,35.18350307869995,35.18350307869995,131.54166666666666,131.54166666666666,17.71670390400602,17.71670390400602,14.0
20,100_1,100,0.4,0.4,0.5,0.5,0.0,0.0,0.0,0.0,0.0,0.0,0.0,0.0,0.0,0.0,7.5,4.5,0.0,0.0,0.0,0.0,0.0,0.0,0.0,0.0,0.0,0.0,0.0,0.0,2.0,2.0,0.5,0.5,1.0,1.0,0.0,0.0,0.5,0.5,20.0,10.0,0.0,0.0,0.0,0.0,0.5,0.5,0.0,0.0,-1.0963888888888889,1.9602777777777776,3.582075271537046,0.0954643733214797,58.366388888888885,60.98027777777777,42.61122171132786,19.486556188221243,-66.52944444444445,67.21555555555557,55.232550563465466,4.449006261067854,195.51666666666665,44.279166666666654,150.30158532318643,121.81075194110446,14.0
21,100_1,100,3.1395,0.1534999999999999,1.5,0.5,0.5,0.5,0.5,0.5,7.0,6.0,0.0,0.0,0.0,0.0,6.5,5.5,0.0,0.0,0.0,0.0,0.0,0.0,0.0,0.0,0.0,0.0,0.0,0.0,4.0,4.0,3.0,3.0,7.0,7.0,0.0,0.0,0.0,0.0,27.5,1.5,0.0,0.0,0.0,0.0,0.5,0.5,3.5,3.5,-1.383888888888889,1.0061111111111112,6.412438668439908,2.857503132221752,18.0275,59.31916666666666,98.1872431047066,27.48160220134192,-104.735,25.11,76.79925054371353,18.10257921560497,319.27777777777777,90.5986111111111,132.17432062641035,65.6954730872202,13.0
22,100_1,100,2.495,2.495,0.5,0.5,58.0,0.0,7.0,5.0,4.0,3.0,0.0,0.0,0.0,0.0,1.5,0.5,0.0,0.0,0.0,0.0,0.0,0.0,0.0,0.0,0.0,0.0,0.0,0.0,7.0,7.0,5.0,5.0,11.0,11.0,0.0,0.0,0.5,0.5,30.0,0.0,0.0,0.0,0.0,0.0,0.0,0.0,1.0,1.0,1.2930555555555554,2.0013888888888887,3.490800372191924,1.6695332613899725,28.15416666666667,91.42083333333332,64.66209453475567,21.55635487439644,-73.30555555555556,2.6472222222222257,107.02772617458656,4.149531948491088,337.69444444444446,137.01944444444442,108.15930747564586,80.91264101287773,14.0
23,100_1,100,3.146,1.6210000000000002,1.0,0.0,81.5,6.5,5.5,1.5,0.0,0.0,0.0,0.0,0.0,0.0,1.0,1.0,0.0,0.0,0.0,0.0,0.0,0.0,0.0,0.0,0.0,0.0,0.0,0.0,5.0,5.0,0.5,0.5,9.0,9.0,0.0,0.0,1.0,1.0,30.0,0.0,0.0,0.0,0.0,0.0,2.5,2.5,0.0,0.0,1.0666666666666669,0.8916666666666666,3.195317332820766,1.824262386195115,19.01666666666667,78.66666666666667,91.75065063211072,19.211553894175303,4.625,41.03333333333333,103.60043150401675,4.2180788759526,377.325,169.65416666666667,95.610100277114,76.25899987415097,14.0
24,100_1,100,0.0,0.0,0.0,0.0,38.0,31.0,14.0,13.0,0.0,0.0,0.0,0.0,0.0,0.0,0.0,0.0,0.0,0.0,0.0,0.0,0.0,0.0,0.0,0.0,0.0,0.0,0.0,0.0,8.5,8.5,1.0,1.0,11.5,11.5,0.0,0.0,0.5,0.5,30.0,0.0,0.0,0.0,0.0,0.0,0.0,0.0,0.0,0.0,2.316666666666667,1.866666666666667,2.875235485069701,0.788172157488735,-47.48333333333333,97.475,80.05311661595599,14.35595523215732,34.56666666666666,11.55,98.91621851203509,27.44528230561464,414.35,222.0125,83.39938088853289,68.37911159722744,14.0
25,100_1,100,2.17,0.378,1.0,0.0,8.0,2.0,24.5,22.5,0.0,0.0,0.0,0.0,0.0,0.0,1.5,0.5,0.0,0.0,0.0,0.0,0.0,0.0,0.0,0.0,0.0,0.0,0.0,0.0,4.0,4.0,1.5,1.5,10.5,10.5,0.0,0.0,0.5,0.5,30.0,0.0,0.0,0.0,0.0,0.0,0.0,0.0,0.0,0.0,2.6319444444444446,1.2069444444444446,3.8434666157621256,0.092827781287835,-13.123611111111105,97.29027777777776,72.34549706987914,7.340037897420231,-5.934722222222222,11.426388888888887,120.81274647286348,16.804964645946527,416.0597222222222,200.7180555555556,113.83044538315774,75.3106867448231,14.0
26,100_1,100,1.088,1.088,0.5,0.5,1.0,1.0,0.5,0.5,5.5,2.5,0.0,0.0,1.0,1.0,7.0,1.0,0.0,0.0,0.0,0.0,0.0,0.0,0.0,0.0,0.0,0.0,0.0,0.0,0.5,0.5,7.0,7.0,11.0,11.0,0.0,0.0,0.0,0.0,29.0,1.0,0.0,0.0,0.0,0.0,0.0,0.0,0.5,0.5,1.850555555555556,2.0672222222222225,4.723256202085133,0.6767899797018435,48.70611111111111,18.81055555555556,97.69962053073294,22.933208359966784,-39.73583333333333,41.7975,116.42726786111244,31.11883887806553,323.94097222222223,55.3076388888889,96.14243465777616,52.32957584643834,14.0
27,100_1,100,3.371,1.4620000000000002,2.0,0.0,0.5,0.5,0.0,0.0,2.5,2.5,0.0,0.0,0.0,0.0,12.0,0.0,0.0,0.0,0.0,0.0,0.0,0.0,0.0,0.0,0.0,0.0,0.0,0.0,1.5,1.5,3.5,3.5,7.5,7.5,0.0,0.0,0.0,0.0,29.5,0.5,0.0,0.0,0.0,0.0,0.0,0.0,1.0,1.0,-0.0749999999999999,3.2,4.54445508783429,2.346586802426814,87.2625,34.07083333333333,72.62096347457546,44.500068712455565,-39.57916666666666,110.49583333333334,92.67283636302346,39.93057192231772,300.2645833333333,35.556250000000006,87.25821677196424,47.58376900573119,14.0
28,100_1,100,5.157,2.619,1.0,0.0,2.0,2.0,0.0,0.0,9.0,9.0,0.5,0.5,1.0,1.0,1.5,0.5,0.0,0.0,0.0,0.0,0.0,0.0,0.0,0.0,0.0,0.0,0.0,0.0,0.0,0.0,10.0,10.0,12.5,12.5,0.0,0.0,0.0,0.0,26.0,4.0,0.0,0.0,0.0,0.0,0.0,0.0,2.5,2.5,3.9097222222222223,4.093055555555556,6.581085191134793,1.816318508157559,68.89999999999999,20.341666666666665,85.7665383461407,9.43194910974742,9.590277777777777,30.41527777777777,116.60838605918951,27.766317617487857,223.72916666666669,21.85000000000001,92.8370113252048,51.1827988114759,7.0
29,100_1,100,0.6715,0.6715,0.5,0.5,0.0,0.0,0.0,0.0,7.0,7.0,0.5,0.5,0.0,0.0,5.0,5.0,0.0,0.0,0.0,0.0,0.0,0.0,0.0,0.0,0.0,0.0,0.0,0.0,0.0,0.0,4.5,4.5,8.5,8.5,0.0,0.0,0.0,0.0,27.5,2.5,0.0,0.0,0.0,0.0,0.0,0.0,1.5,1.5,2.2805555555555554,2.0055555555555555,4.500584361002314,1.768559775949439,58.777777777777786,6.927777777777781,84.67091336278273,4.26344584058468,-35.28888888888889,36.894444444444446,119.39841152914737,34.60587222159849,271.22916666666663,31.925,58.41791937329678,25.863642847179847,7.0
30,100_1,100,5.8135,0.1815000000000002,3.0,0.0,21.0,21.0,0.0,0.0,12.0,9.0,0.5,0.5,0.0,0.0,1.0,1.0,0.0,0.0,0.0,0.0,0.0,0.0,0.0,0.0,0.0,0.0,0.0,0.0,0.0,0.0,2.5,2.5,13.5,13.5,0.0,0.0,0.0,0.0,26.5,3.5,0.0,0.0,0.0,0.0,0.0,0.0,3.5,3.5,3.1366666666666667,3.545,6.015205841931494,1.5499234071663397,40.62666666666667,28.148333333333337,96.13496904409612,20.20415212281354,-74.73583333333333,24.6275,91.95583505749048,6.011723291632876,308.76666666666665,20.495833333333337,81.16149022719972,51.50802142832973,7.0
31,100_1,100,3.365,1.958,1.0,0.0,3.0,3.0,23.0,23.0,10.5,5.5,0.5,0.5,0.0,0.0,7.0,1.0,0.0,0.0,0.0,0.0,0.0,0.0,0.0,0.0,0.0,0.0,0.0,0.0,2.0,2.0,5.5,5.5,11.5,11.5,0.0,0.0,0.0,0.0,29.0,1.0,0.0,0.0,0.0,0.0,0.0,0.0,4.5,4.5,2.793611111111111,4.093611111111111,4.748500359661192,3.2204296806675794,72.71277777777777,5.120555555555555,94.83958385283822,11.460796249382234,-28.028333333333336,1.1533333333333342,139.3114813773513,5.217519451394324,243.86375,14.777916666666655,41.65066969962263,8.455857521278322,7.0
32,100_1,100,3.537,0.7199999999999998,1.0,0.0,0.5,0.5,0.5,0.5,8.0,7.0,0.0,0.0,0.0,0.0,11.5,7.5,0.0,0.0,0.5,0.5,0.0,0.0,0.0,0.0,0.0,0.0,0.0,0.0,1.5,1.5,11.5,11.5,13.0,13.0,0.0,0.0,0.0,0.0,27.5,2.5,0.0,0.0,0.0,0.0,0.0,0.0,0.5,0.5,1.0097222222222224,5.293055555555556,5.797085043859049,1.1824645586812892,83.34305555555555,20.37361111111112,74.14694495395256,24.24643003788291,-40.5125,70.45416666666667,100.5428022004572,1.3125841186875815,285.74652777777777,26.953472222222217,83.47185273322411,0.1760302844191557,14.0
33,100_1,100,4.9865,0.2825000000000002,1.0,0.0,3.5,3.5,2.0,2.0,7.5,6.5,0.0,0.0,0.0,0.0,2.0,2.0,0.0,0.0,0.0,0.0,0.0,0.0,0.0,0.0,0.0,0.0,0.0,0.0,0.5,0.5,4.0,4.0,12.5,12.5,0.0,0.0,0.0,0.0,27.5,2.5,0.0,0.0,0.0,0.0,0.0,0.0,3.5,3.5,2.8075,7.299166666666666,6.804244055766264,2.149452418626619,11.166666666666666,27.875,99.55828545054928,11.165339763564605,-72.40305555555555,37.1113888888889,81.7604160414941,2.0958121940334564,266.20694444444445,34.87777777777778,70.7666505537664,26.702463430825443,13.5
34,100_1,100,5.158,2.565,1.5,0.5,6.5,6.5,4.5,4.5,12.0,11.0,0.0,0.0,0.5,0.5,5.0,1.0,0.0,0.0,0.0,0.0,0.0,0.0,0.0,0.0,0.0,0.0,0.0,0.0,1.5,1.5,4.5,4.5,12.0,12.0,0.0,0.0,0.0,0.0,28.5,1.5,0.0,0.0,0.0,0.0,0.0,0.0,5.5,5.5,3.996111111111111,5.626111111111111,5.756082536930959,0.0118738591988099,44.57111111111111,40.15944444444444,90.56482022204172,1.684369190235607,-46.46527777777778,8.31527777777778,91.45122797950486,26.522818686397017,226.12569444444443,15.48819444444446,67.03831113427292,21.552583633770084,14.0
35,100_1,100,0.6565,0.6565,0.5,0.5,9.0,8.0,0.0,0.0,13.0,10.0,0.0,0.0,0.0,0.0,1.5,1.5,0.0,0.0,0.0,0.0,0.0,0.0,0.0,0.0,0.0,0.0,0.0,0.0,0.0,0.0,8.0,8.0,13.0,13.0,0.0,0.0,0.0,0.0,27.0,2.0,0.0,0.0,0.0,0.0,0.0,0.0,2.0,2.0,3.0,3.658333333333333,5.276711406438421,3.654619992382002,22.058333333333334,7.108333333333334,97.86109242490016,6.641864736873764,-74.925,38.46666666666667,88.92967852947189,2.344612377417967,301.2958333333333,68.89583333333333,128.92426838280915,73.15414495936079,13.5
36,100_1,100,2.5065,0.1165,1.0,0.0,61.0,7.0,16.0,15.0,11.5,11.5,1.0,1.0,0.0,0.0,3.0,0.0,0.0,0.0,0.0,0.0,0.0,0.0,0.0,0.0,0.0,0.0,0.0,0.0,0.0,0.0,6.5,6.5,12.0,12.0,0.0,0.0,0.0,0.0,22.5,7.5,0.0,0.0,0.0,0.0,0.0,0.0,8.0,8.0,5.054166666666667,4.279166666666667,8.115987883233721,0.8409306096905551,38.03472222222222,41.52638888888889,102.80258862653886,11.55333101920877,-26.90972222222222,9.743055555555555,104.9394937700551,32.29970516292264,256.6194444444444,55.1236111111111,101.45036834422277,63.14336447888648,14.0
37,100_1,100,1.642,0.7569999999999999,1.0,0.0,26.0,26.0,11.5,11.5,12.5,10.5,0.0,0.0,0.0,0.0,2.5,1.5,0.0,0.0,0.0,0.0,0.0,0.0,0.0,0.0,0.0,0.0,0.0,0.0,0.0,0.0,5.0,5.0,12.5,12.5,0.0,0.0,0.0,0.0,28.0,2.0,0.0,0.0,0.0,0.0,0.0,0.0,6.0,6.0,3.8025000000000007,4.294166666666667,5.681824874946006,0.5679208976612466,13.378055555555555,16.596944444444443,99.66030492984096,8.078730409271245,-48.3475,29.0225,95.6241424489054,27.38616579123086,320.1961111111111,92.52944444444444,72.99291930103635,35.537413289829466,14.0
38,100_1,100,2.1785,2.1785,0.5,0.5,19.5,19.5,2.5,2.5,8.5,8.5,0.5,0.5,0.0,0.0,3.0,1.0,0.0,0.0,0.0,0.0,0.0,0.0,0.0,0.0,0.0,0.0,0.0,0.0,1.0,1.0,7.0,7.0,9.0,9.0,0.0,0.0,0.0,0.0,27.0,3.0,0.0,0.0,0.0,0.0,0.0,0.0,3.5,3.5,3.933333333333333,4.258333333333333,3.962338990879595,2.6329437649717136,49.94861111111111,18.106944444444448,98.22651707245193,13.011599958337271,-47.025,15.508333333333333,102.58204664873952,29.494492608700966,308.18194444444447,47.20277777777778,108.10578359840572,60.06675776032047,14.0
39,100_1,100,0.6985,0.6985,0.5,0.5,1.5,1.5,0.0,0.0,6.5,5.5,0.5,0.5,0.0,0.0,8.5,4.5,0.0,0.0,0.0,0.0,0.0,0.0,0.0,0.0,0.0,0.0,0.0,0.0,0.0,0.0,3.5,3.5,4.5,4.5,0.0,0.0,0.0,0.0,29.0,1.0,0.0,0.0,0.0,0.0,0.0,0.0,1.5,1.5,2.1833333333333336,0.5583333333333333,4.85282290236891,0.139919515566532,83.81388888888888,7.51111111111112,73.7695239737936,3.381441401458403,-32.27222222222221,76.51111111111112,110.81599295852166,34.76735903113135,262.6708333333333,3.895833333333343,63.91382390001033,22.74578158156467,14.0
40,100_1,100,1.207,1.207,0.5,0.5,1.0,1.0,4.5,0.5,10.0,7.0,0.0,0.0,1.5,1.5,1.5,1.5,0.0,0.0,0.0,0.0,0.0,0.0,0.0,0.0,0.0,0.0,0.0,0.0,0.5,0.5,7.0,7.0,11.5,11.5,0.0,0.0,0.0,0.0,30.0,0.0,0.0,0.0,0.0,0.0,0.0,0.0,2.5,2.5,5.334722222222222,5.651388888888889,5.233929330711286,0.7725518652989622,61.85,19.383333333333333,81.86312705955616,3.869838530634937,-46.19861111111111,12.634722222222226,115.0094266313399,16.396540105851315,199.23611111111111,8.851388888888891,59.09381958340043,21.10810200977372,7.0
41,100_1,100,2.1435,0.9915,1.5,0.5,0.0,0.0,0.0,0.0,6.5,3.5,0.0,0.0,1.0,0.0,4.0,4.0,0.0,0.0,0.0,0.0,0.0,0.0,0.0,0.0,0.0,0.0,0.0,0.0,0.5,0.5,4.5,4.5,5.5,5.5,0.0,0.0,0.0,0.0,28.0,2.0,0.0,0.0,0.0,0.0,0.0,0.0,1.0,1.0,0.6444444444444445,0.361111111111111,5.617233346590396,0.9236140897274084,28.35416666666667,42.13472222222222,95.36224780602868,25.89107494976628,-46.520833333333336,23.859722222222224,116.22781961974984,11.685663752391434,226.99513888888887,0.8590277777777828,90.0380748992457,43.14999038797778,14.0
42,100_1,100,2.0805,1.4085,1.0,0.0,0.0,0.0,0.0,0.0,10.5,6.5,0.0,0.0,0.5,0.5,3.5,2.5,0.0,0.0,0.0,0.0,0.0,0.0,0.0,0.0,0.0,0.0,0.0,0.0,0.0,0.0,4.0,4.0,8.5,7.5,0.0,0.0,0.0,0.0,26.0,4.0,0.0,0.0,0.0,0.0,0.0,0.0,0.5,0.5,1.477777777777778,3.5277777777777777,5.521580894032821,0.1793747330290478,43.90555555555555,41.83611111111111,80.06004336068163,8.555454832702836,-32.21805555555555,24.80694444444444,103.56353041280022,0.2458973462750435,219.1277777777778,53.19722222222221,70.71040861483084,26.833110479386512,14.0
43,100_1,100,3.265,0.0209999999999999,1.5,0.5,2.0,1.0,0.5,0.5,9.5,8.5,0.0,0.0,1.0,1.0,2.5,2.5,0.0,0.0,0.0,0.0,0.0,0.0,0.0,0.0,0.0,0.0,0.0,0.0,0.0,0.0,7.5,7.5,8.5,8.5,0.0,0.0,0.0,0.0,26.0,4.0,0.0,0.0,0.0,0.0,0.0,0.0,0.5,0.5,2.1319444444444446,3.856944444444444,6.516627101846633,1.56198406179612,45.0125,10.57916666666667,83.34076476531118,1.950360863977544,-14.65,34.625,112.13722277170793,10.782393294601428,222.7763888888889,56.5986111111111,54.1431744218589,13.899683747382536,7.0
44,100_1,100,1.4025,0.6134999999999999,1.0,0.0,0.0,0.0,0.0,0.0,7.5,7.5,0.0,0.0,0.5,0.5,2.5,1.5,0.0,0.0,0.0,0.0,0.0,0.0,0.0,0.0,0.0,0.0,0.0,0.0,0.0,0.0,6.0,6.0,15.0,11.0,0.0,0.0,0.0,0.0,22.0,8.0,0.0,0.0,0.0,0.0,0.0,0.0,3.0,3.0,1.1944444444444442,3.6777777777777776,4.9234684351449,1.816844687229632,17.62361111111111,45.40972222222222,99.32850211078228,10.586182150957852,-38.077777777777776,23.008333333333333,115.98788310503758,5.083173249189365,225.36319444444445,9.196527777777774,113.4799319494876,51.72854149868055,7.0
45,100_1,100,0.0,0.0,0.0,0.0,0.0,0.0,0.0,0.0,4.5,4.5,0.0,0.0,1.5,1.5,1.0,1.0,0.0,0.0,0.0,0.0,0.0,0.0,0.5,0.5,0.0,0.0,0.0,0.0,0.0,0.0,5.5,5.5,13.0,13.0,0.0,0.0,0.0,0.0,7.0,5.0,0.5,0.5,0.0,0.0,0.0,0.0,0.0,0.0,0.7847222222222223,1.1347222222222224,6.941954798400197,5.593189931321184,29.12222222222222,22.57222222222222,63.4938027644187,38.98518183218344,18.620833333333334,30.27083333333333,83.8062458446923,40.20786093576859,227.2888888888889,204.4138888888889,196.7020895196748,109.33588824595569,0.0
46,100_1,100,0.0,0.0,0.0,0.0,0.0,0.0,0.0,0.0,0.0,0.0,0.0,0.0,2.5,2.5,0.0,0.0,0.0,0.0,0.0,0.0,0.0,0.0,0.0,0.0,0.0,0.0,0.0,0.0,0.5,0.5,0.0,0.0,4.0,4.0,0.0,0.0,0.0,0.0,14.5,14.5,0.0,0.0,0.0,0.0,0.0,0.0,0.0,0.0,-2.125,2.125,3.072560007550707,3.072560007550707,51.10833333333333,51.10833333333333,38.81326466414399,38.81326466414399,64.4625,64.4625,33.82193183300839,33.82193183300839,280.9125,280.9125,73.6295442853388,73.6295442853388,0.0
47,100_1,100,0.0,0.0,0.0,0.0,1.0,1.0,0.0,0.0,0.0,0.0,0.0,0.0,1.5,1.5,0.0,0.0,0.0,0.0,0.0,0.0,0.0,0.0,0.0,0.0,0.0,0.0,0.0,0.0,3.0,3.0,1.0,1.0,12.0,12.0,0.0,0.0,0.0,0.0,15.0,15.0,0.0,0.0,0.0,0.0,0.5,0.5,0.0,0.0,4.575,4.575,3.086361125986393,3.086361125986393,13.475,13.475,59.2850494082052,59.2850494082052,-11.191666666666666,11.191666666666666,67.9632233065959,67.9632233065959,222.93958333333333,222.93958333333333,96.16944069601696,96.16944069601696,0.5
48,100_1,100,0.0,0.0,0.0,0.0,32.0,32.0,4.5,4.5,0.0,0.0,0.0,0.0,0.0,0.0,0.0,0.0,0.0,0.0,0.0,0.0,0.0,0.0,0.0,0.0,0.0,0.0,0.0,0.0,5.5,5.5,3.0,3.0,14.5,14.5,0.0,0.0,0.0,0.0,14.5,14.5,0.0,0.0,0.0,0.0,0.0,0.0,0.0,0.0,6.2,6.2,2.122449449731764,2.122449449731764,23.320833333333333,23.320833333333333,54.129115349063504,54.129115349063504,-2.966666666666667,2.966666666666667,60.97232922035664,60.97232922035664,151.97083333333333,151.97083333333333,48.80821239527445,48.80821239527445,13.5
49,100_1,100,0.0,0.0,0.0,0.0,27.0,27.0,7.5,7.5,0.5,0.5,0.0,0.0,0.0,0.0,0.0,0.0,0.0,0.0,0.0,0.0,0.0,0.0,0.0,0.0,0.0,0.0,0.0,0.0,5.5,5.5,1.0,1.0,7.5,7.5,0.0,0.0,0.0,0.0,15.0,15.0,0.0,0.0,0.0,0.0,0.0,0.0,0.0,0.0,3.691666666666667,3.691666666666667,3.1917428189348565,3.1917428189348565,-43.79583333333333,43.79583333333333,42.76775317696215,42.76775317696215,31.925,31.925,62.213690883384615,62.213690883384615,136.55208333333334,136.55208333333334,44.13240342557898,44.13240342557898,12.0
50,100_1,100,0.0,0.0,0.0,0.0,2.5,2.5,0.5,0.5,1.0,1.0,0.0,0.0,1.5,1.5,0.0,0.0,0.0,0.0,0.0,0.0,0.0,0.0,0.0,0.0,0.0,0.0,0.0,0.0,5.5,5.5,4.0,4.0,10.0,10.0,0.0,0.0,0.0,0.0,14.0,14.0,0.0,0.0,0.0,0.0,0.0,0.0,0.0,0.0,4.345833333333333,4.345833333333333,3.947531313646824,3.947531313646824,28.616666666666667,28.616666666666667,58.741718683478176,58.741718683478176,75.31666666666666,75.31666666666666,20.08893594051766,20.08893594051766,136.60833333333332,136.60833333333332,38.86417967493404,38.86417967493404,13.5
51,100_1,100,0.0,0.0,0.0,0.0,18.5,18.5,19.0,19.0,0.0,0.0,0.0,0.0,0.0,0.0,0.0,0.0,0.0,0.0,0.0,0.0,0.0,0.0,0.0,0.0,0.0,0.0,0.0,0.0,14.0,14.0,0.0,0.0,0.0,0.0,0.0,0.0,0.0,0.0,15.0,15.0,0.0,0.0,0.0,0.0,0.0,0.0,0.0,0.0,3.0708333333333333,3.0708333333333333,6.122421509410217,6.122421509410217,-39.3375,39.3375,53.82300420127067,53.82300420127067,58.97083333333333,58.97083333333333,32.62341444635875,32.62341444635875,128.28333333333333,128.28333333333333,40.76475874521466,40.76475874521466,10.5
52,100_1,100,0.0,0.0,0.0,0.0,12.5,12.5,13.0,13.0,0.5,0.5,0.0,0.0,0.5,0.5,2.5,2.5,0.0,0.0,0.0,0.0,0.0,0.0,0.0,0.0,0.0,0.0,0.0,0.0,9.0,9.0,3.0,3.0,5.5,5.5,0.0,0.0,0.0,0.0,21.0,8.0,0.0,0.0,0.0,0.0,0.0,0.0,0.0,0.0,4.076785714285713,5.146230158730158,5.487624484204503,3.963576005503088,17.648809523809526,7.417857142857143,86.2508310065903,26.171275723923937,11.028571428571428,53.25634920634921,86.47077288324391,22.813113058828527,172.75724206349207,61.39335317460317,109.45004091098404,28.19426254793634,13.5
53,100_1,100,2.16,1.0619999999999998,1.0,0.0,6.0,6.0,2.5,2.5,0.5,0.5,0.0,0.0,0.5,0.5,6.0,6.0,0.0,0.0,0.0,0.0,0.0,0.0,0.0,0.0,0.0,0.0,0.0,0.0,9.5,9.5,3.0,3.0,3.5,3.5,0.0,0.0,0.0,0.0,29.0,1.0,0.0,0.0,0.0,0.0,3.0,3.0,0.0,0.0,1.1648611111111111,4.594861111111111,6.309114283814906,2.323669933850066,42.41847222222222,60.58819444444444,88.56793698667857,45.35185638903272,-28.79925925925928,107.9374074074074,84.38122670221722,18.62326022243961,220.33645833333333,20.44854166666667,68.38575009087779,9.359656418660336,13.5
54,100_1,100,2.892,0.5329999999999999,2.0,0.0,2.0,2.0,1.0,1.0,0.5,0.5,0.0,0.0,1.0,1.0,10.5,10.5,0.0,0.0,0.0,0.0,0.0,0.0,0.0,0.0,0.0,0.0,0.0,0.0,0.0,0.0,2.0,2.0,14.0,14.0,0.0,0.0,0.0,0.0,29.5,0.5,0.0,0.0,0.0,0.0,0.0,0.0,0.0,0.0,6.156944444444444,8.476388888888888,2.1992073520023623,1.0774355777183742,109.22222222222224,19.2611111111111,56.17076092529196,13.262478392935304,45.27916666666667,37.02916666666667,132.43985936353684,6.082220705550583,363.88958333333335,146.57708333333332,142.36754575396475,80.23970586246897,14.0
55,100_1,100,2.021,2.021,0.5,0.5,1.5,1.5,0.0,0.0,0.5,0.5,0.0,0.0,0.5,0.5,8.5,8.5,0.0,0.0,0.0,0.0,0.0,0.0,0.0,0.0,0.0,0.0,0.0,0.0,3.5,3.5,4.0,4.0,14.0,14.0,0.0,0.0,0.0,0.0,28.5,1.5,0.0,0.0,0.0,0.0,0.0,0.0,0.0,0.0,4.421944444444444,6.164166666666666,4.678942093808426,3.630091458912786,88.815,18.912777777777784,63.40386026420747,15.127983163148569,41.189166666666665,24.477500000000003,124.52891063290475,7.315104326271722,306.9525,36.44416666666666,140.02775047490536,18.465647564956942,14.0
56,100_1,100,0.9335,0.1755,1.0,0.0,0.0,0.0,0.0,0.0,3.0,3.0,0.0,0.0,0.5,0.5,3.5,2.5,0.0,0.0,0.0,0.0,0.0,0.0,0.0,0.0,0.0,0.0,0.0,0.0,0.5,0.5,5.0,5.0,6.0,6.0,0.0,0.0,0.0,0.0,24.0,2.0,0.0,0.0,0.0,0.0,0.0,0.0,0.0,0.0,1.290277777777778,4.656944444444445,7.350069859522437,1.2019897617285822,51.75277777777777,27.1,93.68876029364556,14.455669203082728,22.986111111111107,50.27777777777777,113.25455286947704,16.067269266446942,214.78958333333333,37.48958333333333,95.1257422085022,13.953437191015766,14.0
57,100_1,100,6.8745,6.0425,1.5,0.5,0.0,0.0,0.0,0.0,0.5,0.5,0.0,0.0,0.0,0.0,10.5,1.5,0.0,0.0,0.0,0.0,0.0,0.0,0.0,0.0,0.0,0.0,0.0,0.0,0.0,0.0,0.0,0.0,3.5,3.5,0.0,0.0,0.0,0.0,29.0,1.0,0.0,0.0,0.0,0.0,0.0,0.0,0.0,0.0,-2.563055555555556,5.160277777777777,10.396203530752242,5.568568799461416,65.69944444444445,12.710555555555562,75.78925243658031,5.70692656193485,-4.337777777777774,102.19055555555556,82.71889859180394,6.912720651685554,268.30263888888885,5.433472222222207,54.40585291257644,0.3955493973908517,7.0
58,100_1,100,1.5365,0.1494999999999999,1.5,0.5,1.0,1.0,0.0,0.0,1.0,1.0,0.0,0.0,0.0,0.0,7.5,3.5,0.0,0.0,0.0,0.0,0.0,0.0,0.0,0.0,0.0,0.0,0.0,0.0,2.0,2.0,3.0,2.0,9.0,7.0,0.0,0.0,0.0,0.0,25.5,4.5,0.0,0.0,0.0,0.0,0.0,0.0,0.0,0.0,0.6322222222222225,5.317777777777778,7.183976509626428,0.6394495341045654,52.005,49.127222222222215,84.57765473289112,19.557193148161065,-44.38166666666667,38.64555555555555,118.81929159552756,10.337568396594762,317.5577777777778,24.904722222222205,250.96046847393387,48.89897107997336,7.0
59,100_1,100,1.675,0.288,1.0,0.0,0.0,0.0,0.0,0.0,5.5,1.5,0.5,0.5,0.5,0.5,9.5,0.5,0.0,0.0,0.0,0.0,0.0,0.0,0.0,0.0,0.0,0.0,0.0,0.0,0.0,0.0,5.0,5.0,6.0,6.0,0.0,0.0,0.0,0.0,27.0,3.0,0.0,0.0,0.0,0.0,0.0,0.0,0.0,0.0,-0.0375,4.154166666666667,8.566014271682485,1.78424404500808,92.00972222222222,14.140277777777785,63.625310912441385,9.894322026448728,-6.962499999999999,134.5125,55.2579122845768,1.5324779758002265,299.2305555555555,25.82361111111115,51.25109468182474,9.925133267653674,14.0
60,100_1,100,5.093,1.765,1.5,0.5,27.0,27.0,0.0,0.0,1.5,1.5,0.0,0.0,0.0,0.0,2.5,1.5,0.0,0.0,0.0,0.0,0.0,0.0,0.0,0.0,0.0,0.0,0.0,0.0,0.5,0.5,1.5,1.5,8.5,8.5,0.0,0.0,0.0,0.0,27.5,2.5,0.0,0.0,0.0,0.0,0.0,0.0,0.0,0.0,1.933333333333333,6.299999999999999,6.013960545669687,1.1219034914007755,24.48611111111111,3.2527777777777764,91.0774963974048,6.154462797547616,-9.429166666666667,60.42916666666667,97.13341871952508,19.41955564549632,227.1125,18.60000000000001,72.92858803007998,34.31920405092279,14.0
61,100_1,100,3.4890000000000003,1.6320000000000003,1.5,0.5,25.0,25.0,0.5,0.5,0.5,0.5,0.0,0.0,1.0,1.0,9.5,7.5,0.0,0.0,0.0,0.0,0.0,0.0,0.0,0.0,0.0,0.0,0.0,0.0,0.0,0.0,3.0,3.0,4.5,4.5,0.0,0.0,0.0,0.0,30.0,0.0,0.0,0.0,0.0,0.0,0.0,0.0,0.5,0.5,1.5280158730158735,4.677539682539683,5.496570444633669,0.7035540065266894,55.23305555555556,23.14472222222222,78.25922337374226,11.007802717767156,12.112222222222222,91.89055555555557,71.60955880122816,2.422796381414038,230.08069444444445,9.266527777777782,63.22762122956035,28.64879179392316,14.0
62,100_1,100,2.395,2.395,0.5,0.5,33.5,33.5,4.0,4.0,2.5,2.5,0.0,0.0,0.0,0.0,11.0,9.0,0.0,0.0,0.0,0.0,0.0,0.0,0.0,0.0,0.0,0.0,0.0,0.0,1.0,1.0,1.0,1.0,5.0,5.0,0.0,0.0,1.5,1.5,30.0,0.0,0.0,0.0,0.0,0.0,0.0,0.0,0.0,0.0,2.5138888888888893,3.2250000000000005,7.045608834509919,0.8234213346068016,80.725,35.58611111111112,85.38275912046498,13.690283362914831,40.59694444444445,95.8725,96.99911286203456,0.4791200104925224,203.0972222222222,7.416666666666657,35.39423947846714,2.599321643496598,14.0
63,100_1,100,4.186999999999999,0.9659999999999996,1.5,0.5,0.0,0.0,0.0,0.0,2.0,2.0,0.0,0.0,0.0,0.0,9.5,6.5,0.0,0.0,0.0,0.0,0.0,0.0,0.0,0.0,0.0,0.0,0.0,0.0,0.0,0.0,4.5,4.5,4.5,4.5,0.0,0.0,0.0,0.0,28.5,1.5,0.0,0.0,0.0,0.0,0.0,0.0,0.5,0.5,0.3913888888888883,5.728055555555555,6.735147020696646,1.2792767819786834,72.20055555555555,2.2105555555555583,81.97994028386383,0.8147492637391167,27.339166666666667,65.8275,101.65780206572892,0.4552298954086211,204.77666666666667,7.014999999999986,57.083425908750286,37.88767471509056,14.0
64,100_1,100,4.5585,0.4305000000000003,1.0,0.0,0.5,0.5,0.5,0.5,2.5,2.5,0.0,0.0,0.0,0.0,5.0,3.0,0.0,0.0,0.0,0.0,0.0,0.0,0.0,0.0,0.0,0.0,0.0,0.0,3.5,3.5,1.5,1.5,5.0,5.0,0.0,0.0,0.0,0.0,27.5,2.5,0.0,0.0,0.0,0.0,0.0,0.0,0.5,0.5,3.563333333333333,3.5783333333333336,7.772463866572493,0.2394454980338407,60.49722222222222,24.05555555555555,90.18219663307684,8.650841941525776,-4.728888888888889,53.00944444444445,96.28516579752804,2.471166590468208,238.9305555555556,18.79861111111113,103.0223607670475,36.42427299315651,14.0
65,100_1,100,3.055,0.3249999999999999,2.0,0.0,27.5,27.5,3.5,3.5,0.5,0.5,0.0,0.0,0.0,0.0,9.5,8.5,0.0,0.0,0.0,0.0,0.0,0.0,0.0,0.0,0.0,0.0,0.0,0.0,0.0,0.0,0.0,0.0,0.0,0.0,0.0,0.0,0.0,0.0,25.5,4.5,0.0,0.0,0.0,0.0,0.0,0.0,0.0,0.0,-2.526388888888889,1.9763888888888883,5.580388492614904,1.847427201628885,52.95777777777778,6.475555555555552,80.8435390387078,1.8475511033920995,5.247500000000002,82.86083333333333,72.8118683338,6.654127626037365,194.6343055555556,9.617638888888877,74.497349074157,50.96873089259031,14.0
66,100_1,100,2.9125,1.4305,1.5,0.5,22.0,21.0,3.5,2.5,1.0,1.0,0.5,0.5,0.0,0.0,1.0,1.0,0.0,0.0,0.0,0.0,0.0,0.0,0.0,0.0,0.0,0.0,0.0,0.0,0.0,0.0,2.0,2.0,5.0,5.0,0.0,0.0,0.0,0.0,23.0,7.0,0.0,0.0,0.0,0.0,0.0,0.0,0.5,0.5,-2.097777777777778,7.433888888888888,9.097963021561217,1.3182861700730857,13.822499999999998,28.55583333333333,82.7225630635671,0.5682384326899026,10.183611111111112,12.363611111111112,87.68552448639481,7.975010392589297,209.405,21.49083333333334,143.63034921626712,105.49991097935605,14.0
67,100_1,100,1.685,1.685,0.5,0.5,11.0,11.0,6.0,6.0,1.0,1.0,0.0,0.0,0.0,0.0,2.5,2.5,0.0,0.0,0.0,0.0,0.0,0.0,0.0,0.0,0.0,0.0,0.0,0.0,0.5,0.5,1.5,1.5,3.5,3.5,0.0,0.0,0.0,0.0,21.5,8.5,0.0,0.0,0.0,0.0,0.0,0.0,0.0,0.0,0.6908333333333334,2.0508333333333333,4.025009809145153,0.8669407788673158,17.995,2.9450000000000003,87.07518983650446,14.740568112187688,-8.270833333333332,26.6625,81.76503773845573,4.063902683111216,180.84875,66.17375000000001,102.81205576720264,36.80856711256156,14.0
68,100_1,100,2.753,0.0209999999999999,1.5,0.5,4.5,4.5,0.5,0.5,2.0,1.0,0.0,0.0,0.0,0.0,1.0,1.0,0.0,0.0,0.0,0.0,0.0,0.0,0.0,0.0,0.0,0.0,0.0,0.0,0.0,0.0,1.0,1.0,1.5,1.5,0.0,0.0,0.0,0.0,17.0,13.0,0.0,0.0,0.0,0.0,0.0,0.0,0.0,0.0,0.8332936507936508,0.544484126984127,2.8990318975735825,1.396300050391542,40.71305555555556,29.56861111111111,66.26288902308104,17.523977970234533,-22.75404761904761,32.47071428571428,85.10815467533608,21.864916125889355,131.42589285714286,88.93005952380952,66.72082132244036,37.42228176239618,14.0
69,100_1,100,1.3330000000000002,0.533,1.0,0.0,1.0,1.0,0.0,0.0,2.0,2.0,0.0,0.0,0.5,0.5,6.5,5.5,0.0,0.0,0.0,0.0,0.0,0.0,0.0,0.0,0.0,0.0,0.0,0.0,0.5,0.5,2.5,2.5,6.5,6.5,0.0,0.0,0.0,0.0,27.0,3.0,0.0,0.0,0.0,0.0,0.0,0.0,0.0,0.0,2.470833333333333,3.676388888888889,4.551895105304062,0.084848410580633,65.66805555555557,36.70416666666667,87.88856965157022,26.9383405125525,12.02777777777778,2.655555555555556,112.5313566164248,0.4677701692322102,216.7472222222222,2.5152777777777686,73.27254662459544,45.79264091190429,14.0
70,100_1,100,0.3735,0.3735,0.5,0.5,54.5,54.5,0.5,0.5,7.5,7.5,0.0,0.0,0.0,0.0,6.5,5.5,0.0,0.0,0.0,0.0,0.0,0.0,0.0,0.0,0.0,0.0,0.0,0.0,0.5,0.5,6.0,6.0,14.5,14.5,0.0,0.0,2.0,2.0,30.0,0.0,0.0,0.0,0.0,0.0,0.0,0.0,0.0,0.0,6.814722222222223,6.738055555555556,4.591262656091207,0.9997678591378256,63.66916666666667,31.852500000000003,105.5198220147877,41.90760269159302,9.821944444444442,24.45027777777777,141.83106879637745,22.65270409082828,264.5775,0.8025000000000091,67.13719958784772,7.027751703176538,14.0
71,100_1,100,0.4745,0.4745,0.5,0.5,0.0,0.0,55.5,55.5,5.0,5.0,0.0,0.0,0.0,0.0,6.5,0.5,0.0,0.0,0.0,0.0,0.0,0.0,0.0,0.0,0.0,0.0,0.0,0.0,2.0,2.0,1.0,1.0,8.5,8.5,0.0,0.0,0.0,0.0,30.0,0.0,0.0,0.0,0.0,0.0,0.0,0.0,0.0,0.0,3.1194444444444445,3.094444444444445,4.8890529616846425,2.453765504319496,31.25138888888889,39.57361111111111,97.98268734017184,29.917609718335072,-4.597222222222223,18.702777777777776,122.87743540997111,1.2152083220207572,307.4180555555556,36.88472222222222,83.30116001784322,35.6583709808628,14.0
72,100_1,100,2.4640000000000004,0.3640000000000001,1.5,0.5,1.5,1.5,0.5,0.5,1.0,1.0,0.0,0.0,0.0,0.0,3.5,0.5,0.0,0.0,0.0,0.0,0.0,0.0,0.0,0.0,0.0,0.0,0.0,0.0,4.5,4.5,1.0,1.0,5.5,5.5,0.0,0.0,0.0,0.0,29.5,0.5,0.0,0.0,0.0,0.0,0.0,0.0,0.0,0.0,0.1402777777777778,1.0236111111111112,4.948615329393323,3.2350258543763664,-30.39027777777777,61.64861111111111,92.28426121288472,11.387426619544676,-30.54583333333333,0.4625000000000003,116.52218298008177,9.95758044298745,370.1458333333333,97.80416666666667,123.20241482695708,76.85445625390999,14.0
73,100_1,100,2.464,2.464,0.5,0.5,8.0,8.0,1.5,1.5,0.0,0.0,0.0,0.0,0.0,0.0,8.0,6.0,0.0,0.0,0.0,0.0,0.0,0.0,0.0,0.0,0.0,0.0,0.0,0.0,1.0,1.0,0.5,0.5,6.5,6.5,0.0,0.0,0.0,0.0,30.0,0.0,0.0,0.0,0.0,0.0,0.0,0.0,0.0,0.0,3.126388888888889,1.5513888888888892,5.005925713494992,0.3854833478420034,46.734722222222224,54.39861111111111,89.28491222549486,33.23899602973425,-6.661111111111113,16.99722222222222,121.40656821994584,0.0646703422731178,274.47361111111115,53.35694444444445,58.1992339235304,25.023409182881945,13.5
74,100_1,100,3.1580000000000004,3.1580000000000004,0.5,0.5,1.0,1.0,1.0,1.0,2.0,1.0,0.0,0.0,0.5,0.5,9.0,7.0,0.0,0.0,0.0,0.0,0.0,0.0,0.0,0.0,0.0,0.0,0.0,0.0,0.0,0.0,1.0,1.0,5.0,5.0,0.0,0.0,0.0,0.0,28.5,1.5,0.0,0.0,0.0,0.0,0.0,0.0,0.0,0.0,2.085833333333333,2.0225,4.194719207277064,1.67883853531435,68.72138888888888,13.41027777777778,87.70884900652433,16.43182315745505,46.28416666666666,62.77416666666666,104.13647312204556,5.496393300391823,231.3970833333333,18.34041666666667,74.70687852312689,44.22751396464423,14.0
75,100_1,100,2.475,1.675,1.5,0.5,15.0,15.0,3.0,3.0,1.0,1.0,0.0,0.0,1.0,1.0,4.0,4.0,0.0,0.0,0.0,0.0,0.0,0.0,0.0,0.0,0.0,0.0,0.0,0.0,2.0,2.0,2.0,2.0,8.0,8.0,0.0,0.0,0.0,0.0,29.5,0.5,0.0,0.0,0.0,0.0,0.0,0.0,0.0,0.0,3.909444444444445,3.715555555555556,3.954294249203459,1.637645634832014,23.476388888888884,44.51805555555555,90.72417036924128,27.139541238228848,5.884444444444444,4.032222222222221,105.72027372857347,11.48412986712006,301.8388888888889,104.30694444444444,112.40050972178412,73.27727481405876,14.0
76,100_1,100,2.08,0.4580000000000001,1.0,0.0,20.0,20.0,2.0,2.0,2.5,0.5,0.0,0.0,0.0,0.0,3.5,1.5,0.0,0.0,0.0,0.0,0.0,0.0,0.0,0.0,0.0,0.0,0.0,0.0,0.0,0.0,4.0,4.0,5.5,5.5,0.0,0.0,0.5,0.5,28.0,2.0,0.0,0.0,0.0,0.0,0.0,0.0,0.0,0.0,3.699444444444445,3.889444444444445,4.727605057272498,3.248224556296949,75.85833333333333,45.25833333333333,60.60259193957639,35.799640726285475,-12.222222222222223,32.13611111111111,134.02922482571904,1.7482537211870834,237.7423611111111,34.650694444444426,96.42381464913817,71.49746619569994,14.0
77,100_1,100,6.8375,3.3285,1.5,0.5,15.5,15.5,1.5,1.5,4.0,4.0,0.0,0.0,0.5,0.5,7.5,1.5,0.0,0.0,0.0,0.0,0.0,0.0,0.0,0.0,0.0,0.0,0.0,0.0,1.0,1.0,9.5,9.5,11.0,11.0,0.0,0.0,0.5,0.5,26.5,3.5,0.0,0.0,0.0,0.0,0.0,0.0,0.0,0.0,5.75,3.0250000000000004,5.167060626572237,1.722046112814711,100.28472222222224,5.723611111111119,76.56627023631681,24.144205728876614,42.42222222222222,59.20555555555555,124.6139844258447,10.770140894995215,224.5715277777778,20.99236111111111,86.85087883809507,9.744580657364068,14.0
78,100_1,100,1.2745,1.2745,0.5,0.5,16.5,16.5,0.0,0.0,4.0,4.0,0.0,0.0,0.0,0.0,2.5,1.5,0.0,0.0,0.0,0.0,0.0,0.0,0.0,0.0,0.0,0.0,0.0,0.0,5.5,5.5,4.5,4.5,9.5,9.5,0.0,0.0,0.0,0.0,30.0,0.0,0.0,0.0,0.0,0.0,0.0,0.0,0.0,0.0,3.033333333333333,1.3833333333333335,5.867023012796029,2.1647714456187424,26.77083333333333,47.3875,96.30313423455117,30.16966806784989,-21.7,3.0666666666666664,126.5032642446214,11.49920755288744,280.26666666666665,78.69583333333333,90.48113644071438,45.265418725828745,14.0
79,100_1,100,3.3105,1.4854999999999996,2.0,0.0,24.0,24.0,1.0,1.0,1.5,1.5,0.0,0.0,1.0,1.0,8.5,7.5,0.0,0.0,0.0,0.0,0.0,0.0,0.0,0.0,0.0,0.0,0.0,0.0,0.5,0.5,2.5,2.5,5.0,5.0,0.0,0.0,0.0,0.0,29.0,1.0,0.0,0.0,0.0,0.0,0.0,0.0,0.5,0.5,0.8966666666666667,4.361666666666667,7.370442114739882,0.5915145938606883,101.76055555555556,20.700555555555567,60.95110444712528,18.947694459157827,-31.759722222222223,89.24861111111112,103.2413127680852,32.109934221842416,199.01722222222224,7.960555555555544,67.10286733752484,46.398189994255546,14.0
80,100_1,100,3.2905,3.2905,0.5,0.5,53.0,53.0,3.0,3.0,7.0,7.0,0.0,0.0,0.0,0.0,0.5,0.5,0.0,0.0,0.0,0.0,0.0,0.0,0.0,0.0,0.0,0.0,0.0,0.0,5.0,5.0,7.0,7.0,7.5,7.5,0.0,0.0,0.0,0.0,30.0,0.0,0.0,0.0,0.0,0.0,0.5,0.5,0.0,0.0,0.9655555555555556,2.926111111111111,6.357932610733979,2.835290285629528,65.27388888888889,61.43222222222222,69.90652515461217,49.16650011653068,-92.46444444444444,73.58111111111111,77.66162207888252,50.88170286990232,298.9375,96.01666666666668,97.8579817671317,82.13202514104516,14.0
1,100_2,100,5.6625,1.3615,1.5,0.5,0.0,0.0,0.0,0.0,14.0,9.0,3.5,3.5,0.5,0.5,4.0,1.0,0.0,0.0,0.0,0.0,0.0,0.0,0.0,0.0,0.0,0.0,0.0,0.0,0.0,0.0,7.0,7.0,5.0,4.0,0.0,0.0,0.0,0.0,30.0,0.0,0.0,0.0,0.0,0.0,0.0,0.0,0.0,0.0,8.427777777777777,1.622222222222223,6.074677598098697,0.278701982783073,101.39861111111112,30.559722222222227,49.61080141660931,28.172801341457195,19.20138888888889,62.926388888888894,116.44445258380064,27.27060621311184,427.4979166666666,212.93541666666664,150.17591756639084,88.56626322470626,0.0
2,100_2,100,2.8155,0.1485,1.5,0.5,0.0,0.0,0.0,0.0,12.5,12.5,1.5,1.5,2.5,2.5,2.0,0.0,0.0,0.0,0.0,0.0,0.0,0.0,0.0,0.0,0.0,0.0,0.0,0.0,4.5,0.5,15.5,10.5,7.5,7.5,0.0,0.0,0.0,0.0,28.0,1.0,0.0,0.0,0.0,0.0,0.0,0.0,0.0,0.0,9.641666666666666,2.3583333333333334,4.103385539811146,1.1333967631769093,113.13333333333334,25.16666666666667,52.898487101959454,49.190724973666974,-0.2708333333333286,117.70416666666668,91.10864656451324,11.255762737092487,542.7145833333334,358.43958333333336,112.58308638765264,60.69451988853518,0.0
3,100_2,100,2.0845,2.0845,0.5,0.5,0.0,0.0,0.0,0.0,9.5,8.5,0.5,0.5,0.5,0.5,10.5,3.5,0.0,0.0,0.0,0.0,0.0,0.0,0.0,0.0,0.0,0.0,0.0,0.0,2.5,2.5,9.0,8.0,3.5,1.5,0.0,0.0,0.0,0.0,29.5,0.5,0.0,0.0,0.0,0.0,0.0,0.0,0.0,0.0,9.416666666666668,0.791666666666667,3.821313322655816,1.267925050836061,126.67777777777778,9.497222222222227,34.58348131619484,17.456243019648998,53.519444444444446,72.11944444444445,116.93581812477264,32.50247181458663,554.0590277777778,237.5868055555556,172.71010473167223,91.33972501037772,0.0
4,100_2,100,1.227,0.011,1.5,0.5,0.0,0.0,0.0,0.0,9.5,3.5,0.5,0.5,0.5,0.5,6.0,1.0,0.0,0.0,0.0,0.0,0.0,0.0,0.0,0.0,0.0,0.0,0.0,0.0,0.0,0.0,6.0,6.0,12.0,9.0,0.0,0.0,0.0,0.0,30.0,0.0,0.0,0.0,0.0,0.0,0.0,0.0,0.0,0.0,9.760000000000002,2.6100000000000003,4.834529907722732,0.4221420432363532,72.04166666666666,57.18333333333333,60.375112577709416,41.71305771586029,31.954166666666666,4.020833333333334,114.18982876226504,10.432733623346143,435.35125,252.63208333333336,153.52643435271287,134.8140702546389,6.0
5,100_2,100,2.5065,0.8955000000000001,1.0,0.0,0.0,0.0,0.0,0.0,4.5,0.5,0.0,0.0,1.5,1.5,5.5,1.5,0.0,0.0,0.0,0.0,0.0,0.0,0.0,0.0,0.0,0.0,0.0,0.0,1.5,1.5,4.0,2.0,5.5,5.5,0.0,0.0,0.0,0.0,28.0,1.0,0.0,0.0,0.0,0.0,0.5,0.5,0.0,0.0,8.580277777777777,5.558055555555555,5.8931232717329936,1.04955492587602,62.44500000000001,49.06333333333334,79.74254233107828,37.53149108591001,69.16638888888889,28.836388888888887,102.67544586662478,12.705153744690584,300.5980555555556,121.4713888888889,144.94359185733418,84.10054516705448,0.0
6,100_2,100,5.205,3.5410000000000004,1.0,0.0,0.0,0.0,0.0,0.0,2.5,1.5,0.0,0.0,2.5,0.5,8.5,4.5,0.0,0.0,0.0,0.0,0.0,0.0,0.0,0.0,0.0,0.0,0.0,0.0,1.5,1.5,3.0,2.0,1.5,1.5,0.0,0.0,0.0,0.0,30.0,0.0,0.0,0.0,0.0,0.0,0.0,0.0,0.0,0.0,9.181944444444444,5.868055555555556,5.594022052661806,1.100627552308819,4.158333333333331,92.54166666666669,69.96393530095955,16.23140325565202,33.47083333333334,96.7375,85.93498588869623,23.922685921494388,286.5277777777778,153.88194444444446,114.16271609733074,82.89147192947654,6.0
7,100_2,100,4.3175,1.5345000000000002,2.0,0.0,0.5,0.5,0.0,0.0,5.5,5.5,1.5,1.5,1.0,1.0,6.0,5.0,0.0,0.0,0.0,0.0,0.0,0.0,0.0,0.0,0.0,0.0,0.0,0.0,1.0,1.0,6.0,6.0,11.5,11.5,0.0,0.0,0.5,0.5,30.0,0.0,0.0,0.0,0.0,0.0,0.0,0.0,0.0,0.0,10.279166666666669,5.420833333333333,6.432466925418397,1.781444039118127,28.9875,79.47083333333333,62.21164504213564,21.65257888890397,-11.408333333333331,29.333333333333336,113.98548936729824,27.203231115843288,350.0895833333333,175.53124999999997,114.2285571674399,91.5065108491857,2.5
8,100_2,100,1.349,1.349,0.5,0.5,0.5,0.5,0.5,0.5,12.5,9.5,5.5,5.5,1.0,0.0,0.5,0.5,0.0,0.0,0.0,0.0,0.0,0.0,0.0,0.0,0.0,0.0,0.0,0.0,2.0,2.0,12.0,9.0,2.5,1.5,0.0,0.0,1.5,1.5,30.0,0.0,0.0,0.0,0.0,0.0,0.5,0.5,0.0,0.0,8.026388888888889,1.9069444444444448,5.31977865633115,2.0854372231839253,59.84027777777778,54.93194444444445,77.3698958851293,36.18802772167539,25.075000000000003,29.116666666666667,122.32842892991856,7.969132497334861,359.49513888888896,191.12847222222229,107.0869749991478,66.46143739586734,0.0
9,100_2,100,3.6585,0.9814999999999998,2.5,0.5,0.0,0.0,0.0,0.0,6.0,6.0,0.0,0.0,3.0,3.0,2.5,0.5,0.0,0.0,0.0,0.0,0.0,0.0,0.0,0.0,0.0,0.0,0.0,0.0,0.5,0.5,7.0,2.0,1.0,1.0,0.0,0.0,0.5,0.5,29.5,0.5,0.0,0.0,0.0,0.0,0.0,0.0,0.0,0.0,5.609444444444444,1.023333333333333,6.036592992968748,1.7003578890400868,79.37027777777777,34.142500000000005,66.76466458906526,17.666226867194776,101.01555555555557,9.840000000000018,85.95141138614639,15.35311199768229,324.19388888888886,131.30777777777777,106.21656333846796,79.84053664848643,6.0
10,100_2,100,3.9525,1.5845,1.0,0.0,0.0,0.0,0.0,0.0,5.0,5.0,2.5,2.5,3.0,3.0,6.5,6.5,0.0,0.0,0.0,0.0,0.0,0.0,1.0,1.0,0.0,0.0,0.0,0.0,9.5,9.5,2.5,2.5,1.0,1.0,0.0,0.0,0.5,0.5,30.0,0.0,0.0,0.0,0.0,0.0,3.5,3.5,0.0,0.0,5.5,1.6166666666666665,10.510497713634944,5.6248327412670855,60.84444444444445,46.20277777777778,74.26862465384097,33.81837123630093,53.37916666666666,25.220833333333328,113.40532328862514,6.18529089158551,306.2722222222222,133.0097222222222,133.92889401662023,51.628172890273696,4.5
11,100_2,100,2.1655,2.1655,0.5,0.5,0.0,0.0,0.0,0.0,7.0,6.0,3.0,2.0,1.5,0.5,4.0,4.0,0.0,0.0,0.0,0.0,0.0,0.0,0.0,0.0,0.0,0.0,0.0,0.0,2.5,1.5,5.0,2.0,3.5,2.5,0.0,0.0,1.0,1.0,30.0,0.0,0.0,0.0,0.0,0.0,1.0,1.0,0.0,0.0,7.350833333333334,2.9991666666666665,7.873774172380308,2.5714400427519024,65.76666666666667,41.866666666666674,77.17484473973013,27.07216960600544,37.59638888888889,5.311944444444443,117.8374669052597,10.273213174963438,346.64166666666665,171.99999999999997,142.78217284778233,107.83032005155866,7.0
12,100_2,100,7.072,0.0200000000000004,2.5,0.5,0.0,0.0,0.0,0.0,6.5,6.5,5.5,5.5,3.0,3.0,1.5,1.5,0.0,0.0,0.0,0.0,0.0,0.0,0.0,0.0,0.0,0.0,0.0,0.0,0.5,0.5,8.5,2.5,5.0,5.0,0.0,0.0,0.0,0.0,30.0,0.0,0.0,0.0,0.0,0.0,0.0,0.0,0.0,0.0,10.754166666666666,1.7541666666666664,6.919439350121588,0.9079919370604044,17.704166666666666,79.8125,60.53943885515963,1.0716628004853703,-4.745833333333334,62.42916666666666,92.97684696513316,20.384580006301896,347.42291666666665,189.12708333333333,72.56627875050096,62.51560073992763,7.0
13,100_2,100,7.21,2.528,2.5,0.5,0.0,0.0,0.0,0.0,8.0,8.0,2.0,2.0,0.0,0.0,2.0,2.0,0.0,0.0,0.0,0.0,0.0,0.0,0.0,0.0,0.0,0.0,0.0,0.0,0.0,0.0,7.0,5.0,5.0,3.0,0.0,0.0,0.0,0.0,30.0,0.0,0.0,0.0,0.0,0.0,0.0,0.0,0.5,0.5,7.753055555555555,2.821944444444444,8.106811608473473,0.2908939313352032,37.8413888888889,81.64972222222222,48.35416333999414,19.625542067003785,40.907777777777774,47.208888888888886,99.37082913473486,35.706745417496336,324.62819444444443,157.12402777777777,117.96999948340287,102.72739597200903,7.0
14,100_2,100,4.454000000000001,2.672,2.5,0.5,0.0,0.0,0.0,0.0,9.0,7.0,3.5,3.5,0.5,0.5,1.5,1.5,0.0,0.0,0.0,0.0,0.0,0.0,0.0,0.0,0.0,0.0,0.0,0.0,0.0,0.0,4.0,3.0,3.5,1.5,0.0,0.0,0.0,0.0,30.0,0.0,0.0,0.0,0.0,0.0,0.5,0.5,0.5,0.5,11.1325,0.8174999999999999,7.18030167538333,0.3941620020000398,42.924166666666665,75.64083333333333,54.76683141522907,14.747877260145678,31.26833333333333,3.198333333333334,90.17462099890466,31.94047675726962,339.04833333333335,179.13583333333332,141.47231569678706,108.16360890837112,7.0
15,100_2,100,2.5075,1.4725,1.0,0.0,36.0,36.0,3.0,3.0,7.0,1.0,2.5,2.5,0.0,0.0,6.5,5.5,0.0,0.0,0.0,0.0,0.0,0.0,0.0,0.0,0.0,0.0,0.0,0.0,0.0,0.0,2.0,2.0,8.0,7.0,0.0,0.0,0.0,0.0,30.0,0.0,0.0,0.0,0.0,0.0,0.0,0.0,0.0,0.0,9.325,2.95,4.956693787305024,0.7459189179965264,79.15,44.25833333333333,57.80495036765758,41.428584860554906,84.2375,29.1875,100.771854132023,12.253791003642256,308.0458333333333,138.5875,101.46232130524214,75.9308388331603,14.0
16,100_2,100,4.704500000000001,2.3475000000000006,1.5,0.5,20.5,20.5,2.5,2.5,5.0,2.0,0.0,0.0,0.0,0.0,10.5,9.5,0.0,0.0,0.0,0.0,0.0,0.0,0.0,0.0,0.0,0.0,0.0,0.0,0.5,0.5,0.0,0.0,5.5,5.5,0.0,0.0,0.0,0.0,30.0,0.0,0.0,0.0,0.0,0.0,0.0,0.0,0.0,0.0,7.745833333333334,3.529166666666667,4.4317367668806025,1.4837619441326957,94.80833333333334,23.75,48.11959771666718,42.9247752408211,121.39583333333331,44.6125,59.9460261466817,32.18105395948952,232.5270833333333,93.33541666666667,55.6800965066349,30.752435888580727,14.0
17,100_2,100,2.140000000000001,0.8590000000000005,1.0,0.0,2.5,2.5,0.0,0.0,7.5,7.5,0.5,0.5,0.5,0.5,9.0,7.0,0.0,0.0,1.0,1.0,0.5,0.5,0.0,0.0,0.0,0.0,0.0,0.0,1.5,1.5,6.0,1.0,6.5,1.5,0.0,0.0,0.0,0.0,29.5,0.5,0.0,0.0,0.0,0.0,0.0,0.0,0.0,0.0,5.216666666666667,1.6499999999999997,7.287819598706025,2.534292643011073,79.14861111111111,27.70694444444444,72.00362697550301,31.44077603349932,108.09583333333332,5.262500000000003,67.80863034477423,4.391449006521039,308.85763888888886,99.98263888888886,106.2552028253972,58.79863276743088,13.0
18,100_2,100,8.356,1.2970000000000002,2.5,0.5,0.0,0.0,0.0,0.0,8.5,7.5,2.5,2.5,0.5,0.5,1.5,1.5,0.0,0.0,0.0,0.0,0.0,0.0,0.0,0.0,0.0,0.0,0.0,0.0,0.5,0.5,3.5,3.5,2.5,0.5,0.0,0.0,0.0,0.0,30.0,0.0,0.0,0.0,0.0,0.0,0.0,0.0,0.0,0.0,8.918055555555556,0.7847222222222232,7.205735056742356,0.2345083681881896,53.46944444444445,72.01944444444445,52.82575120150154,27.73290755098764,42.22638888888889,4.231944444444444,104.74832108232968,26.55976471234532,407.1625,213.03333333333333,142.1089382897599,113.549214986848,13.0
19,100_2,100,4.3575,0.9645,1.0,0.0,0.0,0.0,0.0,0.0,11.0,11.0,6.5,6.5,0.0,0.0,4.5,4.5,0.0,0.0,0.0,0.0,0.0,0.0,0.0,0.0,0.0,0.0,0.0,0.0,0.0,0.0,11.0,11.0,4.5,4.5,0.0,0.0,0.5,0.5,30.0,0.0,0.0,0.0,0.0,0.0,0.0,0.0,0.0,0.0,5.733333333333333,5.041666666666667,2.76785180801791,2.3268145206046027,124.47916666666669,2.7041666666666657,16.6746400176499,15.704388045794708,138.4125,34.59583333333333,49.72636950895869,49.62464821216091,332.9354166666667,55.76041666666666,73.85835879466624,65.01065429010688,14.0
20,100_2,100,0.0,0.0,0.0,0.0,21.5,21.5,0.0,0.0,7.5,7.5,2.0,2.0,0.0,0.0,5.0,5.0,0.0,0.0,0.0,0.0,0.0,0.0,0.0,0.0,0.0,0.0,0.0,0.0,0.0,0.0,4.5,4.5,1.5,1.5,0.0,0.0,0.0,0.0,30.0,0.0,0.0,0.0,0.0,0.0,0.0,0.0,0.0,0.0,5.541666666666667,4.541666666666667,3.736410562142347,3.736410562142347,126.92083333333332,0.5708333333333329,8.259524038703361,8.214647665310574,122.325,50.675,62.35574686158981,62.35574686158981,408.1354166666667,130.45625,101.355789185025,100.9743400111863,14.0
21,100_2,100,2.7205000000000004,0.0004999999999999,1.0,0.0,23.5,23.5,0.0,0.0,11.5,7.5,3.5,3.5,0.0,0.0,4.5,4.5,0.0,0.0,0.0,0.0,0.0,0.0,0.0,0.0,0.0,0.0,0.0,0.0,0.0,0.0,6.5,6.5,6.5,3.5,0.0,0.0,0.0,0.0,30.0,0.0,0.0,0.0,0.0,0.0,0.0,0.0,0.0,0.0,8.241666666666667,0.7833333333333337,5.5006944403126194,0.7170054291460746,113.01666666666668,13.808333333333335,40.5180942429774,22.42940647962652,93.425,18.308333333333337,90.03120636500303,28.19304617604241,323.56875,145.95624999999998,127.44042898399482,81.42547047863485,14.0
22,100_2,100,5.1365,0.9015000000000004,2.0,0.0,7.5,7.5,5.0,5.0,12.0,5.0,5.0,4.0,3.0,1.0,3.5,3.5,0.0,0.0,1.0,1.0,0.5,0.5,0.0,0.0,0.0,0.0,0.0,0.0,3.0,2.0,6.5,4.5,5.0,3.0,0.0,0.0,0.0,0.0,29.5,0.5,0.0,0.0,0.0,0.0,0.0,0.0,0.0,0.0,6.430000000000001,3.096666666666667,8.20190618903285,1.4720135037401985,108.69305555555556,16.00138888888889,51.42022948284961,24.32442608585849,75.4486111111111,35.726388888888884,105.16694114091806,15.958940985849758,410.515,197.9691666666667,142.2380905835164,49.39545668001874,13.0
23,100_2,100,1.632,0.064,1.5,0.5,16.5,16.5,1.0,1.0,5.5,1.5,2.0,1.0,0.0,0.0,3.0,2.0,0.0,0.0,0.0,0.0,0.0,0.0,0.0,0.0,0.0,0.0,0.0,0.0,0.0,0.0,3.0,3.0,10.0,8.0,0.0,0.0,0.0,0.0,29.5,0.5,0.0,0.0,0.0,0.0,0.0,0.0,0.0,0.0,7.112500000000001,1.6541666666666672,5.027881924595674,0.6337886671015234,82.5125,39.62083333333334,65.18398532499515,44.63326216929519,102.05416666666667,9.295833333333327,94.86052941126884,22.238689261995106,358.72291666666666,188.45625,113.79241334442646,96.48322342821272,14.0
24,100_2,100,2.7685,0.1105,2.0,0.0,0.0,0.0,0.0,0.0,10.5,9.5,3.0,3.0,0.5,0.5,3.5,1.5,0.0,0.0,0.0,0.0,0.0,0.0,0.0,0.0,0.0,0.0,0.0,0.0,2.0,1.0,4.0,3.0,5.5,0.5,0.0,0.0,0.0,0.0,30.0,0.0,0.0,0.0,0.0,0.0,0.0,0.0,2.0,2.0,9.709166666666668,1.7008333333333336,7.240049186490131,0.6256154742715756,80.70111111111112,18.384444444444444,80.72248914274303,3.8272480274904055,44.00805555555556,64.79194444444445,94.45544229713012,27.427606039845685,347.7576388888889,189.30347222222224,151.42932996731795,113.12077615568356,14.0
25,100_2,100,1.968,0.699,1.0,0.0,30.0,30.0,2.0,2.0,15.0,15.0,13.0,13.0,0.0,0.0,0.5,0.5,0.0,0.0,0.0,0.0,0.0,0.0,0.0,0.0,0.0,0.0,0.0,0.0,2.0,1.0,14.5,10.5,6.0,4.0,0.0,0.0,0.5,0.5,29.5,0.5,0.0,0.0,0.0,0.0,0.0,0.0,1.5,1.5,10.3625,5.095833333333333,6.958337863886467,2.5245267994007947,86.7375,44.5125,75.61644480806842,30.430348126308743,-3.8958333333333286,124.29583333333332,67.76927640236114,6.150265537206877,456.025,288.7,97.10253564142812,50.75011975688837,12.0
26,100_2,100,3.994,1.4250000000000005,1.5,0.5,0.5,0.5,6.5,6.5,16.0,12.0,3.5,3.5,0.0,0.0,2.0,0.0,0.0,0.0,0.0,0.0,0.0,0.0,0.0,0.0,0.0,0.0,0.0,0.0,1.5,1.5,8.0,2.0,7.5,6.5,0.0,0.0,0.0,0.0,28.5,1.5,0.0,0.0,0.0,0.0,0.0,0.0,0.5,0.5,10.454166666666666,4.6125,7.1392659608118585,0.2338081756811574,115.45833333333334,21.53333333333334,57.8069828195716,24.249911822702867,29.09861111111111,102.40694444444443,82.09348021870012,34.67697986098878,491.5125000000001,291.46250000000003,157.64250750164257,102.30340514173794,12.0
27,100_2,100,0.0,0.0,0.0,0.0,14.0,14.0,0.0,0.0,9.0,8.0,2.5,2.5,0.0,0.0,5.5,4.5,0.0,0.0,0.0,0.0,0.0,0.0,0.0,0.0,0.0,0.0,0.0,0.0,0.0,0.0,3.5,3.5,16.0,12.0,0.0,0.0,0.0,0.0,29.5,0.5,0.0,0.0,0.0,0.0,0.0,0.0,0.5,0.5,12.129166666666666,2.970833333333333,5.423350342707681,1.9546810493522784,50.78333333333333,59.58333333333333,89.56320401725726,47.31923337580884,15.020833333333334,9.345833333333337,139.61671320125998,2.734468593389465,380.9916666666667,216.7333333333333,154.4206286758449,140.93692194430324,14.0
28,100_2,100,3.7435,0.2555,1.0,0.0,0.0,0.0,14.0,14.0,8.0,8.0,2.5,2.5,1.0,0.0,7.5,4.5,0.0,0.0,0.0,0.0,0.0,0.0,0.0,0.0,0.0,0.0,0.0,0.0,4.0,3.0,4.5,4.5,4.0,1.0,0.0,0.0,0.0,0.0,29.0,1.0,0.0,0.0,0.0,0.0,1.0,1.0,0.0,0.0,6.831944444444445,0.0563888888888888,10.542742060014715,3.194979550999548,106.37861111111113,10.531388888888898,53.21873532402045,22.756886507290154,78.7713888888889,0.508611111111108,116.43749483704411,8.49628135391768,331.0543055555555,157.07569444444445,164.7231953221408,69.82190814056915,14.0
29,100_2,100,3.9565,0.7784999999999997,1.5,0.5,6.5,6.5,0.0,0.0,10.0,10.0,2.0,2.0,1.5,0.5,3.5,3.5,0.0,0.0,0.0,0.0,0.0,0.0,0.0,0.0,0.0,0.0,0.0,0.0,1.0,1.0,11.0,3.0,5.0,0.0,0.0,0.0,0.0,0.0,26.0,2.0,0.0,0.0,0.0,0.0,0.0,0.0,1.0,1.0,9.321944444444444,0.8913888888888897,7.038082564243562,1.7962487036350234,78.24722222222223,32.81111111111111,73.8882978336926,10.37163586832936,23.104166666666668,55.72083333333333,101.91594184682472,21.21837731544438,379.9893055555555,199.04069444444443,146.30036881401662,68.4410459736298,13.0
30,100_2,100,5.4915,1.8985000000000003,4.0,0.0,41.5,41.5,0.5,0.5,12.0,9.0,8.0,7.0,0.0,0.0,0.5,0.5,0.0,0.0,0.0,0.0,0.0,0.0,0.0,0.0,0.0,0.0,0.0,0.0,1.0,1.0,10.0,8.0,3.0,1.0,0.0,0.0,0.5,0.5,26.0,4.0,0.0,0.0,0.0,0.0,0.0,0.0,0.0,0.0,12.091666666666669,0.4000000000000003,8.148817441877005,1.8448228969696072,64.45833333333333,74.11666666666666,52.4746048860706,35.68470837060631,-6.427500000000002,70.56916666666666,91.4265736308497,27.56641771271176,445.81708333333336,267.74625000000003,114.17009216793528,100.2995717449102,14.0
31,100_2,100,0.496,0.496,0.5,0.5,0.5,0.5,0.0,0.0,14.0,10.0,3.5,3.5,0.0,0.0,1.5,0.5,0.0,0.0,0.0,0.0,0.0,0.0,0.0,0.0,0.0,0.0,0.0,0.0,1.5,1.5,8.0,8.0,14.5,8.5,0.0,0.0,0.0,0.0,30.0,0.0,0.0,0.0,0.0,0.0,0.0,0.0,0.5,0.5,11.779166666666669,1.3625000000000007,6.297025912089282,0.3785930771048194,103.85416666666666,22.820833333333333,56.98620020760839,28.625124328862185,-0.7208333333333385,89.3375,97.44867454945752,15.353081556356544,501.5125000000001,314.3833333333333,138.33985852718902,118.22895551069352,13.0
32,100_2,100,3.478,2.539,1.5,0.5,0.0,0.0,0.0,0.0,7.5,6.5,1.0,1.0,0.0,0.0,0.5,0.5,0.0,0.0,0.0,0.0,0.0,0.0,0.0,0.0,0.0,0.0,0.0,0.0,2.0,2.0,4.0,2.0,12.0,3.0,0.0,0.0,0.0,0.0,27.5,1.5,0.0,0.0,0.0,0.0,0.5,0.5,2.5,2.5,11.6375,4.2125,9.182606776600675,0.2887535621609434,71.10416666666666,32.69583333333333,96.42587288056411,9.18562987310797,33.97083333333333,71.8625,99.61218537829892,35.335299520663014,312.6583333333333,148.55416666666667,152.4360099583594,137.19834133291383,14.0
33,100_2,100,5.829000000000001,1.5090000000000003,2.5,0.5,0.0,0.0,0.0,0.0,11.5,10.5,3.0,3.0,3.0,2.0,0.0,0.0,0.0,0.0,0.0,0.0,0.0,0.0,0.0,0.0,0.0,0.0,0.0,0.0,1.0,1.0,10.5,2.5,3.5,0.5,0.0,0.0,0.0,0.0,26.0,4.0,0.0,0.0,0.0,0.0,0.0,0.0,0.0,0.0,11.4625,2.279166666666667,9.019985818170785,2.6063014462810785,79.05833333333334,55.833333333333336,63.88469977837117,41.05346356080682,-3.0416666666666643,86.99166666666667,106.63458698474034,20.417071362913227,428.0375,267.31666666666666,103.7941749869791,80.79925518269286,14.0
34,100_2,100,4.6655,4.6655,0.5,0.5,33.5,33.5,1.5,0.5,6.5,3.5,0.0,0.0,2.5,2.5,0.0,0.0,0.0,0.0,0.0,0.0,0.0,0.0,0.0,0.0,0.0,0.0,0.0,0.0,0.5,0.5,1.0,1.0,1.0,1.0,0.0,0.0,0.0,0.0,30.0,0.0,0.0,0.0,0.0,0.0,0.0,0.0,0.5,0.5,11.245833333333334,3.329166666666666,9.609730450589026,1.5254521553077742,55.25833333333334,20.15833333333333,78.54267859480905,3.774862063303409,30.33333333333333,34.84166666666667,102.21807173430624,17.943442544970743,355.1916666666666,215.55416666666665,126.2405325074243,97.65128354474604,14.0
35,100_2,100,5.344,3.659,1.5,0.5,6.5,6.5,6.5,6.5,10.0,9.0,5.0,5.0,0.5,0.5,2.5,0.5,0.0,0.0,0.0,0.0,0.0,0.0,0.0,0.0,0.0,0.0,0.0,0.0,0.5,0.5,7.0,6.0,3.0,2.0,0.0,0.0,0.0,0.0,30.0,0.0,0.0,0.0,0.0,0.0,0.0,0.0,0.0,0.0,10.283333333333331,0.1333333333333328,6.194248545529959,0.1642540734484696,76.8125,38.704166666666666,78.6391725657009,29.612014558916307,22.916666666666664,36.391666666666666,111.95370130024249,7.255032824680882,327.93333333333334,180.08749999999998,114.24894527185263,99.49246070385487,14.0
36,100_2,100,1.5955,0.2825,1.0,0.0,0.0,0.0,0.0,0.0,11.5,11.5,4.5,4.5,1.0,0.0,2.0,2.0,0.0,0.0,0.0,0.0,0.0,0.0,0.0,0.0,0.0,0.0,0.0,0.0,0.0,0.0,11.0,11.0,5.5,0.5,0.0,0.0,0.0,0.0,29.5,0.5,0.0,0.0,0.0,0.0,0.0,0.0,1.5,1.5,8.46388888888889,3.705555555555556,6.690561062200398,1.4343705614435134,97.84722222222224,25.83055555555556,54.4173864179588,21.92624280034745,55.00694444444444,61.69305555555555,101.58468192741736,36.860703887332924,391.2763888888889,186.0055555555556,121.716507589058,44.6152951355203,12.0
37,100_2,100,5.9145,1.1985,2.0,0.0,0.0,0.0,0.0,0.0,15.0,15.0,10.5,10.5,4.0,4.0,0.5,0.5,0.0,0.0,0.0,0.0,0.0,0.0,0.0,0.0,0.0,0.0,0.0,0.0,9.0,9.0,12.5,9.5,4.0,3.0,0.0,0.0,1.5,1.5,29.0,1.0,0.0,0.0,0.0,0.0,0.0,0.0,0.0,0.0,10.804166666666667,4.3375,8.941801205905248,2.860517304549475,69.11666666666667,67.25,61.686965043725095,32.57827981825406,25.50416666666667,47.41250000000001,98.9604599988253,23.78177470690082,328.92291666666665,149.17291666666668,99.268580336333,43.25786707538621,12.0
38,100_2,100,2.6665,2.6665,0.5,0.5,29.0,29.0,8.0,8.0,12.0,7.0,6.0,4.0,0.0,0.0,2.5,2.5,0.0,0.0,0.0,0.0,0.0,0.0,0.0,0.0,0.0,0.0,0.0,0.0,0.5,0.5,6.5,3.5,12.0,4.0,0.0,0.0,0.0,0.0,28.5,0.5,0.0,0.0,0.0,0.0,0.0,0.0,0.0,0.0,10.720833333333331,2.3125,5.723227041250118,0.9821242628286716,70.51388888888889,9.305555555555554,103.6641860992764,18.157850825721503,28.804166666666667,33.520833333333336,106.35208215178916,19.21234603151443,292.7451388888889,135.5451388888889,124.12626996095308,111.12456334220492,13.0
39,100_2,100,3.9685,0.2024999999999996,1.0,0.0,8.0,8.0,0.0,0.0,11.0,11.0,6.5,6.5,1.5,1.5,3.0,3.0,0.0,0.0,0.0,0.0,0.0,0.0,0.0,0.0,0.0,0.0,0.0,0.0,2.5,2.5,7.5,7.5,7.5,2.5,0.0,0.0,0.0,0.0,29.5,0.5,0.0,0.0,0.0,0.0,0.0,0.0,1.5,1.5,11.151666666666667,4.41,8.053285327970434,0.6619989792427039,100.8754365079365,26.1254365079365,68.27068477984959,31.82947339518361,21.8911507936508,74.50884920634921,109.3574826720904,23.97814286047869,348.86569444444444,190.49486111111108,117.56620224735744,91.9003510021934,13.0
40,100_2,100,9.109,3.115,3.5,0.5,0.0,0.0,0.0,0.0,12.5,12.5,3.5,3.5,0.0,0.0,1.0,1.0,0.0,0.0,0.0,0.0,0.0,0.0,0.0,0.0,0.0,0.0,0.0,0.0,1.0,1.0,3.0,2.0,6.0,3.0,0.0,0.0,0.0,0.0,29.0,0.0,0.0,0.0,0.0,0.0,0.0,0.0,5.5,5.5,13.599166666666669,5.407500000000001,9.59643645275962,1.725681159340258,78.36083333333333,51.64416666666666,66.8716386853934,31.20434659586129,8.247499999999995,90.4775,84.45612847225453,26.67527992939101,381.7875,213.1833333333333,124.53089723213292,110.85446207993692,13.0
41,100_2,100,1.141,1.141,0.5,0.5,46.0,46.0,0.0,0.0,9.5,8.5,2.5,2.5,0.0,0.0,3.5,3.5,0.0,0.0,0.0,0.0,0.0,0.0,0.0,0.0,0.0,0.0,0.0,0.0,0.0,0.0,5.5,5.5,3.0,0.0,0.0,0.0,0.0,0.0,29.5,0.5,0.0,0.0,0.0,0.0,0.0,0.0,0.0,0.0,13.054166666666667,0.5125000000000002,7.266556069065606,1.2923290153883786,88.95,32.349999999999994,62.19268896602027,26.14767081741431,33.32083333333333,38.12083333333333,117.10452321347228,28.81697965707796,367.30208333333337,232.32708333333332,168.57215316977843,158.2213077936751,12.5
42,100_2,100,2.2190000000000003,0.1060000000000001,1.0,0.0,1.5,0.5,0.0,0.0,11.5,10.5,7.5,6.5,0.0,0.0,1.5,1.5,0.0,0.0,0.0,0.0,0.0,0.0,0.0,0.0,0.0,0.0,0.0,0.0,0.0,0.0,7.5,6.5,6.0,3.0,0.0,0.0,0.0,0.0,29.5,0.5,0.0,0.0,0.0,0.0,0.0,0.0,1.0,1.0,9.85,3.208333333333333,6.41613821313392,0.0245150059804957,83.62083333333334,36.62916666666666,77.61966617081141,31.00555886411724,12.258333333333336,57.875,110.5612309502506,8.33795136634717,370.95416666666665,178.9125,171.07089320779102,133.080484147667,11.0
43,100_2,100,1.04,1.04,0.5,0.5,9.0,9.0,7.5,7.5,15.0,15.0,1.5,1.5,11.5,11.5,0.0,0.0,0.0,0.0,4.0,4.0,0.0,0.0,0.0,0.0,0.0,0.0,0.0,0.0,11.5,9.5,13.0,12.0,1.0,1.0,0.0,0.0,0.0,0.0,29.5,0.5,0.0,0.0,0.0,0.0,0.0,0.0,0.0,0.0,5.125,10.291666666666668,5.735893734243144,3.65189384087569,115.77083333333334,20.77916666666668,41.46678830967036,19.955027960193306,-54.62083333333334,69.00416666666666,97.8737038486592,21.932176177693805,430.88958333333335,234.66458333333333,99.0272236622876,56.18613649120849,14.0
44,100_2,100,0.911,0.911,0.5,0.5,4.5,4.5,4.5,4.5,12.5,12.5,4.5,4.5,1.5,1.5,1.0,1.0,0.0,0.0,0.0,0.0,0.0,0.0,0.0,0.0,0.0,0.0,0.0,0.0,1.5,1.5,10.0,7.0,11.0,6.0,0.0,0.0,0.5,0.5,28.0,2.0,0.0,0.0,0.0,0.0,0.0,0.0,0.0,0.0,11.24861111111111,3.123611111111111,6.632896375430191,0.641129905339858,75.69055555555556,39.37055555555556,76.77890516386059,31.310693163946453,46.59083333333333,92.89083333333332,83.55274908937639,40.56700826885674,338.13208333333336,178.87208333333336,117.10484524529062,87.66537018769716,7.0
45,100_2,100,2.917,0.923,1.0,0.0,0.0,0.0,0.0,0.0,14.5,14.5,8.0,8.0,8.5,5.5,0.0,0.0,0.0,0.0,0.0,0.0,0.0,0.0,0.0,0.0,0.0,0.0,0.0,0.0,0.5,0.5,8.0,8.0,6.5,3.5,0.0,0.0,0.5,0.5,25.0,5.0,0.0,0.0,0.0,0.0,0.0,0.0,1.5,1.5,17.52916666666667,0.8375000000000004,2.70713394301922,1.519115050539437,3.058333333333337,138.86666666666667,8.568766283513822,6.9906828819718685,14.066666666666665,162.61666666666667,22.99580697239704,21.40818121184905,358.15,204.7,82.16444223458329,65.58717366182579,13.0
46,100_2,100,3.168,1.834,1.5,0.5,0.0,0.0,0.0,0.0,10.0,10.0,2.0,2.0,5.5,5.5,0.5,0.5,0.0,0.0,0.0,0.0,0.0,0.0,0.0,0.0,0.0,0.0,0.0,0.0,2.0,2.0,12.0,1.0,1.5,1.5,0.0,0.0,0.0,0.0,16.0,13.0,0.0,0.0,0.0,0.0,0.0,0.0,0.0,0.0,18.4875,0.9708333333333332,4.546256034797892,1.335542631898848,-0.74583333333333,121.87916666666666,43.84346097927384,15.177006280445104,25.975,139.98333333333335,51.04112763600521,30.25079701760901,360.35833333333335,217.3583333333333,147.67677644818107,138.5958899275819,14.0
47,100_2,100,3.252,1.4839999999999998,2.0,0.0,0.0,0.0,0.0,0.0,7.5,7.5,3.0,3.0,12.5,7.5,0.0,0.0,0.0,0.0,0.0,0.0,0.0,0.0,0.0,0.0,0.0,0.0,0.0,0.0,0.5,0.5,8.5,1.5,3.5,1.5,0.0,0.0,0.0,0.0,22.0,5.0,0.0,0.0,0.0,0.0,0.0,0.0,0.0,0.0,15.908333333333337,3.7,5.487071918752915,3.0200533627717165,-20.0875,105.85416666666666,48.13650704207234,23.82629970944032,44.71388888888889,125.08611111111112,61.36724592178913,47.311197401667975,284.2006944444444,139.99236111111108,122.740066829231,110.85141970032876,7.0
48,100_2,100,4.899500000000001,2.7035,2.0,0.0,0.0,0.0,0.0,0.0,15.0,12.0,7.0,7.0,3.5,3.5,0.5,0.5,0.0,0.0,0.0,0.0,0.0,0.0,0.0,0.0,0.0,0.0,0.0,0.0,1.0,1.0,13.0,8.0,12.0,3.0,0.0,0.0,0.0,0.0,26.5,3.5,0.0,0.0,0.0,0.0,0.0,0.0,1.0,1.0,14.33202380952381,0.7679761904761904,4.927140268443618,1.7219361667781197,62.55555555555556,85.31944444444446,60.44523567525985,53.93058871629116,-8.635396825396825,95.48960317460318,98.45263218155613,6.289904346510333,357.36073412698414,200.94343253968256,115.7399866249155,74.83270205354884,7.0
49,100_2,100,0.0,0.0,0.0,0.0,13.0,13.0,1.0,1.0,10.0,10.0,5.5,5.5,3.0,1.0,1.0,1.0,0.0,0.0,0.0,0.0,0.0,0.0,0.0,0.0,0.0,0.0,0.0,0.0,2.0,2.0,11.0,10.0,2.5,1.5,0.0,0.0,0.0,0.0,29.5,0.5,0.0,0.0,0.0,0.0,0.0,0.0,0.5,0.5,8.108333333333334,2.725,7.646034702326891,0.0281463976703948,109.68333333333334,28.76666666666666,53.3951056173818,34.40548125739687,58.5375,88.77083333333334,102.82156666527776,36.07569652670249,360.9,190.26666666666665,121.39799579798915,101.15998665951685,12.5
50,100_2,100,2.118,0.358,1.0,0.0,39.0,39.0,2.0,2.0,16.0,14.0,10.0,10.0,4.5,4.5,2.0,2.0,0.0,0.0,0.0,0.0,0.0,0.0,0.0,0.0,0.0,0.0,0.0,0.0,0.5,0.5,19.5,10.5,6.0,1.0,0.0,0.0,0.5,0.5,26.5,3.5,0.0,0.0,0.0,0.0,0.0,0.0,0.5,0.5,8.616666666666667,5.458333333333333,4.149744838020121,1.3021215600331382,101.43333333333334,35.56666666666667,54.41071880912372,26.392198148674847,22.075000000000003,104.925,82.78351515803672,10.954319608223315,356.96875,177.44791666666663,64.46974564931062,23.10649098039517,8.5
51,100_2,100,4.847,4.847,0.5,0.5,0.5,0.5,0.5,0.5,12.5,12.5,6.5,6.5,0.5,0.5,0.5,0.5,0.0,0.0,0.0,0.0,0.0,0.0,0.0,0.0,0.0,0.0,0.0,0.0,0.5,0.5,12.0,12.0,14.5,4.5,0.0,0.0,0.5,0.5,30.0,0.0,0.0,0.0,0.0,0.0,0.0,0.0,0.0,0.0,9.95,3.2416666666666667,4.763663620952602,0.0534427603606539,96.34166666666668,45.125,63.357910460336,44.0162743121481,40.84166666666667,12.525,135.73328441317614,0.0434890873832927,329.7104166666667,138.31041666666664,72.8228702216125,40.16741827761599,7.0
52,100_2,100,6.2620000000000005,3.02,1.0,0.0,0.0,0.0,0.0,0.0,14.5,14.5,12.5,12.5,4.0,4.0,0.0,0.0,0.0,0.0,0.0,0.0,0.0,0.0,0.0,0.0,0.0,0.0,0.0,0.0,0.0,0.0,14.0,14.0,22.5,4.5,0.0,0.0,3.5,3.5,30.0,0.0,0.0,0.0,0.0,0.0,0.0,0.0,0.0,0.0,11.3625,0.1375000000000001,5.687805333258744,0.6337846566093108,46.11666666666666,47.0,111.05641450740718,26.150860769412176,60.825,73.79166666666667,100.18094563685436,28.6409878820754,356.25625,178.50208333333333,86.47473979091328,66.71352242442607,7.0
53,100_2,100,2.933,1.13,1.0,0.0,12.5,12.5,9.0,9.0,11.0,11.0,3.5,3.5,9.0,9.0,0.5,0.5,0.0,0.0,0.0,0.0,0.0,0.0,0.0,0.0,0.0,0.0,0.0,0.0,0.5,0.5,12.5,10.5,14.5,11.5,0.0,0.0,0.0,0.0,29.5,0.5,0.0,0.0,0.0,0.0,0.0,0.0,0.0,0.0,13.591666666666669,0.8499999999999996,3.4465988028485848,0.3329973689959975,3.2375000000000043,129.8125,27.108155527526392,6.952599014908506,32.81666666666667,37.333333333333336,129.17684668785537,12.362310634616918,329.3979166666667,159.80208333333331,73.17794629223341,60.1449879376532,11.5
54,100_2,100,3.4715,0.1755,1.0,0.0,16.0,16.0,3.0,3.0,11.0,11.0,3.5,3.5,7.5,7.5,0.5,0.5,0.0,0.0,0.0,0.0,0.0,0.0,0.0,0.0,0.0,0.0,0.0,0.0,2.5,2.5,9.5,9.5,12.5,9.5,0.0,0.0,0.0,0.0,30.0,0.0,0.0,0.0,0.0,0.0,0.0,0.0,0.0,0.0,11.271944444444443,0.5947222222222228,4.699303773092997,0.1748343273532979,33.54916666666666,103.68416666666668,60.16895449893496,39.64326598700219,-27.034444444444443,5.15111111111111,138.25639533657687,0.0570716929513395,365.65680555555554,182.80569444444444,103.06331072734176,80.74567116123913,14.0
55,100_2,100,2.0265,2.0265,0.5,0.5,47.5,47.5,2.0,2.0,14.5,14.5,4.0,4.0,8.0,8.0,0.0,0.0,0.0,0.0,0.0,0.0,0.0,0.0,0.0,0.0,0.0,0.0,0.0,0.0,2.5,2.5,13.5,13.5,11.0,9.0,0.0,0.0,0.5,0.5,30.0,0.0,0.0,0.0,0.0,0.0,0.0,0.0,0.0,0.0,13.604166666666666,1.0625,3.15008888527651,0.0529912295851551,6.837500000000006,138.09583333333333,3.128709212089752,0.7689040176816291,-77.80416666666667,18.34583333333333,118.97502530274532,2.3741197292655087,384.94375,206.3645833333333,72.20176564262081,55.2116801963312,14.0
56,100_2,100,6.234500000000001,0.7625000000000002,2.5,0.5,3.5,3.5,0.5,0.5,11.0,11.0,3.5,3.5,7.0,3.0,2.5,1.5,0.0,0.0,0.0,0.0,0.0,0.0,0.0,0.0,0.0,0.0,0.0,0.0,1.5,1.5,11.0,10.0,15.5,8.5,0.0,0.0,0.0,0.0,30.0,0.0,0.0,0.0,0.0,0.0,0.0,0.0,0.0,0.0,12.404166666666669,0.3208333333333328,5.384034685536216,1.3090432063358537,18.195833333333333,113.5875,46.93416421644751,21.242098861123853,-65.0625,14.104166666666668,115.70406332644704,15.996671981126546,346.5541666666667,180.325,112.11064378617866,90.2112982067885,14.0
57,100_2,100,2.5335,1.4665,1.0,0.0,11.0,11.0,22.0,22.0,10.0,9.0,1.0,1.0,8.5,8.5,2.0,0.0,0.0,0.0,0.0,0.0,0.0,0.0,0.0,0.0,0.0,0.0,0.0,0.0,0.0,0.0,7.0,7.0,16.5,3.5,0.0,0.0,0.0,0.0,30.0,0.0,0.0,0.0,0.0,0.0,0.0,0.0,0.0,0.0,13.308333333333334,2.166666666666666,5.240515541667314,0.0406157028883655,-1.0208333333333357,96.24583333333334,72.84096661647277,0.4747869582005393,-1.1875,25.929166666666667,115.70564473670666,1.582475103094474,280.0229166666667,121.88124999999998,59.55669952653761,31.482936320377384,14.0
58,100_2,100,3.3485,3.3485,0.5,0.5,7.5,7.5,1.0,1.0,9.0,8.0,2.5,2.5,4.5,4.5,4.5,3.5,0.0,0.0,0.0,0.0,0.0,0.0,0.0,0.0,0.0,0.0,0.0,0.0,0.5,0.5,9.0,6.0,19.0,8.0,0.0,0.0,0.0,0.0,28.5,1.5,0.0,0.0,0.0,0.0,0.0,0.0,0.0,0.0,9.6,1.2000000000000002,6.756586553265668,0.0946298837378134,98.47916666666666,31.112500000000004,77.01560030362288,45.39470245812273,45.59166666666667,47.18333333333334,123.75519874125648,4.288844516869673,333.2645833333333,159.79375000000002,91.33873733855756,69.0440331062616,12.0
59,100_2,100,5.3605,1.8825,1.5,0.5,0.5,0.5,0.0,0.0,8.5,8.5,3.5,3.5,2.5,1.5,1.0,1.0,0.0,0.0,0.0,0.0,0.0,0.0,0.0,0.0,0.0,0.0,0.0,0.0,1.0,1.0,8.0,6.0,12.0,1.0,0.0,0.0,0.0,0.0,24.0,5.0,0.0,0.0,0.0,0.0,0.0,0.0,0.0,0.0,9.834722222222222,0.5013888888888882,6.457042973529285,1.7447658641525925,114.60555555555555,20.30555555555555,69.89063268031038,33.524981066679814,22.724444444444448,77.17555555555556,118.44957171471636,1.813275831813982,325.70708333333334,161.73208333333335,84.58204007355913,64.64616892797501,12.0
60,100_2,100,3.397,0.8480000000000001,1.5,0.5,87.5,38.5,81.0,41.0,6.0,6.0,1.0,1.0,4.5,0.5,0.5,0.5,0.0,0.0,0.0,0.0,0.0,0.0,0.0,0.0,0.0,0.0,0.0,0.0,3.0,3.0,4.5,4.5,10.0,9.0,0.0,0.0,0.0,0.0,29.0,1.0,0.0,0.0,0.0,0.0,0.0,0.0,0.0,0.0,9.756944444444445,0.843055555555555,5.130203577064063,1.3367882293859312,79.64027777777778,40.02361111111112,81.72297684647134,39.513959448629,37.78611111111111,0.6305555555555564,143.8793321752529,9.102412580110196,347.3986111111112,174.91527777777785,107.07572859275068,82.59483184537734,12.0
61,100_2,100,0.929,0.929,0.5,0.5,59.5,32.5,2.5,0.5,13.0,13.0,8.0,8.0,7.0,6.0,0.0,0.0,0.0,0.0,0.0,0.0,0.0,0.0,0.0,0.0,0.0,0.0,0.0,0.0,2.5,2.5,12.5,11.5,9.0,7.0,0.0,0.0,0.0,0.0,29.5,0.5,0.0,0.0,0.0,0.0,0.0,0.0,1.0,1.0,13.53527777777778,0.1230555555555552,5.097854567116887,1.5216115819592937,61.32277777777779,82.26444444444445,69.0047951520543,42.01899515384765,-10.998888888888892,93.59055555555555,81.36099218625874,8.903283769896191,426.07444444444445,265.9702777777778,93.07191998211722,79.42445824721737,13.0
62,100_2,100,5.733499999999999,0.0474999999999998,2.5,0.5,18.5,18.5,4.0,4.0,16.0,14.0,8.5,8.5,6.0,6.0,0.0,0.0,0.0,0.0,0.0,0.0,0.0,0.0,0.0,0.0,0.0,0.0,0.0,0.0,3.5,3.5,16.0,12.0,17.5,9.5,0.0,0.0,0.0,0.0,28.0,2.0,0.0,0.0,0.0,0.0,0.0,0.0,0.5,0.5,13.7625,0.3374999999999994,5.023930097276381,0.1414998622397356,45.63611111111112,104.16944444444444,53.37264426535069,46.97240073217552,-52.16805555555556,29.41805555555556,119.59226908806204,10.54781569240314,409.23125,233.74791666666667,69.2035353551629,53.61027648402816,14.0
63,100_2,100,2.789,1.4139999999999997,1.5,0.5,4.5,4.5,4.5,4.5,12.5,12.5,2.5,2.5,2.5,2.5,0.5,0.5,0.0,0.0,0.0,0.0,0.0,0.0,0.0,0.0,0.0,0.0,0.0,0.0,1.5,1.5,13.5,11.5,9.5,4.5,0.0,0.0,0.0,0.0,28.0,1.0,0.0,0.0,0.0,0.0,0.0,0.0,0.0,0.0,9.31111111111111,1.311111111111111,4.50292553909674,0.5301011869093275,60.58194444444445,74.74861111111113,67.06215031745018,36.69227395233965,-24.119444444444447,14.62777777777778,123.20911996791956,10.969686159907113,324.0743055555556,151.74513888888893,93.86881551237424,70.14076681175646,12.0
64,100_2,100,3.296,2.1979999999999995,1.5,0.5,19.0,18.0,1.0,0.0,12.5,12.5,4.0,4.0,5.0,4.0,0.0,0.0,0.0,0.0,0.0,0.0,0.0,0.0,0.0,0.0,0.0,0.0,0.0,0.0,2.0,2.0,5.0,5.0,5.5,0.5,0.0,0.0,0.0,0.0,29.5,0.5,0.0,0.0,0.0,0.0,0.0,0.0,2.5,2.5,14.3,2.2833333333333323,5.172094574151126,1.0082955609635027,103.72916666666669,23.54583333333333,83.52096904662068,27.208768252003058,60.54583333333333,94.1625,81.59006588210472,48.09621798100172,296.0701388888889,131.84097222222226,60.648441736382,48.91440633480102,11.5
65,100_2,100,2.8215000000000003,0.7725000000000002,1.5,0.5,6.5,6.5,0.5,0.5,7.5,7.5,1.5,1.5,3.5,2.5,1.0,0.0,0.0,0.0,0.0,0.0,0.0,0.0,0.0,0.0,0.0,0.0,0.0,0.0,0.5,0.5,5.5,5.5,7.0,6.0,0.0,0.0,0.0,0.0,30.0,0.0,0.0,0.0,0.0,0.0,0.0,0.0,1.0,1.0,10.113333333333332,1.336666666666666,9.231725829083928,0.9844030311492338,64.42083333333333,48.895833333333336,77.8828735525884,35.16161160701589,17.275,30.475,130.4447461974921,12.328595735330474,381.6454166666667,223.11625,145.94186290876834,132.97023187001474,13.0
66,100_2,100,2.3895,0.6715,2.0,0.0,2.0,2.0,0.0,0.0,6.5,4.5,1.0,1.0,3.0,1.0,5.0,1.0,0.0,0.0,0.0,0.0,0.0,0.0,0.0,0.0,0.0,0.0,0.0,0.0,0.0,0.0,6.0,5.0,9.5,4.5,0.0,0.0,0.0,0.0,29.5,0.5,0.0,0.0,0.0,0.0,0.0,0.0,0.5,0.5,9.820833333333333,4.0875,5.572116193586117,0.0174884932907244,49.83055555555555,64.08055555555555,79.63922177882557,36.988622952467765,-4.784722222222225,11.101388888888891,129.37421709970127,12.03798489119336,339.3125,189.0,172.6451007794414,147.57638791692426,13.0
67,100_2,100,6.4215,0.5124999999999997,4.0,0.0,0.0,0.0,0.0,0.0,11.5,9.5,5.0,5.0,1.0,1.0,1.5,0.5,0.0,0.0,0.0,0.0,0.0,0.0,0.0,0.0,0.0,0.0,0.0,0.0,0.5,0.5,13.5,0.5,16.5,3.5,0.0,0.0,0.0,0.0,27.0,2.0,0.0,0.0,0.0,0.0,0.0,0.0,0.0,0.0,8.741666666666667,3.833333333333333,8.521029619851465,0.1002014407337918,109.38055555555556,1.1444444444444528,62.24191186009882,8.113732584728151,72.69166666666668,59.26666666666667,94.60174953444933,33.71561662591624,270.6548611111112,73.83402777777778,72.49018859654625,39.76466206440996,12.0
68,100_2,100,2.7995,0.1325,1.5,0.5,0.0,0.0,0.0,0.0,12.0,9.0,5.0,5.0,0.5,0.5,1.5,0.5,0.0,0.0,0.0,0.0,0.0,0.0,0.0,0.0,0.0,0.0,0.0,0.0,0.0,0.0,15.0,7.0,20.5,5.5,0.0,0.0,0.0,0.0,26.5,3.5,0.0,0.0,0.0,0.0,0.0,0.0,3.0,3.0,4.245833333333334,2.2625,7.489849045144911,1.373449187203787,115.15416666666668,1.9541666666666653,55.78215272745217,11.681963763382342,43.400000000000006,86.49166666666667,109.03100005645028,31.329228215505594,305.1,128.13333333333335,112.39656139847617,53.68690385485828,14.0
69,100_2,100,5.2475000000000005,0.8215000000000003,1.5,0.5,3.5,3.5,3.5,3.5,2.5,2.5,1.0,1.0,2.0,1.0,4.5,4.5,0.0,0.0,0.0,0.0,0.0,0.0,0.0,0.0,0.0,0.0,0.0,0.0,0.0,0.0,1.5,1.5,10.5,8.5,0.0,0.0,0.0,0.0,30.0,0.0,0.0,0.0,0.0,0.0,0.0,0.0,0.0,0.0,3.489444444444444,4.9272222222222215,4.939158588367101,1.3541359030384592,71.07777777777777,37.5361111111111,64.31044402765355,33.07694999174143,-32.82111111111111,99.84611111111111,90.37224591584078,1.9832572138229736,383.58652777777775,207.2281944444444,161.5087993832314,148.0209679332828,14.0
70,100_2,100,5.7485,0.9604999999999996,2.5,0.5,0.0,0.0,0.0,0.0,13.0,11.0,10.5,10.5,0.5,0.5,0.5,0.5,0.0,0.0,0.0,0.0,0.0,0.0,0.0,0.0,0.0,0.0,0.0,0.0,3.0,3.0,9.0,9.0,7.0,2.0,0.0,0.0,0.0,0.0,30.0,0.0,0.0,0.0,0.0,0.0,0.0,0.0,0.0,0.0,9.7625,1.1708333333333334,6.614478468972258,0.5641742984734255,75.29166666666667,58.38333333333334,78.39557075351351,36.74558325851739,-21.9,124.53333333333332,59.454816556332034,17.20195997965915,434.1854166666667,257.8979166666667,119.77743166523496,98.0810141902231,10.0
71,100_2,100,6.1690000000000005,1.477,2.5,0.5,20.5,20.5,0.5,0.5,15.5,14.5,9.0,9.0,0.0,0.0,0.0,0.0,0.0,0.0,0.0,0.0,0.0,0.0,0.0,0.0,0.0,0.0,0.0,0.0,0.0,0.0,9.5,9.5,16.0,2.0,0.0,0.0,0.0,0.0,30.0,0.0,0.0,0.0,0.0,0.0,0.0,0.0,6.0,6.0,12.891666666666666,0.9333333333333328,6.463435985798768,0.582292625683984,39.80833333333334,96.375,64.76264044141263,33.4503070530779,-35.6125,55.329166666666666,101.90418792316495,18.52599124948079,268.1875,123.60416666666669,47.225835531688126,33.13493519770584,14.0
72,100_2,100,0.544,0.544,0.5,0.5,12.0,12.0,0.0,0.0,14.5,13.5,9.5,9.5,1.0,1.0,0.0,0.0,0.0,0.0,0.0,0.0,0.0,0.0,0.0,0.0,0.0,0.0,0.0,0.0,0.0,0.0,11.5,11.5,15.0,2.0,0.0,0.0,0.0,0.0,30.0,0.0,0.0,0.0,0.0,0.0,0.0,0.0,1.5,1.5,11.65,2.416666666666667,6.703307280504172,0.0384325213241045,5.790833333333332,101.92416666666668,78.9738508835141,9.149635707115578,-90.5975,7.064166666666665,98.7411813482682,5.342824534266647,336.52625,187.9845833333333,121.26050672362253,91.58024298565086,14.0
73,100_2,100,6.852,1.0099999999999991,3.0,0.0,0.0,0.0,0.0,0.0,14.5,14.5,12.5,12.5,1.5,1.5,1.5,1.5,0.0,0.0,0.0,0.0,0.0,0.0,0.0,0.0,0.0,0.0,0.0,0.0,0.5,0.5,13.0,11.0,13.5,7.5,0.0,0.0,0.0,0.0,30.0,0.0,0.0,0.0,0.0,0.0,0.0,0.0,2.0,2.0,9.483333333333334,2.2833333333333337,5.981820787455334,1.2540658586686615,5.0625,53.02916666666667,98.1569996529108,9.590670146589837,-39.6,26.2,91.1979547933305,11.16550304197321,277.9708333333333,124.74583333333332,97.206997651309,80.25208194327121,14.0
74,100_2,100,10.052,1.298,5.5,0.5,0.0,0.0,0.0,0.0,14.0,14.0,11.5,11.5,1.0,1.0,0.0,0.0,0.0,0.0,0.0,0.0,0.0,0.0,0.0,0.0,0.0,0.0,0.0,0.0,0.0,0.0,19.5,9.5,7.5,7.5,0.0,0.0,1.0,1.0,30.0,0.0,0.0,0.0,0.0,0.0,0.0,0.0,2.0,2.0,8.904166666666667,3.8958333333333335,3.958751067516305,0.5312377966124244,61.47083333333333,50.77083333333333,71.68389794150727,18.116515012257413,-9.175,49.71666666666667,105.85871377215756,15.85148991083507,243.61666666666667,105.93333333333334,37.41845105735779,15.824404488402214,14.0
75,100_2,100,9.2485,0.7695000000000007,2.5,0.5,0.0,0.0,0.0,0.0,14.5,14.5,11.0,11.0,2.0,1.0,0.0,0.0,0.0,0.0,0.0,0.0,0.0,0.0,0.0,0.0,0.0,0.0,0.0,0.0,0.0,0.0,15.0,14.0,9.5,4.5,0.0,0.0,0.0,0.0,30.0,0.0,0.0,0.0,0.0,0.0,0.0,0.0,4.0,4.0,10.695833333333333,2.2041666666666666,6.902775982587376,1.144635609554121,30.35416666666667,51.8125,94.00131407006896,7.822887648164766,-20.5875,59.72083333333333,104.23581415352795,12.406654765624978,254.5625,106.6125,48.7693793683917,30.26488667067096,14.0
76,100_2,100,9.9075,1.2365000000000004,2.5,0.5,0.0,0.0,0.0,0.0,3.5,2.5,0.0,0.0,4.0,4.0,0.0,0.0,0.0,0.0,0.0,0.0,0.0,0.0,0.0,0.0,0.0,0.0,0.0,0.0,0.0,0.0,1.5,1.5,7.0,5.0,0.0,0.0,0.0,0.0,30.0,0.0,0.5,0.5,0.0,0.0,0.0,0.0,0.0,0.0,4.420833333333333,5.245833333333334,7.412327523043187,3.4320898835715608,52.270833333333336,46.49583333333333,83.45944082654572,26.573079934363868,-32.0625,91.89583333333331,82.62434099194789,15.353554757836172,380.72291666666666,223.13125,83.7411297346455,63.1225970785885,14.0
77,100_2,100,4.662,1.761,1.5,0.5,10.5,10.5,0.0,0.0,12.0,9.0,7.5,7.5,3.0,0.0,0.0,0.0,0.0,0.0,0.0,0.0,0.0,0.0,0.0,0.0,0.0,0.0,0.0,0.0,2.5,2.5,8.5,7.5,11.5,3.5,0.0,0.0,0.0,0.0,30.0,0.0,0.0,0.0,0.0,0.0,0.0,0.0,2.5,2.5,10.7875,0.9874999999999998,8.156450114554925,0.0716521372809539,80.51666666666667,32.925,80.23248614388483,16.676910616984316,-7.054166666666667,89.02916666666667,92.72320167297528,12.749629215152275,412.23541666666665,258.01041666666663,93.35542559677378,84.40624034521782,14.0
78,100_2,100,4.304,4.304,0.5,0.5,34.0,34.0,4.0,4.0,11.5,10.5,2.0,2.0,4.0,2.0,0.0,0.0,0.0,0.0,0.0,0.0,0.0,0.0,0.0,0.0,0.0,0.0,0.0,0.0,3.0,3.0,4.0,2.0,11.0,1.0,0.0,0.0,0.0,0.0,26.0,0.0,0.0,0.0,0.0,0.0,0.0,0.0,3.5,3.5,17.073888888888888,0.5822222222222209,8.061205054788033,1.6009150286187572,61.00944444444445,35.80944444444445,90.05109492996719,21.03812221853317,33.98555555555556,32.86444444444444,104.08305198942011,10.309663795682908,198.3461111111111,61.737777777777794,85.41572510889961,72.7994850236409,13.5
79,100_2,100,3.413,3.413,0.5,0.5,37.5,37.5,2.5,2.5,9.5,9.5,0.0,0.0,0.0,0.0,0.0,0.0,0.0,0.0,0.0,0.0,0.0,0.0,0.0,0.0,0.0,0.0,0.0,0.0,0.0,0.0,4.0,4.0,10.5,4.5,0.0,0.0,0.0,0.0,30.0,0.0,0.0,0.0,0.0,0.0,0.0,0.0,0.5,0.5,14.529166666666663,2.562499999999999,5.417060934491127,0.1502294497283109,108.35416666666669,31.262500000000003,58.08141110243754,40.74182088556999,95.68333333333334,16.266666666666666,104.04471005437,1.543077276046816,165.82916666666665,21.42083333333333,46.08853982064335,33.05681037968954,12.5
80,100_2,100,2.7985,1.9245,1.0,0.0,0.0,0.0,7.5,7.5,8.5,3.5,2.0,1.0,2.0,2.0,0.5,0.5,0.0,0.0,0.0,0.0,0.0,0.0,0.0,0.0,0.0,0.0,0.0,0.0,0.0,0.0,3.5,1.5,6.0,5.0,0.0,0.0,0.0,0.0,28.0,2.0,0.0,0.0,0.0,0.0,0.0,0.0,0.5,0.5,9.258333333333333,0.0666666666666664,5.64151845553136,1.2340673780944242,96.55416666666667,3.6625000000000014,71.84616288312951,9.525763155414172,44.05416666666667,63.2625,93.83819891485231,25.894995510178447,299.83125,163.98125000000002,143.60360781103552,120.01182340063818,12.5
81,100_2,100,3.088,3.088,0.5,0.5,21.5,17.5,16.5,13.5,9.5,9.5,2.0,2.0,1.0,1.0,0.5,0.5,0.0,0.0,0.0,0.0,0.0,0.0,0.0,0.0,0.0,0.0,0.0,0.0,0.5,0.5,5.5,5.5,2.0,0.0,0.0,0.0,0.0,0.0,30.0,0.0,0.0,0.0,0.0,0.0,0.0,0.0,0.5,0.5,13.229166666666668,5.195833333333334,6.972193040338352,0.1956556993851328,84.65,26.175,64.37173879174448,20.33836366559726,3.012499999999996,74.6625,83.9091599718449,14.586389843024072,464.1983333333334,342.0816666666667,114.58616772609352,103.46618134021055,14.0
82,100_2,100,3.2575000000000003,3.2575000000000003,0.5,0.5,30.5,19.5,4.0,4.0,4.5,4.5,0.0,0.0,2.0,2.0,0.0,0.0,0.0,0.0,0.0,0.0,0.0,0.0,0.0,0.0,0.0,0.0,0.0,0.0,0.0,0.0,4.0,3.0,5.5,0.5,0.0,0.0,0.0,0.0,30.0,0.0,0.0,0.0,0.0,0.0,0.0,0.0,0.0,0.0,12.3375,1.5875000000000004,5.374184807734312,2.6723335905130527,46.551388888888894,63.051388888888894,65.3516744601246,33.33315635663939,-1.9624999999999984,20.9375,90.72194310138484,19.20660092457171,317.3430555555556,174.29722222222222,75.19288359146287,64.92103272908714,14.0
83,100_2,100,2.474,1.366,1.0,0.0,34.0,34.0,0.0,0.0,9.0,9.0,0.0,0.0,2.5,1.5,1.5,0.5,0.0,0.0,0.0,0.0,0.0,0.0,0.0,0.0,0.0,0.0,0.0,0.0,1.0,0.0,13.0,7.0,14.0,11.0,0.0,0.0,0.5,0.5,29.0,1.0,0.0,0.0,0.0,0.0,0.0,0.0,0.0,0.0,10.833333333333332,0.3250000000000002,4.116036575868799,1.2828380496640277,97.73333333333332,35.60000000000001,63.66475837980328,50.03722293783056,32.52083333333333,46.34583333333333,111.7828167543151,0.7256965038181988,382.7,226.5458333333333,74.54185401768929,62.13215169226844,14.0
84,100_2,100,6.6555,0.8525000000000005,2.5,0.5,0.0,0.0,0.0,0.0,5.5,5.5,0.0,0.0,13.5,3.5,0.5,0.5,0.0,0.0,0.0,0.0,0.0,0.0,0.0,0.0,0.0,0.0,0.0,0.0,1.5,1.5,3.0,2.0,10.5,9.5,0.0,0.0,0.0,0.0,30.0,0.0,0.0,0.0,0.0,0.0,0.0,0.0,0.0,0.0,10.594166666666666,4.439166666666667,6.980060685638044,0.1748135270927431,30.6275,86.7025,58.7781445939813,25.831969803372708,18.7725,20.710833333333333,122.90212271892608,15.702796435802648,335.3304166666667,198.8720833333333,90.54936842919932,71.50976241378444,14.0
85,100_2,100,4.2535,1.6605,2.0,0.0,26.5,26.5,3.5,3.5,5.5,5.5,1.0,1.0,12.5,3.5,1.0,1.0,0.0,0.0,0.0,0.0,0.0,0.0,0.0,0.0,0.0,0.0,0.0,0.0,3.0,3.0,7.0,4.0,5.5,4.5,0.0,0.0,2.0,2.0,30.0,0.0,0.0,0.0,0.0,0.0,0.0,0.0,0.0,0.0,12.5125,1.4375,7.65272834976425,2.280674893837612,49.9,75.49166666666666,64.31332471174201,40.65414015502305,114.24166666666667,28.84166666666667,70.76746879475644,10.006175834334478,260.3208333333333,117.69166666666666,59.68209553812059,46.0876541444643,14.0
86,100_2,100,7.157,0.4489999999999998,2.0,0.0,2.5,2.5,2.5,2.5,5.5,5.5,1.5,1.5,12.5,0.5,0.0,0.0,0.0,0.0,0.0,0.0,0.0,0.0,0.0,0.0,0.0,0.0,0.0,0.0,1.0,0.0,4.5,4.5,5.5,4.5,0.0,0.0,1.5,1.5,30.0,0.0,0.0,0.0,0.0,0.0,0.0,0.0,0.0,0.0,12.179166666666667,1.0291666666666668,6.426165412086609,0.4051605125702497,32.58333333333333,83.16666666666666,78.59839355235093,35.206526034731155,54.34166666666667,13.016666666666666,122.86735641525271,16.453782654404158,296.31875,156.69375,72.2549006707727,50.11832177971548,14.0
87,100_2,100,7.8035,1.4025,2.0,0.0,0.5,0.5,0.0,0.0,5.5,5.5,0.5,0.5,4.0,1.0,4.0,2.0,0.0,0.0,0.0,0.0,0.0,0.0,0.0,0.0,0.0,0.0,0.0,0.0,1.0,1.0,2.0,1.0,8.0,5.0,0.0,0.0,0.0,0.0,28.0,2.0,0.0,0.0,0.0,0.0,0.0,0.0,0.0,0.0,7.067499999999999,4.665833333333333,6.60071256700018,0.9700919183603792,30.959166666666665,12.47583333333333,96.3501138184025,9.533193280602577,6.487499999999997,56.42916666666667,100.619940275298,12.496285596835612,435.66583333333335,291.37833333333333,291.7123001506852,275.94844546398707,14.0
88,100_2,100,6.49,0.0179999999999997,1.5,0.5,0.0,0.0,12.0,12.0,11.0,11.0,4.0,4.0,2.0,1.0,4.0,4.0,0.0,0.0,0.0,0.0,0.0,0.0,0.0,0.0,0.0,0.0,0.0,0.0,4.5,4.5,6.5,6.5,13.5,1.5,0.0,0.0,0.0,0.0,29.5,0.5,0.0,0.0,0.0,0.0,0.0,0.0,0.0,0.0,12.9225,0.2191666666666663,6.918790257862455,0.5389119500714497,54.2775,66.9775,62.13340582618226,19.25203001258847,-49.46166666666666,83.57833333333332,63.886184477812,9.140258601999095,459.30958333333336,288.7637500000001,161.6114651846999,146.770906902112,14.0
89,100_2,100,3.332,3.332,0.5,0.5,0.0,0.0,8.0,8.0,9.0,9.0,7.5,7.5,1.0,1.0,1.5,0.5,0.0,0.0,0.0,0.0,0.0,0.0,0.0,0.0,0.0,0.0,0.0,0.0,0.5,0.5,5.0,5.0,6.0,1.0,0.0,0.0,0.0,0.0,30.0,0.0,0.0,0.0,0.0,0.0,0.0,0.0,1.0,1.0,13.345833333333337,0.4208333333333334,7.899588765778425,1.7809185671159735,41.18333333333334,72.73333333333333,68.13227150297395,19.805073616529555,-38.95277777777778,40.730555555555554,98.42291569483402,9.466667779300408,428.3861111111111,264.8430555555556,141.10326701616322,113.20447405779404,14.0
90,100_2,100,7.12,1.0089999999999997,3.0,0.0,0.5,0.5,1.0,1.0,12.5,11.5,9.5,9.5,10.0,9.0,0.0,0.0,0.0,0.0,0.5,0.5,0.0,0.0,0.0,0.0,0.0,0.0,0.0,0.0,2.5,0.5,7.5,6.5,4.5,0.5,0.0,0.0,0.0,0.0,29.5,0.5,0.0,0.0,0.0,0.0,0.0,0.0,0.5,0.5,10.871666666666666,2.9716666666666667,9.916204861299304,3.0468194771797363,58.39583333333334,77.87083333333334,70.82273728721076,34.590504093240746,-56.57416666666666,51.34916666666666,122.25532500799176,5.69771569444719,436.55458333333337,288.24208333333337,123.47053420962727,91.88180748235952,14.0
91,100_2,100,4.043,0.1060000000000001,2.0,0.0,0.0,0.0,0.0,0.0,12.0,12.0,1.5,1.5,3.0,1.0,0.0,0.0,0.0,0.0,0.0,0.0,0.0,0.0,0.0,0.0,0.0,0.0,0.0,0.0,3.5,3.5,3.0,3.0,3.5,1.5,0.0,0.0,0.0,0.0,30.0,0.0,0.0,0.0,0.0,0.0,0.0,0.0,1.0,1.0,9.654166666666669,3.7375,5.558451581330166,0.4535791811401064,41.48333333333333,86.96666666666667,64.56425595891774,15.680575996514476,-66.95833333333334,26.008333333333333,111.95923037047076,6.010387893442136,429.1020833333333,268.51041666666663,167.25272932846684,143.96201825683525,14.0
92,100_2,100,6.680999999999999,0.0049999999999994,3.0,0.0,0.0,0.0,0.0,0.0,11.5,11.5,2.0,2.0,4.0,2.0,0.0,0.0,0.0,0.0,0.0,0.0,0.0,0.0,0.0,0.0,0.0,0.0,0.0,0.0,6.0,6.0,1.0,1.0,2.0,2.0,0.0,0.0,0.0,0.0,30.0,0.0,0.0,0.0,0.0,0.0,0.0,0.0,2.0,2.0,9.5125,5.020833333333334,5.88985872126695,2.0675103302614644,21.70416666666668,88.30416666666667,71.86163010255011,2.0335828682506474,-82.23333333333333,5.791666666666671,114.65761521523724,12.169295758823084,320.1666666666667,167.06250000000003,82.369383884018,69.40211405550146,14.0
93,100_2,100,2.1655000000000006,1.4505000000000006,1.5,0.5,0.0,0.0,0.0,0.0,11.5,11.5,2.5,2.5,1.5,1.5,1.0,1.0,0.0,0.0,0.0,0.0,0.0,0.0,0.0,0.0,0.0,0.0,0.0,0.0,2.5,1.5,1.5,0.5,7.5,2.5,0.0,0.0,0.0,0.0,30.0,0.0,0.0,0.0,0.0,0.0,0.0,0.0,1.5,1.5,9.565277777777778,3.5819444444444444,5.643213020816359,1.5490437250712228,96.4875,37.52916666666667,70.12757433046959,44.5366471187495,-11.606944444444444,88.54861111111111,125.78175305224258,10.550281629836284,374.6659722222223,190.3743055555556,143.41607206340296,105.75394567775012,14.0
94,100_2,100,2.933,1.952,1.5,0.5,2.0,2.0,0.0,0.0,11.5,11.5,8.0,8.0,0.5,0.5,2.0,1.0,0.0,0.0,0.0,0.0,0.0,0.0,0.0,0.0,0.0,0.0,0.0,0.0,1.0,1.0,7.5,7.5,9.0,7.0,0.0,0.0,0.0,0.0,30.0,0.0,0.0,0.0,0.0,0.0,0.0,0.0,0.0,0.0,9.381944444444445,1.0152777777777766,6.125392171583636,1.3553758659977162,114.70555555555556,13.53055555555556,55.48409394303491,12.0727694511952,19.40694444444444,92.64305555555556,100.19980080847093,32.563475509117154,364.0638888888889,207.9597222222223,123.20071849457872,88.15855515089292,13.0
95,100_2,100,6.3155,0.8425000000000002,3.0,0.0,0.0,0.0,0.0,0.0,12.0,11.0,5.5,5.5,4.0,2.0,1.0,1.0,0.0,0.0,1.0,1.0,0.5,0.5,0.0,0.0,0.0,0.0,0.0,0.0,4.0,1.0,4.5,3.5,4.5,1.5,0.0,0.0,0.0,0.0,26.0,4.0,0.0,0.0,0.0,0.0,0.0,0.0,0.0,0.0,9.0625,6.820833333333333,7.961553942376007,1.046373379135288,90.54305555555555,35.298611111111114,61.91935425821396,11.5905403054802,16.083333333333336,41.3,106.15087691229095,24.589988500512867,313.9208333333333,173.75833333333335,171.93876195238562,89.82022723449772,14.0
96,100_2,100,6.426500000000001,6.426500000000001,0.5,0.5,8.0,8.0,7.5,7.5,9.0,7.0,2.0,2.0,2.0,2.0,4.0,4.0,0.0,0.0,1.0,1.0,0.0,0.0,0.0,0.0,0.0,0.0,0.0,0.0,4.5,1.5,2.0,2.0,8.5,8.5,0.0,0.0,0.0,0.0,30.0,0.0,0.0,0.0,0.0,0.0,1.5,1.5,0.0,0.0,12.035833333333333,1.6225000000000005,11.77399231528689,2.651749048292623,106.69555555555556,17.254444444444445,61.65903319008041,2.8271539613812138,75.56888888888888,43.422777777777775,95.24398691293388,25.23656220748647,328.94375,178.82291666666666,128.92840109409633,106.95323795161,14.0
97,100_2,100,7.4665,0.6944999999999997,2.0,0.0,2.0,2.0,1.5,1.5,15.0,15.0,6.0,6.0,2.0,2.0,0.0,0.0,0.0,0.0,0.5,0.5,0.5,0.5,0.0,0.0,0.0,0.0,0.0,0.0,1.5,0.5,10.0,10.0,10.5,9.5,0.0,0.0,0.0,0.0,30.0,0.0,0.0,0.0,0.0,0.0,0.0,0.0,1.0,1.0,11.8375,1.3791666666666664,6.901959285644519,0.5916722698090102,96.52416666666666,11.56583333333333,79.98766630202387,34.00946603276584,18.76333333333333,81.37833333333333,103.5454031830138,0.5785750699430068,470.3258333333333,305.28,224.1176702298759,205.4687905904564,14.0
98,100_2,100,3.8665,0.4215000000000002,1.0,0.0,0.0,0.0,8.0,8.0,9.5,8.5,6.0,6.0,2.5,0.5,4.0,4.0,0.0,0.0,0.0,0.0,0.0,0.0,0.0,0.0,0.0,0.0,0.0,0.0,0.0,0.0,4.5,3.5,6.0,4.0,0.0,0.0,0.5,0.5,28.5,1.5,0.0,0.0,0.0,0.0,0.0,0.0,1.5,1.5,9.963333333333336,0.1550000000000002,7.5419784288110785,1.1207625089958215,86.05666666666667,42.373333333333335,68.2943466866641,36.72003592617401,30.92,26.655,129.05561348144022,19.514027960993552,363.4095833333333,213.23041666666663,132.86629454890462,103.6336842742093,14.0
99,100_2,100,2.959,0.496,2.0,0.0,0.0,0.0,0.0,0.0,3.0,1.0,2.0,1.0,0.0,0.0,8.5,2.5,0.0,0.0,0.0,0.0,0.0,0.0,0.0,0.0,0.0,0.0,0.0,0.0,0.0,0.0,2.0,1.0,3.5,2.5,0.0,0.0,0.0,0.0,27.0,2.0,0.0,0.0,0.0,0.0,0.0,0.0,0.0,0.0,8.891944444444444,5.724722222222223,4.818936364699954,1.2747313919467007,5.899722222222216,67.68305555555554,77.13827140463455,22.26733150027665,-9.368055555555555,72.89027777777778,86.3293356407979,16.822816661959976,254.85319444444443,107.09486111111111,131.52975369498958,112.26406924770812,14.0
100,100_2,100,2.816,0.5330000000000001,1.0,0.0,1.5,1.5,0.5,0.5,3.0,3.0,1.5,1.5,0.5,0.5,8.0,7.0,0.0,0.0,0.0,0.0,0.0,0.0,0.0,0.0,0.0,0.0,0.0,0.0,0.0,0.0,1.0,1.0,4.5,2.5,0.0,0.0,0.0,0.0,30.0,0.0,0.0,0.0,0.0,0.0,0.0,0.0,0.0,0.0,10.814166666666669,3.8441666666666654,4.645883852921929,1.9871848185151464,18.32333333333333,80.50666666666666,68.99981680835165,35.624430168893326,51.72416666666666,94.44083333333332,79.55492711518002,29.430942254303947,239.40347222222223,85.46180555555557,97.74066166629363,87.87638830791143,14.0
101,100_2,100,7.141,0.4529999999999998,2.5,0.5,0.0,0.0,0.0,0.0,6.5,6.5,2.5,2.5,2.5,2.5,2.0,1.0,0.0,0.0,0.0,0.0,0.0,0.0,0.0,0.0,0.0,0.0,0.0,0.0,0.0,0.0,2.5,2.5,1.5,0.5,0.0,0.0,1.0,1.0,28.5,1.5,0.0,0.0,0.0,0.0,0.0,0.0,0.5,0.5,11.66638888888889,4.250277777777777,5.528701272038866,1.257512262459032,33.182500000000005,58.2075,81.34344418476886,14.879763125110408,1.268055555555554,15.901388888888889,112.389541931609,19.587136850227125,324.7363888888889,164.5363888888889,159.738509677961,150.24489340174674,14.0
102,100_2,100,2.7995,2.7995,0.5,0.5,0.0,0.0,0.0,0.0,8.0,8.0,4.5,4.5,0.0,0.0,4.0,4.0,0.0,0.0,0.0,0.0,0.0,0.0,0.0,0.0,0.0,0.0,0.0,0.0,0.0,0.0,7.0,5.0,4.0,2.0,0.0,0.0,0.0,0.0,29.5,0.5,0.0,0.0,0.0,0.0,0.0,0.0,0.0,0.0,9.823333333333334,3.835,5.512988049066509,2.146806153274845,27.945,81.66166666666666,96.30915872401978,36.71956206797897,-60.510000000000005,10.623333333333338,129.64603992300448,1.3191547747556314,421.1243055555556,255.8493055555556,164.43911372562107,153.6620450920207,14.0
103,100_2,100,5.932,3.084,2.0,0.0,0.0,0.0,0.0,0.0,2.0,2.0,0.0,0.0,0.5,0.5,13.5,8.5,0.0,0.0,0.0,0.0,0.0,0.0,0.0,0.0,0.0,0.0,0.0,0.0,2.5,2.5,0.0,0.0,3.0,3.0,0.0,0.0,0.0,0.0,30.0,0.0,0.0,0.0,0.0,0.0,0.0,0.0,0.0,0.0,10.628333333333334,5.171666666666668,5.604547344735911,0.3889908423452382,33.19757936507936,54.672579365079365,69.5317315607044,26.074434340524643,47.31880952380952,58.91047619047619,101.25650551937198,0.5403101291127044,229.3984722222222,80.07763888888888,95.16398539937532,79.14057533350956,14.0
104,100_2,100,5.292,0.1080000000000005,2.5,0.5,2.0,2.0,0.0,0.0,8.0,8.0,1.0,1.0,2.0,2.0,4.5,2.5,0.0,0.0,0.0,0.0,0.0,0.0,0.0,0.0,0.0,0.0,0.0,0.0,1.0,1.0,1.0,1.0,11.0,10.0,0.0,0.0,0.5,0.5,29.0,1.0,0.0,0.0,0.0,0.0,0.0,0.0,0.0,0.0,11.859166666666669,1.0325000000000006,5.622926118847961,1.5156747400194277,94.585,16.29333333333333,72.41555573023311,31.60711974914922,59.755833333333335,35.852500000000006,114.50562196353508,17.893000217949698,314.3483333333333,138.6858333333333,110.17344194674912,95.2567933201306,14.0
105,100_2,100,1.125,1.125,0.5,0.5,3.5,3.5,1.0,1.0,7.5,7.5,4.5,4.5,1.0,0.0,1.5,0.5,0.0,0.0,0.5,0.5,0.0,0.0,0.0,0.0,0.0,0.0,0.0,0.0,2.0,0.0,3.5,3.5,10.0,9.0,0.0,0.0,0.0,0.0,28.0,2.0,0.0,0.0,0.0,0.0,0.0,0.0,0.5,0.5,12.296388888888888,3.828611111111111,6.826504917849165,0.6743542098988682,70.25694444444446,13.315277777777784,83.72430770141222,12.038739349919432,9.804166666666667,56.30416666666667,103.29153770915514,10.411895982766984,473.00125,307.76375,314.6120987205969,297.02486524713663,14.0
106,100_2,100,4.389,2.309,2.0,0.0,0.0,0.0,0.0,0.0,5.0,2.0,0.5,0.5,1.5,0.5,1.0,0.0,0.0,0.0,0.0,0.0,0.0,0.0,0.0,0.0,0.0,0.0,0.0,0.0,0.0,0.0,1.5,0.5,7.5,0.5,0.0,0.0,0.0,0.0,27.5,0.5,0.0,0.0,0.0,0.0,0.0,0.0,2.5,2.5,9.834722222222222,0.0347222222222223,5.601796818967028,1.0988348308233729,41.80416666666667,0.8291666666666657,100.85539624621812,5.759923752051037,75.65694444444443,21.576388888888893,96.3995535158638,7.089695791599148,137.65208333333334,35.85208333333333,88.85814896978387,47.77438544938569,14.0
107,100_2,100,6.2175,2.0155000000000003,2.5,0.5,7.0,7.0,0.0,0.0,4.5,4.5,1.5,1.5,3.0,1.0,5.5,5.5,0.0,0.0,1.5,1.5,1.5,1.5,0.0,0.0,0.0,0.0,0.0,0.0,2.0,2.0,0.5,0.5,8.0,5.0,0.0,0.0,0.0,0.0,27.0,1.0,0.0,0.0,0.0,0.0,0.0,0.0,0.5,0.5,5.014444444444444,4.799444444444444,8.60240917458924,2.812142197439856,77.9511111111111,13.989999999999991,74.29049240449389,11.719912148432282,34.95777777777778,72.28388888888888,98.76976829404158,41.71360140074638,487.4590277777778,361.67847222222224,242.7335817402881,206.8210095752903,14.0
108,100_2,100,3.898,0.5180000000000002,1.0,0.0,38.5,38.5,3.5,3.5,9.0,9.0,0.0,0.0,0.5,0.5,0.5,0.5,0.0,0.0,0.0,0.0,0.0,0.0,0.0,0.0,0.0,0.0,0.0,0.0,0.5,0.5,1.5,1.5,3.5,3.5,0.0,0.0,0.0,0.0,30.0,0.0,0.0,0.0,0.0,0.0,0.0,0.0,0.0,0.0,9.43888888888889,4.461111111111111,3.481166037763494,1.8095899351984133,81.01805555555555,37.76805555555556,64.60573626018366,38.9465049838699,-33.74027777777778,82.96527777777777,100.6270052598834,3.933709757756006,544.0055555555556,422.0722222222222,244.3948711808828,227.2579308990757,14.0
109,100_2,100,0.933,0.933,0.5,0.5,40.5,31.5,2.0,2.0,7.0,7.0,1.5,1.5,0.0,0.0,2.0,2.0,0.0,0.0,0.0,0.0,0.0,0.0,0.0,0.0,0.0,0.0,0.0,0.0,1.5,1.5,2.0,2.0,1.0,1.0,0.0,0.0,0.0,0.0,30.0,0.0,0.0,0.0,0.0,0.0,0.0,0.0,1.0,1.0,10.49861111111111,5.059722222222223,5.337267469938492,0.4358716936768396,39.66388888888889,8.722222222222223,114.56266820333184,17.481811097731317,-14.441666666666665,50.03333333333333,115.55497966636231,14.075335771638317,385.2694444444444,267.06527777777774,125.29848582597518,102.85442380193663,14.0
110,100_2,100,1.6740000000000002,0.885,1.0,0.0,8.0,8.0,0.0,0.0,5.5,5.5,1.5,1.5,1.0,0.0,2.0,1.0,0.0,0.0,0.0,0.0,0.0,0.0,0.0,0.0,0.0,0.0,0.0,0.0,0.5,0.5,1.5,1.5,4.0,4.0,0.0,0.0,0.0,0.0,30.0,0.0,0.0,0.0,0.0,0.0,0.0,0.0,0.0,0.0,8.504166666666666,5.654166666666667,5.219228969060412,1.8014547583268297,54.50416666666667,51.47916666666666,81.83617601969725,39.2528296400515,-64.19583333333333,82.6625,81.88680054723082,31.878981019792032,471.14166666666665,330.7208333333333,150.36402195805886,126.58821397727957,14.0
111,100_2,100,4.0365,2.0315,1.0,0.0,0.0,0.0,0.0,0.0,6.0,6.0,1.0,1.0,3.0,2.0,3.0,0.0,0.0,0.0,0.0,0.0,0.0,0.0,0.0,0.0,0.0,0.0,0.0,0.0,0.5,0.5,1.5,1.5,6.5,4.5,0.0,0.0,0.0,0.0,29.5,0.5,0.0,0.0,0.0,0.0,0.0,0.0,0.0,0.0,9.516666666666667,4.033333333333334,7.117119242070332,0.2610392153106295,12.93611111111111,38.327777777777776,90.09159629153343,1.518917191120693,-6.8611111111111125,18.244444444444447,104.34968210276736,6.3044286307350745,350.50416666666666,200.45,132.153448647123,106.06005302411354,14.0
112,100_2,100,4.250500000000001,0.1854999999999997,2.0,0.0,0.0,0.0,0.0,0.0,4.0,2.0,1.0,1.0,2.5,1.5,3.5,2.5,0.0,0.0,1.0,1.0,0.0,0.0,0.0,0.0,0.0,0.0,0.0,0.0,4.0,4.0,2.0,1.0,4.5,3.5,0.0,0.0,0.0,0.0,28.0,1.0,0.0,0.0,0.0,0.0,0.0,0.0,0.0,0.0,7.708333333333333,4.95,10.359362743243722,4.761192159125291,44.93055555555556,50.00555555555556,77.92268833115214,30.278843350859333,28.18611111111111,18.71944444444444,110.07094531190188,16.442296443679453,326.875,186.1875,144.56727836786985,103.1158541110766,14.0
113,100_2,100,6.301,2.1459999999999995,2.5,0.5,1.5,1.5,3.0,3.0,8.5,8.5,1.0,1.0,1.0,1.0,2.0,1.0,0.0,0.0,0.0,0.0,0.0,0.0,0.0,0.0,0.0,0.0,0.0,0.0,12.5,0.5,2.0,2.0,4.5,3.5,0.0,0.0,0.0,0.0,30.0,0.0,0.0,0.0,0.0,0.0,0.0,0.0,0.0,0.0,7.860555555555555,2.8522222222222218,9.203596304912187,1.3724149417199216,50.54555555555556,59.34555555555556,79.96394828794438,15.436968898422336,-36.70277777777777,70.22222222222223,93.24368348420676,13.4172010885339,551.6998611111111,391.5193055555556,230.80385137848265,172.13538911376858,14.0
114,100_2,100,6.261999999999999,2.2729999999999992,3.5,0.5,0.0,0.0,0.5,0.5,11.0,11.0,1.0,1.0,3.5,1.5,3.0,3.0,0.0,0.0,0.0,0.0,0.0,0.0,0.0,0.0,0.0,0.0,0.0,0.0,0.5,0.5,5.0,3.0,10.5,10.5,0.0,0.0,0.0,0.0,29.0,1.0,0.0,0.0,0.0,0.0,0.0,0.0,0.0,0.0,14.948611111111113,1.1013888888888896,7.756822177759224,2.220051157269635,3.24444444444444,115.16944444444444,65.14753631390856,10.605493053459544,-87.77222222222221,16.572222222222216,90.17943033529492,15.978930145639431,451.1159722222223,310.757638888889,147.83148031289616,127.03347526700564,14.0
115,100_2,100,2.5975,0.6134999999999999,1.0,0.0,1.0,1.0,5.5,5.5,8.5,8.5,3.0,3.0,0.0,0.0,9.5,6.5,0.0,0.0,0.0,0.0,0.0,0.0,0.0,0.0,0.0,0.0,0.0,0.0,7.5,7.5,5.0,5.0,6.5,4.5,0.0,0.0,0.0,0.0,30.0,0.0,0.0,0.0,0.0,0.0,0.0,0.0,1.0,1.0,13.259722222222225,1.7986111111111107,8.015591858124655,0.6065086564802766,85.2763888888889,46.49027777777778,70.85632863220061,24.006527257073216,-24.205555555555552,71.73611111111111,93.3012851249506,8.859720435384226,396.8902777777778,221.7180555555556,141.9865190743759,97.710854653878,14.0
116,100_2,100,5.0295,3.6855,1.5,0.5,2.5,2.5,0.5,0.5,10.5,8.5,4.0,4.0,1.0,1.0,1.0,0.0,0.0,0.0,0.0,0.0,0.0,0.0,0.0,0.0,0.0,0.0,0.0,0.0,3.0,1.0,4.0,4.0,5.5,1.5,0.0,0.0,0.0,0.0,30.0,0.0,0.0,0.0,0.0,0.0,0.0,0.0,1.0,1.0,12.601111111111113,0.6011111111111109,9.860315785468911,1.30705130146438,68.23111111111112,48.18555555555556,81.20098783434659,19.7527937554678,-34.66,54.665000000000006,103.89557809014909,8.891355069976633,424.1323611111111,256.3634722222222,201.00528229199148,161.075609745233,14.0
117,100_2,100,3.301,1.382,1.5,0.5,0.0,0.0,0.0,0.0,3.5,3.5,0.5,0.5,0.0,0.0,2.0,1.0,0.0,0.0,0.0,0.0,0.0,0.0,0.0,0.0,0.0,0.0,0.0,0.0,8.0,8.0,1.0,1.0,15.5,14.5,0.0,0.0,0.0,0.0,29.0,1.0,0.0,0.0,0.0,0.0,0.0,0.0,0.0,0.0,14.25,1.583333333333333,6.704572792828946,3.372698111979007,-65.47638888888889,101.02361111111112,63.674524706453,40.00844490152262,-73.40694444444445,82.87638888888888,72.55702632421203,49.24458925250667,327.8458333333333,181.05416666666665,118.58192307903217,110.42759566620676,14.0
118,100_2,100,2.165,2.165,0.5,0.5,0.5,0.5,1.0,1.0,4.0,4.0,0.5,0.5,0.0,0.0,0.5,0.5,0.0,0.0,0.0,0.0,0.0,0.0,0.0,0.0,0.0,0.0,0.0,0.0,9.5,1.5,2.0,2.0,12.5,3.5,0.0,0.0,0.0,0.0,30.0,0.0,0.0,0.0,0.0,0.0,0.0,0.0,0.5,0.5,14.147222222222222,4.136111111111112,7.753167111075575,2.068123380177612,-28.741666666666667,102.40833333333332,68.61658039345332,19.633309439653868,-70.74305555555556,47.48194444444444,83.65921727035963,26.04280070065849,287.5131944444445,156.53819444444449,122.5305391168626,107.37308770399858,11.5
119,100_2,100,2.0475,2.0475,0.5,0.5,2.5,2.5,9.5,9.5,8.5,8.5,2.5,2.5,0.0,0.0,0.0,0.0,0.0,0.0,0.0,0.0,0.0,0.0,0.0,0.0,0.0,0.0,0.0,0.0,8.0,4.0,3.5,3.5,8.5,0.5,0.0,0.0,0.0,0.0,30.0,0.0,0.0,0.0,0.0,0.0,0.0,0.0,1.0,1.0,17.441666666666666,1.5749999999999993,5.872269409037131,1.1704376147018398,17.550000000000004,83.74166666666667,99.04980217026475,5.809184158465726,-73.32499999999999,26.025,94.86821805797264,12.104508216843172,369.0541666666667,240.1833333333333,163.96664873642018,150.84365351916043,11.5
120,100_2,100,3.195,3.195,0.5,0.5,10.5,10.5,6.5,6.5,10.5,10.5,0.0,0.0,0.0,0.0,0.0,0.0,0.0,0.0,0.0,0.0,0.0,0.0,0.0,0.0,0.0,0.0,0.0,0.0,7.5,0.5,0.0,0.0,2.5,2.5,0.0,0.0,0.0,0.0,30.0,0.0,0.0,0.0,0.0,0.0,0.0,0.0,0.0,0.0,15.420833333333333,1.1708333333333325,8.354266326381683,1.325609705882366,-33.454166666666666,13.104166666666664,102.9599517047131,1.3240475473293856,-63.98333333333333,29.225,95.36188112196628,8.155538574216038,272.28541666666666,148.34791666666666,155.78818759412064,134.1663489523677,10.0
121,100_2,100,6.6335,0.4695,2.0,0.0,5.5,5.5,1.5,1.5,8.0,8.0,2.5,2.5,2.0,2.0,2.0,2.0,0.0,0.0,0.5,0.5,0.5,0.5,0.0,0.0,0.0,0.0,0.0,0.0,4.0,0.0,2.5,2.5,11.0,6.0,0.0,0.0,0.0,0.0,28.0,2.0,0.0,0.0,0.0,0.0,0.0,0.0,0.5,0.5,8.224166666666667,2.4075000000000006,7.214585610996814,1.5732451477538607,120.8877777777778,6.712222222222216,55.99180091176339,5.366272107940848,48.30583333333334,96.52916666666668,88.70668790746574,43.592079870452565,423.46,260.29,171.39174679752193,148.81507705491669,10.5
122,100_2,100,3.4175,1.3055,2.5,0.5,0.0,0.0,0.0,0.0,10.0,10.0,5.5,5.5,2.5,2.5,1.0,1.0,0.0,0.0,1.0,1.0,0.5,0.5,0.5,0.5,0.0,0.0,0.0,0.0,8.0,2.0,6.0,5.0,13.0,3.0,0.0,0.0,0.0,0.0,29.5,0.5,0.0,0.0,0.0,0.0,0.0,0.0,0.5,0.5,13.070833333333333,2.7875,10.443929401594072,0.8649412562371284,51.43472222222223,22.71805555555556,103.24030935684318,4.58189640595667,10.845833333333331,63.62916666666666,96.9394645009946,3.957953495371065,382.5833333333333,211.5375,131.55455066309332,102.14135770246952,10.5
123,100_2,100,5.9785,0.5074999999999998,2.5,0.5,3.5,3.5,2.5,2.5,15.5,12.5,10.0,10.0,0.5,0.5,1.5,0.5,0.0,0.0,0.0,0.0,0.0,0.0,0.0,0.0,0.0,0.0,0.0,0.0,4.0,4.0,11.5,8.5,15.0,0.0,0.0,0.0,0.5,0.5,26.0,2.0,0.0,0.0,0.0,0.0,0.0,0.0,0.5,0.5,8.458333333333334,5.575,6.938396519662758,2.8068444841412137,114.39166666666668,3.383333333333333,61.78369271894002,7.883921409386009,72.33333333333333,70.225,99.34698832102484,45.44987633387329,362.2,156.24583333333334,103.8335816022482,66.84616139655904,14.0
124,100_2,100,2.5500000000000003,1.6850000000000005,1.5,0.5,31.0,31.0,1.0,1.0,12.5,12.5,4.5,4.5,1.5,1.5,0.0,0.0,0.0,0.0,0.0,0.0,0.0,0.0,0.0,0.0,0.0,0.0,0.0,0.0,5.0,2.0,8.0,7.0,10.0,5.0,0.0,0.0,0.0,0.0,30.0,0.0,0.0,0.0,0.0,0.0,0.0,0.0,0.5,0.5,13.845833333333331,0.5625,4.966923420038753,0.5112466414162782,83.6,27.633333333333333,89.50661421145139,24.72171585114249,-2.841666666666669,78.54166666666667,111.6218956385528,4.645852110625988,369.73333333333335,225.7125,131.7535369042787,112.2467249708654,14.0
125,100_2,100,8.266,2.379,3.0,0.0,0.0,0.0,0.0,0.0,12.5,12.5,5.5,5.5,1.0,1.0,1.0,1.0,0.0,0.0,0.0,0.0,0.0,0.0,0.0,0.0,0.0,0.0,0.0,0.0,4.0,4.0,9.5,3.5,10.0,2.0,0.0,0.0,0.0,0.0,30.0,0.0,0.0,0.0,0.0,0.0,0.0,0.0,0.5,0.5,14.186111111111112,1.0638888888888882,6.347401890563867,0.5157354620604897,-9.06388888888889,100.54444444444444,66.24582837868797,35.69404969797029,-94.28333333333332,19.816666666666663,99.07069437939664,22.93655836494732,395.71180555555554,267.5118055555555,124.38946939307112,98.25217962028351,14.0
126,100_2,100,6.2995,0.9874999999999998,2.5,0.5,2.0,2.0,0.5,0.5,12.0,12.0,9.0,9.0,2.5,2.5,2.0,2.0,0.0,0.0,0.0,0.0,0.0,0.0,0.0,0.0,0.0,0.0,0.0,0.0,3.0,1.0,7.5,3.5,11.5,0.5,0.0,0.0,0.0,0.0,28.5,1.5,0.0,0.0,0.0,0.0,0.0,0.0,0.0,0.0,16.1625,1.9041666666666668,8.286282654127202,0.818314017640065,59.73333333333333,91.775,64.43206517791505,37.68459774847626,-53.12916666666666,36.954166666666666,126.66267459177833,0.8030912370642511,382.83333333333337,257.2041666666667,97.75770184192444,76.0523721552886,14.0
127,100_2,100,5.200000000000001,1.084,3.0,0.0,1.0,1.0,0.0,0.0,9.5,6.5,3.0,3.0,3.5,3.5,1.0,1.0,0.0,0.0,0.5,0.5,0.5,0.5,0.0,0.0,0.0,0.0,0.0,0.0,8.5,1.5,6.5,0.5,7.0,0.0,0.0,0.0,0.0,0.0,27.5,2.5,0.0,0.0,0.0,0.0,0.0,0.0,0.5,0.5,13.370833333333334,1.4625000000000004,9.733003584253836,2.7442228926341907,45.05,59.641666666666666,81.39129163222113,15.965707845074917,-21.4625,6.9625,110.48352414947888,10.236350456983516,314.5208333333333,142.97916666666666,186.74233250117248,89.48691634236812,14.0
128,100_2,100,5.5625,0.7735000000000003,2.0,0.0,0.0,0.0,0.0,0.0,9.0,9.0,3.5,3.5,11.0,11.0,0.0,0.0,0.0,0.0,0.0,0.0,0.0,0.0,0.0,0.0,0.0,0.0,0.0,0.0,22.5,4.5,2.0,2.0,3.0,3.0,0.0,0.0,0.0,0.0,30.0,0.0,0.0,0.0,0.0,0.0,0.0,0.0,1.0,1.0,11.625,6.791666666666668,7.234901880985383,0.0584550659599361,70.52916666666667,46.4875,77.69349178297904,14.189950761849964,-65.1125,14.462500000000002,91.07175714673474,13.06040247106376,431.95625,44.789583333333326,144.0289464941203,78.14067827519618,14.0
129,100_2,100,4.7145,2.4855,2.5,0.5,0.5,0.5,0.0,0.0,8.5,8.5,5.5,5.5,13.0,13.0,0.0,0.0,0.0,0.0,0.0,0.0,0.0,0.0,0.0,0.0,0.0,0.0,0.0,0.0,21.5,8.5,5.0,5.0,5.0,5.0,0.0,0.0,0.0,0.0,30.0,0.0,0.0,0.0,0.0,0.0,0.0,0.0,4.0,4.0,8.311111111111112,4.911111111111111,8.342812982464807,2.1941003800848047,32.65694444444444,31.20694444444445,92.36457644423092,2.0988512231296568,-61.31805555555556,5.048611111111104,86.6263235984726,3.083676472056453,512.3868055555556,17.603472222222223,180.309466839717,79.1990335391806,14.0
1,102_2,102,0.437,0.6180113267570424,0.3333333333333333,0.4714045207910317,28.0,39.59797974644666,0.3333333333333333,0.4714045207910317,17.666666666666668,5.436502143433363,1.0,1.4142135623730951,0.0,0.0,0.6666666666666666,0.4714045207910317,0.3333333333333333,0.4714045207910317,0.6666666666666666,0.9428090415820634,0.0,0.0,4.0,5.656854249492381,0.0,0.0,3.333333333333333,4.714045207910316,6.666666666666667,9.428090415820632,9.0,6.531972647421808,14.333333333333334,11.08552609887726,0.0,0.0,1.0,1.4142135623730951,25.666666666666668,6.128258770283412,2.333333333333333,3.2998316455372216,1.0,1.4142135623730951,0.0,0.0,0.0,0.0,-9.921111111111111,2.468631474729408,13.180214599907927,3.230569343870984,73.99555555555555,45.9004973815812,79.79696864019031,37.30943214949758,-68.43055555555556,76.19444252035483,80.96383352322627,45.28040741294806,475.0438888888889,394.30595645335967,174.21687898910025,222.34403461632124,4.333333333333333
2,102_2,102,5.094333333333334,0.678819727337253,1.6666666666666667,0.4714045207910317,4.0,3.741657386773941,0.0,0.0,15.333333333333334,5.734883511361751,4.666666666666667,3.771236166328253,0.0,0.0,4.333333333333333,2.494438257849294,0.0,0.0,0.0,0.0,0.0,0.0,1.6666666666666667,2.357022603955158,0.0,0.0,1.0,1.4142135623730951,7.0,9.899494936611664,13.333333333333334,1.247219128924647,15.666666666666666,4.027681991198191,0.0,0.0,1.3333333333333333,1.8856180831641267,21.666666666666668,3.2998316455372216,0.6666666666666666,0.9428090415820634,0.6666666666666666,0.9428090415820634,0.0,0.0,0.0,0.0,-10.34925925925926,5.8576554730202055,9.424106279315764,5.072149207696122,62.73425925925926,69.81895051116214,75.0588849068008,31.30848597386362,-10.73148148148148,45.26192873787751,125.76351039160534,12.853693736187523,409.6824074074075,294.3672583281545,155.9349527294476,114.06799673730605,5.666666666666667
3,102_2,102,4.550333333333334,3.069643337950229,2.0,0.816496580927726,6.666666666666667,9.428090415820632,0.0,0.0,11.333333333333334,8.178562764256865,2.6666666666666665,3.091206165165235,0.0,0.0,5.0,3.741657386773941,0.0,0.0,0.0,0.0,0.0,0.0,2.6666666666666665,3.771236166328253,0.0,0.0,1.6666666666666667,2.357022603955158,9.0,12.727922061357855,9.0,5.354126134736337,13.666666666666666,8.259674462242577,0.0,0.0,2.0,2.8284271247461903,27.0,2.449489742783178,0.3333333333333333,0.4714045207910317,0.3333333333333333,0.4714045207910317,0.0,0.0,0.0,0.0,-9.76296296296296,6.12617055806049,9.922948723843724,6.3030845331630045,52.62777777777777,82.8783583569958,74.67223648768554,27.49740670872332,-19.012962962962963,34.51138248841971,118.58132636256656,13.970019155814327,380.3,253.7930097877592,115.44316004613334,96.31703211726187,2.0
4,102_2,102,1.731666666666667,0.6123399564149169,1.0,0.0,20.0,16.32993161855452,1.3333333333333333,1.8856180831641267,11.333333333333334,9.10433352249844,2.0,2.160246899469287,0.0,0.0,2.0,2.160246899469287,0.0,0.0,0.3333333333333333,0.4714045207910317,0.0,0.0,3.333333333333333,4.714045207910316,0.0,0.0,1.3333333333333333,1.8856180831641267,9.333333333333334,13.199326582148888,9.333333333333334,4.784233364802441,12.0,10.03327796219494,0.0,0.0,0.3333333333333333,0.4714045207910317,23.666666666666668,1.247219128924647,0.0,0.0,0.0,0.0,0.0,0.0,0.0,0.0,-6.503148148148148,2.705624241782829,8.704046746104048,4.281007483878824,91.6162962962963,46.67989706927175,57.43208607846771,42.12667867474466,-75.29222222222224,38.99374713248393,97.2834467839665,10.516560179260098,390.1382407407408,325.2370985242899,97.20638127168957,65.39162857524184,0.6666666666666666
5,102_2,102,4.480333333333333,2.969135938656602,1.3333333333333333,0.4714045207910317,12.0,8.640987597877148,0.0,0.0,10.333333333333334,3.771236166328253,0.3333333333333333,0.4714045207910317,0.0,0.0,0.6666666666666666,0.9428090415820634,0.0,0.0,0.0,0.0,0.0,0.0,2.333333333333333,3.2998316455372216,0.0,0.0,1.6666666666666667,2.357022603955158,4.666666666666667,6.599663291074443,8.0,6.377042156569663,9.333333333333334,4.642796092394707,0.0,0.0,0.0,0.0,28.666666666666668,1.247219128924647,0.0,0.0,0.0,0.0,0.0,0.0,0.3333333333333333,0.4714045207910317,-11.09722222222222,2.003865862542133,10.291350635814984,5.340227771009966,98.51666666666664,23.10279865201521,65.66266195999201,17.499689422483307,-44.07611111111111,57.927492454781486,101.96623013910396,31.78598464028797,331.28916666666663,203.7236548146005,105.26281160981632,125.41357018549569,3.6666666666666665
6,102_2,102,1.8053333333333328,1.3085170571639062,1.3333333333333333,0.9428090415820634,0.0,0.0,0.0,0.0,7.333333333333333,1.699673171197595,0.3333333333333333,0.4714045207910317,0.3333333333333333,0.4714045207910317,2.0,2.8284271247461903,0.0,0.0,0.0,0.0,0.0,0.0,0.3333333333333333,0.4714045207910317,0.0,0.0,0.0,0.0,5.0,7.071067811865476,11.0,6.377042156569663,11.666666666666666,4.921607686744467,0.0,0.0,0.0,0.0,28.0,2.160246899469287,0.0,0.0,0.0,0.0,0.0,0.0,0.0,0.0,-7.861111111111111,3.171854911600925,8.544568727981675,6.4596484591470285,64.69166666666666,37.436451710420776,91.0031299929128,19.73486018427833,3.680555555555555,9.258485430627182,132.9011765052455,3.839776131991139,305.62083333333334,174.12689481434273,74.26035464074344,68.18324023033034,6.0
7,102_2,102,2.368,0.7136138077886853,1.0,0.0,27.0,28.24889378365107,0.6666666666666666,0.9428090415820634,8.0,9.201449161228174,0.6666666666666666,0.9428090415820634,0.0,0.0,2.6666666666666665,3.091206165165235,0.0,0.0,0.0,0.0,0.0,0.0,0.3333333333333333,0.4714045207910317,0.0,0.0,0.0,0.0,4.666666666666667,6.599663291074443,13.0,9.626352718795768,11.0,10.614455552060438,0.0,0.0,0.6666666666666666,0.9428090415820634,27.33333333333333,2.0548046676563256,0.0,0.0,0.0,0.0,0.0,0.0,0.3333333333333333,0.4714045207910317,-9.10925925925926,10.229158358683442,12.02918844606627,9.218335237293813,70.0074074074074,48.28818886449815,78.78643857326252,25.14490143418638,8.746296296296295,22.6028290789696,133.85086539918683,9.84101570566888,189.34675925925924,69.2341618315938,94.28815879678471,68.116596070441,1.6666666666666663
8,102_2,102,1.8306666666666669,2.588953628184346,0.3333333333333333,0.4714045207910317,18.666666666666668,25.69478978746902,0.3333333333333333,0.4714045207910317,11.666666666666666,11.115554667022044,0.3333333333333333,0.4714045207910317,0.3333333333333333,0.4714045207910317,0.6666666666666666,0.9428090415820634,0.0,0.0,0.0,0.0,0.0,0.0,0.3333333333333333,0.4714045207910317,0.0,0.0,0.0,0.0,9.0,12.727922061357855,12.0,11.430952132988164,12.666666666666666,12.36482466066094,0.0,0.0,0.0,0.0,26.0,3.559026084010437,0.0,0.0,0.0,0.0,0.0,0.0,0.0,0.0,-10.217777777777778,3.75795608683993,10.30567299185707,5.145488721677242,34.57222222222223,76.20272345348555,74.95375954470585,35.723806054272906,-15.97777777777778,54.00868300103394,97.43837016379518,35.94522248954969,351.5238888888889,215.1381571076429,255.1093200722315,201.71202795800727,5.666666666666667
9,102_2,102,2.333333333333333,3.2998316455372216,0.3333333333333333,0.4714045207910317,0.0,0.0,0.6666666666666666,0.9428090415820634,16.0,9.41629792788369,1.3333333333333333,0.9428090415820634,0.3333333333333333,0.4714045207910317,2.0,1.4142135623730951,0.6666666666666666,0.9428090415820634,0.3333333333333333,0.4714045207910317,0.0,0.0,0.6666666666666666,0.9428090415820634,0.0,0.0,0.3333333333333333,0.4714045207910317,6.666666666666667,9.428090415820632,10.333333333333334,1.699673171197595,19.666666666666668,7.133644853010899,0.0,0.0,0.0,0.0,23.0,2.943920288775949,0.0,0.0,0.0,0.0,0.0,0.0,0.6666666666666666,0.9428090415820634,-20.84907407407407,16.65108536072007,17.08660869605731,5.362314898080172,57.85925925925926,45.47045508531111,80.9338471942548,10.498745111352507,-82.77222222222223,23.18143048079222,79.73007502364301,7.964405633481151,406.9476851851852,305.12370383230854,200.1654117755842,195.85112984498065,3.333333333333333
10,102_2,102,2.1910000000000003,2.2673210329961364,1.0,0.816496580927726,0.0,0.0,4.0,5.656854249492381,11.333333333333334,6.649979114420002,1.0,0.816496580927726,1.3333333333333333,1.247219128924647,2.333333333333333,2.6246692913372702,0.0,0.0,0.0,0.0,0.0,0.0,1.0,1.4142135623730951,0.0,0.0,0.6666666666666666,0.9428090415820634,4.333333333333333,6.128258770283412,6.333333333333333,2.0548046676563256,10.666666666666666,4.988876515698588,0.0,0.0,0.3333333333333333,0.4714045207910317,27.666666666666668,1.699673171197595,0.0,0.0,0.0,0.0,0.0,0.0,0.0,0.0,-10.595555555555556,14.2082788420808,12.915248029527572,8.847855662094949,60.98888888888889,25.321488763693896,86.20845318648189,22.15272153520607,-43.65444444444445,42.421506738335175,99.12115565776718,18.969077838198984,269.3177777777778,125.94982217602706,119.47020173378957,110.14989143797982,3.6666666666666665
11,102_2,102,0.0,0.0,0.0,0.0,1.3333333333333333,0.9428090415820634,0.0,0.0,9.666666666666666,9.46337971105226,0.0,0.0,0.0,0.0,2.0,2.8284271247461903,0.0,0.0,0.0,0.0,0.0,0.0,0.3333333333333333,0.4714045207910317,0.0,0.0,0.0,0.0,6.0,8.48528137423857,8.666666666666666,5.792715732327589,13.666666666666666,10.96458946893235,0.0,0.0,1.3333333333333333,1.8856180831641267,27.666666666666668,1.699673171197595,0.0,0.0,0.0,0.0,0.0,0.0,0.0,0.0,-21.683333333333334,21.6915914328315,10.1139370014452,8.417546191518833,22.64444444444445,86.04600522646068,64.98477677691858,34.01600712837661,-89.86944444444445,22.606908905175725,71.6317241438025,27.19168937720092,325.1847222222222,219.4363914925358,100.14442546794174,127.0723396073973,2.0
12,102_2,102,4.6610000000000005,2.409233211348928,1.6666666666666667,0.4714045207910317,0.0,0.0,0.0,0.0,10.333333333333334,10.49867716534908,1.0,0.816496580927726,0.0,0.0,4.0,3.741657386773941,0.0,0.0,0.0,0.0,0.0,0.0,0.6666666666666666,0.9428090415820634,0.0,0.0,0.3333333333333333,0.4714045207910317,7.333333333333333,10.370899457402697,11.333333333333334,5.557777333511022,9.666666666666666,8.806563209081938,0.0,0.0,0.3333333333333333,0.4714045207910317,27.0,2.449489742783178,0.0,0.0,0.0,0.0,0.0,0.0,0.0,0.0,-14.713888888888889,10.314064322055888,12.167857673650152,10.153348462658194,56.963888888888896,58.56504785490159,91.82533646333496,48.096161538023225,-39.15,40.154058071751976,114.44697111810436,5.579768019464713,322.79861111111114,213.2150875727908,69.73897652501317,37.24896185171743,3.6666666666666665
13,102_2,102,3.089,3.668326684834199,0.6666666666666666,0.4714045207910317,0.0,0.0,0.0,0.0,5.666666666666667,6.599663291074443,0.3333333333333333,0.4714045207910317,0.0,0.0,3.333333333333333,4.714045207910316,0.0,0.0,0.0,0.0,0.0,0.0,2.0,2.8284271247461903,0.0,0.0,0.3333333333333333,0.4714045207910317,9.0,12.727922061357855,10.0,9.626352718795768,10.333333333333334,11.8133634311129,0.0,0.0,2.0,2.8284271247461903,24.0,5.354126134736337,0.0,0.0,0.0,0.0,0.0,0.0,0.0,0.0,-10.558333333333334,7.710493691260176,9.477788583728875,6.821261046598518,25.3212962962963,102.25389460856748,60.61495143003131,2.3977786932270218,-37.61388888888889,53.65006658953675,98.56555028646676,25.95396753841799,364.787037037037,262.09083952707863,56.74816553899681,39.94969810896836,5.333333333333333
14,102_2,102,0.3843333333333333,0.5435294124720595,0.3333333333333333,0.4714045207910317,24.33333333333333,34.41253001774532,1.3333333333333333,1.8856180831641267,7.333333333333333,5.312459150169743,0.0,0.0,0.0,0.0,1.0,1.4142135623730951,0.0,0.0,0.0,0.0,0.0,0.0,3.0,4.242640687119285,0.0,0.0,0.6666666666666666,0.9428090415820634,9.333333333333334,13.199326582148888,8.666666666666666,7.363574011458175,11.0,11.430952132988164,0.0,0.0,0.0,0.0,24.0,4.546060565661952,0.0,0.0,0.0,0.0,0.0,0.0,0.0,0.0,-18.766666666666666,19.127286839796486,10.095001127611589,9.85703726862196,107.0722222222222,18.275104921081663,67.85134459908473,37.93242272125082,-82.64166666666668,60.15850052307808,91.22106259936083,38.808169389854434,353.71527777777777,246.99221774958423,41.32379351601514,30.524380022997,2.333333333333333
15,102_2,102,3.8653333333333335,1.3982537522050695,1.6666666666666667,0.4714045207910317,14.666666666666666,20.7417989148054,4.333333333333333,6.128258770283412,11.666666666666666,7.586537784494028,3.6666666666666665,5.185449728701348,0.0,0.0,4.0,4.96655480858378,0.0,0.0,0.3333333333333333,0.4714045207910317,0.0,0.0,2.0,2.8284271247461903,0.0,0.0,0.3333333333333333,0.4714045207910317,9.0,12.727922061357855,10.666666666666666,12.283683848458852,13.333333333333334,11.469767022723502,0.0,0.0,0.0,0.0,25.0,6.377042156569663,0.0,0.0,0.0,0.0,0.6666666666666666,0.9428090415820634,0.0,0.0,-15.93611111111111,13.694085526060576,10.624013578621726,7.677461441450869,73.11666666666667,29.86721152156783,88.02571922610868,25.154891010762068,-26.172222222222217,77.94467242779677,99.7185572725588,13.49472916026986,369.2569444444444,254.3934564769748,86.73066488467988,77.05542342416933,6.666666666666667
16,102_2,102,4.405666666666666,1.925116158111562,1.6666666666666667,0.4714045207910317,29.0,40.30715403829284,0.6666666666666666,0.9428090415820634,15.333333333333334,10.338708279513884,1.0,1.4142135623730951,0.0,0.0,2.0,1.4142135623730951,0.0,0.0,0.0,0.0,0.0,0.0,0.0,0.0,0.0,0.0,0.0,0.0,6.0,8.48528137423857,11.666666666666666,11.614167593456232,14.333333333333334,11.14550233153366,0.0,0.0,0.0,0.0,23.0,9.201449161228174,0.0,0.0,0.0,0.0,0.0,0.0,0.0,0.0,-20.3,18.18112701758693,12.971428978702924,6.943869487565458,60.70092592592592,52.03336167328919,74.37920435601477,42.09941687528015,-52.13240740740741,41.31687062219227,100.43011671137766,23.90729530843196,298.05555555555554,167.3254916106536,86.14585481481997,91.31971117788784,2.333333333333333
17,102_2,102,3.0436666666666667,1.0760979922334626,1.3333333333333333,0.4714045207910317,16.0,22.62741699796952,22.0,27.65260686927485,8.666666666666666,6.79869268479038,0.6666666666666666,0.4714045207910317,0.0,0.0,1.0,0.816496580927726,0.0,0.0,0.0,0.0,0.0,0.0,0.6666666666666666,0.9428090415820634,0.0,0.0,0.0,0.0,8.333333333333334,11.785113019775793,11.333333333333334,10.656244908763853,10.333333333333334,10.402991022884825,0.0,0.0,0.0,0.0,22.33333333333333,7.039570693980958,0.0,0.0,0.0,0.0,0.0,0.0,0.0,0.0,-10.739814814814816,7.285847057997973,11.990129860682655,7.945771490957783,68.99925925925925,52.1759739110496,81.61838891726016,44.74165323237957,-66.34833333333333,51.89187157142422,101.06447815052589,8.644015359325168,359.9476851851852,232.9639603801957,56.6567467922579,41.123152142323065,4.0
18,102_2,102,2.001333333333333,1.7212401214111748,1.0,0.816496580927726,5.666666666666667,8.013876853447538,0.0,0.0,14.333333333333334,7.363574011458175,0.6666666666666666,0.9428090415820634,0.0,0.0,4.0,5.656854249492381,0.0,0.0,0.0,0.0,0.0,0.0,0.0,0.0,0.0,0.0,0.0,0.0,7.0,9.899494936611664,5.666666666666667,2.867441755680876,8.666666666666666,5.312459150169743,0.0,0.0,0.3333333333333333,0.4714045207910317,27.666666666666668,2.0548046676563256,0.0,0.0,0.0,0.0,0.0,0.0,0.3333333333333333,0.4714045207910317,-11.479814814814816,8.914147103739406,16.021850587708084,9.118803219764974,51.46037037037038,29.20889306743694,89.52590852059892,23.148288235019905,-50.08203703703703,22.109926435476154,94.4517553145859,21.075322695950582,292.41157407407405,181.7272917492843,72.39151183145545,63.15218539596298,0.3333333333333333
19,102_2,102,3.3353333333333333,3.874580522098131,1.0,0.816496580927726,2.0,2.160246899469287,0.0,0.0,13.666666666666666,9.10433352249844,5.333333333333333,6.128258770283413,0.0,0.0,1.0,0.816496580927726,0.0,0.0,0.0,0.0,0.0,0.0,0.0,0.0,0.0,0.0,0.0,0.0,9.333333333333334,13.199326582148888,11.0,9.626352718795768,11.666666666666666,11.32352516764202,0.0,0.0,0.0,0.0,26.0,2.8284271247461903,0.0,0.0,0.0,0.0,0.0,0.0,0.0,0.0,-14.992592592592592,18.863804467779776,18.883031312808846,11.339309056543517,74.08259259259259,23.27662535966996,81.96811231158127,10.03103167079662,-12.071851851851855,60.33152566409601,88.00186674150109,16.439489932147882,332.7204629629629,230.5359251086616,98.0612774237238,112.1095093195858,5.0
20,102_2,102,4.6513333333333335,1.95409558506117,1.6666666666666667,0.4714045207910317,16.333333333333332,11.025223605694151,0.3333333333333333,0.4714045207910317,9.0,4.320493798938574,0.3333333333333333,0.4714045207910317,0.6666666666666666,0.9428090415820634,5.666666666666667,3.2998316455372216,0.3333333333333333,0.4714045207910317,0.0,0.0,0.0,0.0,0.3333333333333333,0.4714045207910317,0.0,0.0,0.3333333333333333,0.4714045207910317,3.333333333333333,4.714045207910316,10.333333333333334,9.67241208569794,14.333333333333334,11.145502331533658,0.0,0.0,0.0,0.0,27.666666666666668,3.299831645537222,0.0,0.0,0.0,0.0,0.0,0.0,0.3333333333333333,0.4714045207910317,-8.186666666666667,8.035982389413443,13.948086682423806,7.716404011102234,70.19314814814815,18.0229134356952,77.86674596382441,8.67097973524456,-37.84759259259259,28.341015285160303,102.15222383498924,19.74861059420755,260.72675925925927,125.5137936754161,124.9347464762825,129.16187556901127,3.6666666666666665
21,102_2,102,4.207,2.3424657948409835,1.3333333333333333,0.4714045207910317,32.0,22.686266036231405,5.666666666666667,4.027681991198191,2.333333333333333,1.699673171197595,0.0,0.0,1.0,1.4142135623730951,8.0,11.31370849898476,0.0,0.0,0.0,0.0,0.0,0.0,0.0,0.0,0.0,0.0,0.0,0.0,0.6666666666666666,0.9428090415820634,3.0,3.559026084010437,7.666666666666667,10.842303978193728,0.0,0.0,0.0,0.0,30.0,0.0,0.0,0.0,0.0,0.0,0.0,0.0,0.3333333333333333,0.4714045207910317,-5.574999999999999,9.88490244242685,8.827087242239909,9.500914914519926,62.73055555555556,34.408094394728444,68.90303306428974,1.922452371748548,-45.54166666666666,67.6232099099009,64.16787006844946,16.779102650473657,199.67962962962963,73.52688630486081,33.752105145294934,31.313335420619868,2.333333333333333
22,102_2,102,0.953,1.3477455249415595,0.3333333333333333,0.4714045207910317,29.33333333333333,21.74600857373345,9.0,8.831760866327848,5.0,3.559026084010437,0.0,0.0,3.333333333333333,4.027681991198191,3.333333333333333,4.714045207910316,0.0,0.0,0.0,0.0,0.0,0.0,0.0,0.0,0.0,0.0,0.0,0.0,3.6666666666666665,5.185449728701348,4.333333333333333,5.436502143433364,9.333333333333334,13.199326582148888,0.0,0.0,0.0,0.0,30.0,0.0,0.0,0.0,0.0,0.0,0.0,0.0,0.6666666666666666,0.9428090415820634,-1.663888888888889,6.920749575830498,7.209383199458951,4.252178351764055,83.66666666666667,47.05686916046567,63.40510189860392,30.12012443234998,-48.55277777777778,66.65427674219181,93.59975704748592,8.408854686168242,193.25694444444449,74.74427501405404,42.65081069706558,46.25231321426111,4.333333333333333
23,102_2,102,4.829,2.575400680800304,2.0,0.816496580927726,10.333333333333334,8.219218670625303,7.666666666666667,5.312459150169743,3.6666666666666665,2.6246692913372702,0.6666666666666666,0.9428090415820634,1.3333333333333333,1.247219128924647,1.0,0.816496580927726,0.0,0.0,0.0,0.0,0.0,0.0,0.3333333333333333,0.4714045207910317,0.0,0.0,0.0,0.0,10.0,14.142135623730953,2.6666666666666665,2.0548046676563256,2.6666666666666665,3.771236166328253,0.0,0.0,0.0,0.0,29.666666666666668,0.4714045207910317,0.0,0.0,0.0,0.0,0.0,0.0,0.0,0.0,-11.245370370370372,7.298331639408618,11.646978529403915,5.302650715724211,12.386111111111113,110.43240062601508,68.29590650123805,13.116798881213311,-48.56851851851852,36.37620038417392,118.61652508737238,9.117891101067164,370.5768518518519,253.3572154423154,91.57512594376144,33.735475544071434,2.333333333333333
24,102_2,102,0.4976666666666667,0.7038069495410103,0.3333333333333333,0.4714045207910317,25.33333333333333,33.038697848970315,2.333333333333333,3.2998316455372216,7.0,6.164414002968976,1.0,1.4142135623730951,5.666666666666667,8.013876853447538,3.333333333333333,4.714045207910316,0.0,0.0,0.0,0.0,0.0,0.0,0.0,0.0,0.0,0.0,0.0,0.0,10.0,14.142135623730953,7.333333333333333,10.370899457402697,7.333333333333333,10.370899457402697,0.0,0.0,0.6666666666666666,0.9428090415820634,26.33333333333333,5.185449728701348,0.0,0.0,0.0,0.0,0.0,0.0,0.0,0.0,-5.375,7.444482794262747,15.908517203911302,6.11445856319317,40.925,83.06037992305937,73.02273942162553,15.05759666003148,12.652777777777777,34.06532214495419,111.59458059536776,10.38703444308082,261.9055555555556,114.87580352423876,113.33882234143285,83.92912089408192,2.0
25,102_2,102,3.588,0.6101491620907135,1.0,0.0,22.0,17.378147196982766,6.0,4.96655480858378,3.6666666666666665,2.3570226039551585,0.0,0.0,3.333333333333333,4.714045207910316,6.0,8.48528137423857,0.0,0.0,0.0,0.0,0.0,0.0,0.3333333333333333,0.4714045207910317,0.0,0.0,0.0,0.0,10.0,14.142135623730953,4.0,4.96655480858378,8.666666666666666,10.873004286866728,0.0,0.0,0.0,0.0,29.33333333333333,0.9428090415820634,0.0,0.0,0.0,0.0,0.0,0.0,0.0,0.0,-15.780555555555557,16.436240915492167,15.626766227050943,9.458522341131966,42.25833333333333,91.88595613686122,58.77943670616713,35.85165514989752,-72.15555555555557,47.34819814189292,95.29394735896318,19.65024112770076,308.0875,194.84751840411192,99.07522795039476,114.39129290693376,5.666666666666667
26,102_2,102,4.003666666666667,3.0995247305926688,1.3333333333333333,0.9428090415820634,13.0,9.092121131323903,2.0,1.4142135623730951,6.0,6.377042156569663,0.0,0.0,0.0,0.0,1.6666666666666667,2.357022603955158,0.0,0.0,0.0,0.0,0.0,0.0,0.0,0.0,0.0,0.0,0.0,0.0,9.0,12.727922061357855,6.666666666666667,7.408703590297622,8.333333333333334,11.785113019775793,0.0,0.0,0.0,0.0,29.666666666666668,0.4714045207910317,0.0,0.0,0.0,0.0,0.0,0.0,0.6666666666666666,0.4714045207910317,-9.577777777777778,7.669013328460107,13.032529105924503,8.595301252530312,69.21388888888889,79.72120179370165,65.83229298330923,45.46028141873792,-49.33611111111111,77.52884777716177,95.41938251392524,20.511717087641355,302.1152777777777,175.00600020577775,75.66842585371931,73.74137940122972,5.666666666666667
27,102_2,102,2.386333333333333,0.1452568606144149,1.0,0.0,0.0,0.0,0.6666666666666666,0.9428090415820634,6.333333333333333,7.586537784494029,1.0,0.816496580927726,0.0,0.0,2.0,1.632993161855452,0.0,0.0,0.0,0.0,0.0,0.0,0.3333333333333333,0.4714045207910317,0.0,0.0,0.0,0.0,8.666666666666666,12.256517540566824,10.0,12.083045973594572,7.666666666666667,9.46337971105226,0.0,0.0,0.0,0.0,27.666666666666668,3.299831645537222,0.0,0.0,0.0,0.0,0.0,0.0,0.0,0.0,-10.247222222222222,9.046460156217163,9.824605968547273,5.016270930110016,85.12777777777778,34.76400885583242,75.80885649142557,30.949433215348705,-16.29166666666666,82.47646914704195,108.71587920836386,21.168037829355622,366.4791666666667,245.67914418316843,69.90952327693292,57.90566518898658,4.666666666666666
28,102_2,102,0.864,1.2218805178903542,0.3333333333333333,0.4714045207910317,19.666666666666668,27.812866726670865,3.333333333333333,4.714045207910316,13.666666666666666,9.285592184789412,3.0,4.242640687119285,0.0,0.0,0.3333333333333333,0.4714045207910317,0.0,0.0,0.0,0.0,0.0,0.0,0.3333333333333333,0.4714045207910317,0.0,0.0,0.0,0.0,7.666666666666667,10.842303978193728,6.666666666666667,5.9066817155564495,9.333333333333334,6.599663291074443,0.0,0.0,0.6666666666666666,0.9428090415820634,25.666666666666668,4.784233364802441,0.0,0.0,0.0,0.0,0.0,0.0,0.0,0.0,-22.980555555555554,21.165569014992137,9.702051375892804,7.600185184604207,112.14166666666668,13.5785727854178,59.31813755164075,27.406211566077985,-40.4388888888889,129.29963627697498,52.90453285617756,21.54841846760021,379.44583333333327,289.1917539549763,66.44343215919554,71.82113774076961,3.6666666666666665
29,102_2,102,0.0,0.0,0.0,0.0,22.33333333333333,31.584102892999123,21.0,29.698484809834994,15.333333333333334,9.10433352249844,1.3333333333333333,1.8856180831641267,0.0,0.0,0.0,0.0,0.0,0.0,0.0,0.0,0.0,0.0,0.6666666666666666,0.9428090415820634,0.0,0.0,0.0,0.0,7.0,9.899494936611664,3.333333333333333,3.2998316455372216,10.666666666666666,11.115554667022044,0.0,0.0,0.0,0.0,27.33333333333333,2.494438257849294,0.0,0.0,0.0,0.0,0.0,0.0,0.0,0.0,-19.71611111111111,17.059876325662902,10.069022525120484,7.982053204005804,101.83444444444444,46.17262689831886,60.84055780741257,48.80011359406862,-20.076666666666664,117.4345071455512,78.31862347099434,46.48515992803015,389.0477777777778,309.61266082586616,110.8737659782908,138.08002854529323,1.6666666666666663
30,102_2,102,0.0,0.0,0.0,0.0,10.0,14.142135623730953,1.6666666666666667,2.357022603955158,9.333333333333334,10.370899457402697,0.0,0.0,0.0,0.0,0.6666666666666666,0.9428090415820634,0.0,0.0,0.0,0.0,0.0,0.0,1.6666666666666667,2.357022603955158,0.0,0.0,0.0,0.0,6.666666666666667,9.428090415820632,7.666666666666667,6.128258770283412,11.333333333333334,12.036980056845191,0.0,0.0,0.0,0.0,27.666666666666668,3.299831645537222,0.0,0.0,0.0,0.0,0.0,0.0,0.0,0.0,-18.866666666666664,15.901329143141416,13.318671432634371,6.068580327840691,91.71388888888887,51.13939072721357,58.656035725421646,40.77474942376288,-11.72222222222222,127.37022559171336,50.947388384055046,31.77349751950563,382.69305555555553,300.88343875849296,122.4486857603885,148.25140995440918,-1.6666666666666667
31,102_2,102,4.028666666666667,2.850164946493838,0.6666666666666666,0.4714045207910317,6.0,8.48528137423857,0.6666666666666666,0.9428090415820634,6.333333333333333,8.259674462242579,0.0,0.0,0.0,0.0,0.6666666666666666,0.4714045207910317,0.3333333333333333,0.4714045207910317,0.0,0.0,0.0,0.0,0.3333333333333333,0.4714045207910317,0.0,0.0,0.6666666666666666,0.9428090415820634,9.0,12.727922061357855,6.666666666666667,8.055363982396381,9.0,11.343133018115704,0.0,0.0,0.0,0.0,29.0,0.816496580927726,0.0,0.0,0.0,0.0,0.3333333333333333,0.4714045207910317,0.0,0.0,-17.724999999999998,14.379003468277652,12.622838421531933,5.311800385184419,82.53500000000001,40.34156259023964,76.42369393572795,49.27731585624321,-47.96111111111112,123.01282760823295,40.9776381273755,17.81680119952354,316.31638888888887,197.50780925176628,76.90259894702233,96.7764763129685,5.666666666666667
32,102_2,102,5.2396666666666665,4.863677712275854,1.6666666666666667,0.9428090415820634,0.0,0.0,0.0,0.0,8.0,4.320493798938574,1.6666666666666667,1.699673171197595,0.0,0.0,9.0,6.683312551921141,0.3333333333333333,0.4714045207910317,0.0,0.0,0.0,0.0,1.6666666666666667,2.357022603955158,0.0,0.0,0.6666666666666666,0.9428090415820634,7.333333333333333,10.370899457402697,6.333333333333333,5.792715732327589,6.333333333333333,3.299831645537222,0.0,0.0,0.0,0.0,27.33333333333333,1.8856180831641267,0.0,0.0,0.0,0.0,0.0,0.0,0.0,0.0,-9.19537037037037,5.078295081302841,10.017730425739256,4.123236929361957,75.59296296296297,21.102367201546755,80.84626350800282,18.478794081433925,-57.21203703703703,32.987374543705265,105.60287966048008,26.01205897751188,408.9693518518519,203.88825391342405,175.14772594250613,153.01149453235783,4.0
33,102_2,102,4.363,3.0853610269572456,1.0,0.816496580927726,0.0,0.0,0.0,0.0,9.333333333333334,4.027681991198191,2.333333333333333,0.9428090415820634,0.0,0.0,6.0,4.546060565661952,0.3333333333333333,0.4714045207910317,0.0,0.0,0.0,0.0,0.0,0.0,0.0,0.0,0.3333333333333333,0.4714045207910317,5.666666666666667,8.013876853447538,11.333333333333334,3.771236166328253,9.666666666666666,4.496912521077348,0.0,0.0,0.0,0.0,25.666666666666668,3.39934634239519,0.0,0.0,0.0,0.0,0.0,0.0,0.6666666666666666,0.9428090415820634,-11.216851851851851,7.349085569685688,10.273108579702322,3.9313671177051472,77.07037037037037,14.561877043552792,82.25377740213163,17.888131948395632,-30.64203703703705,48.76921101126386,104.7051442294387,20.508754915112707,346.9918518518519,187.6177912497448,141.99169409142402,69.18333576130793,-1.3333333333333333
34,102_2,102,1.7459999999999998,0.5461507728335342,1.0,0.0,0.0,0.0,0.0,0.0,10.666666666666666,5.557777333511022,0.0,0.0,0.3333333333333333,0.4714045207910317,2.0,0.816496580927726,0.0,0.0,0.0,0.0,0.0,0.0,0.0,0.0,0.0,0.0,0.0,0.0,5.0,7.071067811865476,10.333333333333334,11.8133634311129,12.666666666666666,8.379870059984356,0.0,0.0,0.0,0.0,24.33333333333333,4.9216076867444665,0.0,0.0,0.0,0.0,0.0,0.0,0.0,0.0,-11.70074074074074,8.859047714401116,12.911077261137187,6.654839895839025,54.41462962962964,24.616943169595388,91.176715807211,3.426671539779218,5.138333333333331,38.234076402522255,104.98140456205948,15.70435877556564,261.4194444444445,86.21378789676412,130.3670063165036,124.28215030731054,6.666666666666667
35,102_2,102,4.743333333333333,1.4178877090783868,2.0,0.816496580927726,3.333333333333333,4.714045207910316,0.6666666666666666,0.9428090415820634,6.0,6.48074069840786,1.0,1.4142135623730951,1.0,1.4142135623730951,0.3333333333333333,0.4714045207910317,0.0,0.0,0.0,0.0,0.0,0.0,0.0,0.0,0.0,0.0,0.0,0.0,7.666666666666667,10.842303978193728,5.666666666666667,6.018490028422596,8.333333333333334,11.08552609887726,0.0,0.0,0.0,0.0,28.666666666666668,1.247219128924647,0.0,0.0,0.0,0.0,0.0,0.0,0.3333333333333333,0.4714045207910317,-14.883174603174602,13.59403323036912,18.863160351724314,11.195917381450084,58.09730158730159,42.54838758081066,83.38200296754313,29.589208386925847,-22.146084656084657,95.24298439525724,70.90317752654597,12.624017830299302,254.43137566137565,122.6560223972148,84.32735030448812,87.25149651338361,3.333333333333333
36,102_2,102,0.0,0.0,0.0,0.0,31.0,43.840620433565945,7.666666666666667,10.842303978193728,7.666666666666667,10.143416036468626,0.0,0.0,2.6666666666666665,3.771236166328253,0.3333333333333333,0.4714045207910317,0.0,0.0,0.0,0.0,0.0,0.0,0.0,0.0,0.0,0.0,0.0,0.0,6.666666666666667,9.428090415820632,7.666666666666667,9.428090415820632,10.333333333333334,13.91242450313947,0.0,0.0,0.0,0.0,24.33333333333333,4.189935029992178,0.0,0.0,0.0,0.0,0.0,0.0,0.0,0.0,-6.497222222222223,4.923438525419024,8.44305990468334,1.784629228429705,80.42777777777779,54.42625674102075,66.93185927306341,43.68653451103862,-40.58888888888889,120.8195805072614,63.16963392900854,46.428832309734254,241.78333333333333,125.48659955017771,64.96436648091269,56.08503196001489,0.3333333333333333
37,102_2,102,2.4206666666666665,3.423339629984472,0.3333333333333333,0.4714045207910317,23.0,32.526911934581186,4.0,5.656854249492381,7.666666666666667,8.178562764256865,0.3333333333333333,0.4714045207910317,0.0,0.0,0.0,0.0,0.0,0.0,0.0,0.0,0.0,0.0,0.0,0.0,0.0,0.0,0.0,0.0,9.0,12.727922061357855,7.666666666666667,9.46337971105226,11.333333333333334,13.22455628325158,0.0,0.0,0.0,0.0,29.0,0.816496580927726,0.0,0.0,0.0,0.0,0.0,0.0,0.0,0.0,-11.185185185185183,7.142549260952305,11.107927413497729,7.151733150351176,41.922222222222224,96.37985164166386,64.64815793866416,40.60480870478703,-69.7175925925926,105.95630593384604,63.138375190607775,26.25975665434068,303.07453703703703,217.42266751821745,63.1739803158828,65.1251416770897,1.3333333333333333
38,102_2,102,0.0,0.0,0.0,0.0,17.666666666666668,24.98443960192468,2.6666666666666665,3.771236166328253,9.0,12.727922061357855,0.0,0.0,0.0,0.0,1.0,1.4142135623730951,0.0,0.0,0.0,0.0,0.0,0.0,0.0,0.0,0.0,0.0,0.0,0.0,8.333333333333334,11.785113019775793,8.666666666666666,12.256517540566824,10.0,14.142135623730953,0.0,0.0,0.0,0.0,28.0,1.632993161855452,0.0,0.0,0.0,0.0,0.0,0.0,0.0,0.0,-9.991666666666667,6.825466338701022,9.880252738670473,6.287537591787644,40.53796296296296,93.97304042552608,70.19693038032555,47.80836898186838,-24.248148148148147,112.77789637681532,75.6493562703892,60.548090720588775,298.50231481481484,181.34666942911176,59.09509714331572,52.35065414961552,0.3333333333333333
39,102_2,102,5.005999999999999,1.555019185305013,1.6666666666666667,0.4714045207910317,0.0,0.0,0.0,0.0,7.333333333333333,9.67241208569794,0.0,0.0,4.333333333333333,6.128258770283413,1.6666666666666667,2.357022603955158,0.0,0.0,0.0,0.0,0.0,0.0,0.0,0.0,0.0,0.0,0.0,0.0,10.0,14.142135623730953,8.333333333333334,11.08552609887726,11.0,9.899494936611664,0.0,0.0,0.0,0.0,27.33333333333333,3.0912061651652345,0.0,0.0,0.0,0.0,0.0,0.0,0.0,0.0,-16.541666666666668,8.389861054780258,8.792529303216938,6.914200880972567,25.963888888888885,129.2874740311606,41.83260088092977,6.479562515223216,-35.81666666666667,130.12023143858002,60.48455794666708,35.341669745028206,325.1763888888889,231.2902344461484,67.44506787935534,29.15416915581405,-2.0
40,102_2,102,4.786666666666666,2.004971376908464,2.0,0.816496580927726,0.0,0.0,0.0,0.0,13.0,7.071067811865476,2.0,2.160246899469287,0.3333333333333333,0.4714045207910317,4.0,4.242640687119285,0.0,0.0,0.0,0.0,0.0,0.0,0.0,0.0,0.0,0.0,0.0,0.0,6.666666666666667,9.428090415820632,8.333333333333334,8.9566858950296,7.333333333333333,4.189935029992179,0.0,0.0,0.0,0.0,26.666666666666668,2.494438257849294,0.0,0.0,0.0,0.0,0.0,0.0,0.0,0.0,-6.3388888888888895,3.310787456217466,6.90324180353556,4.1293440437373015,93.11,40.8643217335213,64.53888592124484,40.984336194500045,52.75111111111112,76.0190386647067,98.87664722569356,22.239016100301047,366.0205555555556,92.58022460110668,119.08214824617929,49.02215121098585,5.666666666666667
41,102_2,102,3.7546666666666666,0.848364046595302,2.0,0.0,2.6666666666666665,3.771236166328253,2.6666666666666665,3.771236166328253,3.6666666666666665,4.496912521077348,0.0,0.0,0.0,0.0,5.333333333333333,7.542472332656507,0.0,0.0,0.0,0.0,0.0,0.0,0.0,0.0,0.0,0.0,0.0,0.0,10.0,14.142135623730953,3.0,3.559026084010437,3.0,3.559026084010437,0.0,0.0,0.0,0.0,29.0,1.4142135623730951,0.0,0.0,0.0,0.0,0.0,0.0,0.3333333333333333,0.4714045207910317,-9.010185185185186,5.867424777990531,4.50056857206119,0.571685578445957,14.106481481481486,80.8457729493156,79.06870301731392,26.732935020033366,-29.9,47.24034488850801,116.98495099234908,31.409191181888183,351.7481481481482,165.32938438918492,59.25276699361729,18.921033064602582,6.333333333333333
42,102_2,102,3.8683333333333336,1.2977607209685802,1.0,0.0,4.0,5.656854249492381,4.0,5.656854249492381,5.666666666666667,6.018490028422596,0.3333333333333333,0.4714045207910317,0.0,0.0,4.333333333333333,4.189935029992178,0.0,0.0,0.0,0.0,0.0,0.0,0.0,0.0,0.0,0.0,0.0,0.0,9.666666666666666,13.67073110293992,7.0,9.201449161228174,6.666666666666667,6.236095644623235,0.0,0.0,0.0,0.0,28.0,2.8284271247461903,0.0,0.0,0.0,0.0,0.0,0.0,0.0,0.0,-11.491666666666667,7.3976097240682845,9.448323266433796,7.593192458526588,32.22222222222222,64.13049930694463,95.33465240122716,33.01872961276514,-48.96944444444444,70.74763912215039,102.70818259324056,21.717740906001826,336.4972222222222,208.4348802609908,51.86082647258846,31.937702152530832,6.666666666666667
43,102_2,102,4.394666666666667,0.7540602687377774,2.0,0.0,25.0,17.90716802475106,1.6666666666666667,1.247219128924647,11.333333333333334,12.036980056845191,0.6666666666666666,0.9428090415820634,0.0,0.0,0.3333333333333333,0.4714045207910317,0.0,0.0,0.0,0.0,0.0,0.0,0.0,0.0,0.0,0.0,0.0,0.0,10.0,14.142135623730953,10.666666666666666,13.02134998974974,11.333333333333334,13.29995822884,0.0,0.0,0.0,0.0,28.666666666666668,1.247219128924647,0.0,0.0,0.0,0.0,0.0,0.0,0.0,0.0,-15.019444444444444,9.971636473047806,8.236105719118553,8.601518631537562,24.75,137.3287559916794,30.224134042115555,19.50710125010913,-11.619444444444447,111.09662009671392,83.53888693327185,37.77785757196667,361.0777777777778,266.61492938503585,33.964389573778924,18.487661304508126,4.666666666666666
44,102_2,102,1.191,1.6843283527863562,0.3333333333333333,0.4714045207910317,9.666666666666666,9.177266598624136,5.666666666666667,8.013876853447538,8.0,10.614455552060438,0.0,0.0,0.0,0.0,1.0,1.4142135623730951,0.0,0.0,0.0,0.0,0.0,0.0,0.0,0.0,0.0,0.0,0.0,0.0,9.666666666666666,13.67073110293992,6.666666666666667,8.73053390247253,8.666666666666666,11.556623882239812,0.0,0.0,0.0,0.0,27.33333333333333,3.771236166328253,0.0,0.0,0.0,0.0,0.0,0.0,0.0,0.0,-15.058333333333332,11.069736856586704,11.535153890185804,9.82972239294294,-7.631481481481479,111.3761448406918,69.98411519252596,22.50843221828254,-88.10740740740742,53.20885997174207,68.96507232325177,15.585198213629337,362.413425925926,205.23729919129744,71.32083505705508,30.3230518164126,6.666666666666667
45,102_2,102,3.2856666666666663,2.5730560731463967,1.6666666666666667,0.9428090415820634,17.666666666666668,12.81492185782739,1.0,0.816496580927726,11.0,9.41629792788369,0.6666666666666666,0.9428090415820634,0.0,0.0,0.0,0.0,0.0,0.0,0.0,0.0,0.0,0.0,0.0,0.0,0.0,0.0,0.0,0.0,10.0,14.142135623730953,8.0,10.614455552060438,8.333333333333334,11.08552609887726,0.0,0.0,0.6666666666666666,0.9428090415820634,28.33333333333333,2.3570226039551585,0.0,0.0,0.0,0.0,0.0,0.0,0.0,0.0,-13.285555555555554,9.378589222397425,7.576252238826266,6.650186447871803,15.382777777777775,111.34241762949216,85.55055857049206,1.7814090186208014,-15.028888888888892,76.37471460010121,121.5105953881964,26.59453701696572,404.0772222222222,187.8867144413895,69.65992656213972,30.2157252391478,3.6666666666666665
46,102_2,102,0.0,0.0,0.0,0.0,47.0,51.07510809255979,4.0,2.943920288775949,10.0,10.198039027185567,0.0,0.0,0.0,0.0,0.3333333333333333,0.4714045207910317,0.0,0.0,0.0,0.0,0.0,0.0,0.0,0.0,0.0,0.0,0.0,0.0,9.666666666666666,13.67073110293992,2.6666666666666665,3.771236166328253,10.333333333333334,13.22455628325158,0.0,0.0,0.0,0.0,30.0,0.0,0.0,0.0,0.0,0.0,0.0,0.0,0.0,0.0,-16.347222222222225,10.679266285427184,9.979141214175575,7.355185552821309,22.16481481481481,106.38111528348192,70.37208127721993,19.62421885851768,11.656481481481478,92.02352787621564,93.89579054716768,33.09099462760563,326.6087962962963,194.5897992730825,46.83065260483951,42.07489032326669,2.6666666666666665
47,102_2,102,3.058666666666668,2.4919654001521687,1.3333333333333333,0.9428090415820634,46.0,21.924111536540465,6.333333333333333,5.792715732327588,6.0,4.898979485566356,0.0,0.0,0.0,0.0,0.3333333333333333,0.4714045207910317,0.0,0.0,0.0,0.0,0.0,0.0,0.0,0.0,0.0,0.0,0.0,0.0,10.0,14.142135623730953,1.0,1.4142135623730951,5.0,7.071067811865476,0.0,0.0,0.0,0.0,29.33333333333333,0.9428090415820634,0.0,0.0,0.0,0.0,0.0,0.0,0.0,0.0,-19.869444444444444,14.35621934739844,8.957147679926884,9.529160454022112,-1.5194444444444457,120.56436277353129,41.637715088435165,28.90613419762898,-98.71111111111112,34.578933678194694,82.43855344562063,26.54707904447404,334.94444444444446,231.13745440307176,40.96849826000712,20.059745480581743,4.0
48,102_2,102,2.9480000000000004,2.25396361993711,0.6666666666666666,0.4714045207910317,1.0,0.0,0.0,0.0,10.666666666666666,11.728408057172787,0.0,0.0,0.0,0.0,2.333333333333333,1.699673171197595,0.0,0.0,0.0,0.0,0.0,0.0,0.0,0.0,0.0,0.0,0.0,0.0,10.0,14.142135623730953,3.333333333333333,4.714045207910316,10.0,12.754084313139328,0.0,0.0,0.0,0.0,30.0,0.0,0.0,0.0,0.0,0.0,0.0,0.0,0.0,0.0,-18.80555555555556,14.15858811054092,8.769800201352053,8.56476701714618,-20.58888888888889,99.11394241097923,77.65563029813774,20.56988606260575,-90.05555555555556,77.51838979347313,47.76759104840437,33.13234090659635,354.19027777777774,237.30838918574304,31.86653099581997,20.836814591936577,2.333333333333333
49,102_2,102,1.7059999999999995,1.115706353242943,1.3333333333333333,0.4714045207910317,2.6666666666666665,3.771236166328253,0.0,0.0,10.0,9.41629792788369,0.3333333333333333,0.4714045207910317,0.0,0.0,3.0,3.559026084010437,0.0,0.0,0.0,0.0,0.0,0.0,0.0,0.0,0.0,0.0,0.0,0.0,7.666666666666667,10.842303978193728,6.333333333333333,6.847546194724712,11.0,7.483314773547883,0.0,0.0,0.0,0.0,29.666666666666668,0.4714045207910317,0.0,0.0,0.0,0.0,0.0,0.0,0.0,0.0,-12.502777777777778,10.29726306079484,10.200805809486289,6.915325887725547,29.39444444444445,60.579428016162645,85.34570366514384,21.84857896840179,-10.777777777777777,38.4326884723132,116.4593967767886,13.756127071823382,315.8111111111111,153.6302132110264,82.5963749225095,79.52899538284568,6.0
50,102_2,102,0.0,0.0,0.0,0.0,37.0,35.89800365851375,11.0,7.788880963698615,6.333333333333333,5.792715732327588,0.0,0.0,0.0,0.0,0.6666666666666666,0.9428090415820634,0.0,0.0,0.0,0.0,0.0,0.0,0.0,0.0,0.0,0.0,0.0,0.0,7.0,9.899494936611664,3.0,4.242640687119285,6.0,7.788880963698615,0.0,0.0,0.0,0.0,29.0,0.816496580927726,0.0,0.0,0.0,0.0,0.0,0.0,0.0,0.0,-11.68888888888889,5.66121606052539,11.464860304801428,3.529682746388676,51.76759259259259,104.30779196530642,63.42976505296573,27.229077566073208,-27.07777777777778,97.8129264476169,97.3260350713557,36.25292958454639,327.79120370370373,221.83233726603103,99.32224361376316,99.0964369160635,0.6666666666666666
51,102_2,102,0.0,0.0,0.0,0.0,33.0,32.16623488483952,6.0,8.48528137423857,11.0,8.981462390204987,0.0,0.0,0.6666666666666666,0.9428090415820634,0.3333333333333333,0.4714045207910317,0.0,0.0,0.0,0.0,0.0,0.0,0.0,0.0,0.0,0.0,0.3333333333333333,0.4714045207910317,7.0,9.899494936611664,5.666666666666667,8.013876853447538,9.666666666666666,12.283683848458852,0.0,0.0,0.0,0.0,26.666666666666668,3.39934634239519,0.0,0.0,0.0,0.0,0.0,0.0,0.0,0.0,-10.594444444444443,4.699041142011952,11.046870072869831,7.527474031628182,72.21111111111111,85.31260987873357,64.37647637600712,28.55462572895167,-1.4722222222222283,116.30334704534783,83.25999901912816,31.09544771972796,307.0305555555556,201.3256075289817,136.09293866001545,166.30708950343487,0.6666666666666666
52,102_2,102,2.1613333333333333,2.33121675430569,0.6666666666666666,0.4714045207910317,25.666666666666668,36.29814810090944,0.3333333333333333,0.4714045207910317,9.0,6.48074069840786,0.0,0.0,0.0,0.0,4.0,5.656854249492381,0.0,0.0,0.0,0.0,0.0,0.0,0.6666666666666666,0.9428090415820634,0.0,0.0,0.0,0.0,10.0,14.142135623730953,0.6666666666666666,0.9428090415820634,3.6666666666666665,3.858612300930076,0.0,0.0,0.0,0.0,29.33333333333333,0.4714045207910317,0.3333333333333333,0.4714045207910317,0.0,0.0,0.0,0.0,0.0,0.0,-16.055555555555557,8.726135003468913,13.177234961274609,8.208260504135893,34.15,72.81721439991345,77.6281486037343,23.59354780570841,-67.59444444444445,62.397320964767765,98.11012009665887,26.580125744984134,243.9101851851852,84.59192783323887,151.44025941932756,160.53161412103574,0.0
53,102_2,102,3.580666666666667,1.4802824805496493,1.3333333333333333,0.4714045207910317,0.6666666666666666,0.4714045207910317,0.0,0.0,11.333333333333334,8.013876853447538,0.0,0.0,0.3333333333333333,0.4714045207910317,4.0,4.320493798938574,0.0,0.0,0.0,0.0,0.0,0.0,0.0,0.0,0.0,0.0,0.0,0.0,10.333333333333334,13.912424503139473,6.666666666666667,8.73053390247253,8.333333333333334,6.018490028422597,0.0,0.0,0.0,0.0,29.666666666666668,0.4714045207910317,0.0,0.0,0.0,0.0,0.0,0.0,0.0,0.0,-12.677777777777775,8.390485499277156,8.938835896897745,6.608502508202967,24.611111111111114,119.74668021636134,57.31992417087068,16.995240251134547,-33.74166666666667,69.59359804528638,113.18263032549184,23.045372778324587,336.8097222222222,238.8709355414564,89.0401139324464,74.39280811403349,2.333333333333333
54,102_2,102,2.4533333333333336,3.4695372730219933,0.3333333333333333,0.4714045207910317,3.333333333333333,4.714045207910316,0.0,0.0,6.666666666666667,8.73053390247253,0.6666666666666666,0.9428090415820634,7.333333333333333,10.370899457402697,1.3333333333333333,1.8856180831641267,0.0,0.0,0.0,0.0,0.0,0.0,0.0,0.0,0.0,0.0,0.0,0.0,10.333333333333334,13.912424503139473,1.3333333333333333,1.8856180831641267,1.6666666666666667,1.699673171197595,0.0,0.0,0.0,0.0,28.666666666666668,1.8856180831641267,0.0,0.0,0.0,0.0,0.0,0.0,0.0,0.0,-17.28333333333333,10.940180359404332,12.498073305098382,7.38785080969514,19.199999999999992,121.83782310468654,60.37493409302406,18.14072995397377,-41.25,104.04438778535643,66.0205008279836,13.495439835297802,350.36944444444447,288.5129516464502,33.63847258973912,12.733131625646418,5.333333333333333
55,102_2,102,1.7526666666666666,1.2410426619938932,0.6666666666666666,0.4714045207910317,21.0,14.89966442575134,0.0,0.0,5.666666666666667,4.109609335312651,0.0,0.0,5.666666666666667,8.013876853447538,0.0,0.0,0.0,0.0,0.0,0.0,0.0,0.0,0.0,0.0,0.0,0.0,0.0,0.0,10.0,11.430952132988164,4.0,4.96655480858378,2.0,2.160246899469287,0.0,0.0,0.0,0.0,29.0,1.4142135623730951,0.0,0.0,0.0,0.0,0.0,0.0,0.3333333333333333,0.4714045207910317,-13.18888888888889,8.146986870108996,13.973474829333634,5.40186535764522,13.172222222222222,96.07035648451466,69.8407946251608,22.672384462980983,-46.64166666666667,65.46191888475371,81.04598463075257,6.599520903652416,323.0458333333333,231.24255561090607,72.38648951418656,50.9798506213717,0.6666666666666666
56,102_2,102,0.7963333333333332,1.1261854001697746,0.3333333333333333,0.4714045207910317,32.666666666666664,26.94851057521032,16.0,7.071067811865476,10.333333333333334,7.84573486395988,0.0,0.0,1.0,0.816496580927726,0.6666666666666666,0.9428090415820634,0.0,0.0,0.0,0.0,0.0,0.0,0.0,0.0,0.0,0.0,0.0,0.0,7.666666666666667,10.842303978193728,2.6666666666666665,2.494438257849294,8.666666666666666,8.379870059984356,0.0,0.0,0.0,0.0,29.0,0.816496580927726,0.0,0.0,0.0,0.0,0.0,0.0,0.0,0.0,-15.640555555555556,26.98368149982413,13.862894920645983,6.661514928867364,79.6361111111111,37.80590068419492,63.55167016504894,23.289400872462537,-32.37592592592593,65.30021176103233,68.67264772921759,29.384755470559043,397.7866666666667,329.0585081608673,119.03156386346912,152.80259725687017,5.666666666666667
57,102_2,102,3.7086666666666654,1.0775714464582948,1.6666666666666667,0.4714045207910317,21.666666666666668,18.40893502864544,3.0,2.449489742783178,14.0,10.03327796219494,2.6666666666666665,2.0548046676563256,0.0,0.0,2.0,2.160246899469287,0.0,0.0,0.0,0.0,0.0,0.0,0.0,0.0,0.0,0.0,0.0,0.0,7.0,9.899494936611664,5.666666666666667,4.496912521077348,12.333333333333334,10.338708279513884,0.0,0.0,0.0,0.0,27.666666666666668,2.0548046676563256,0.0,0.0,0.0,0.0,0.0,0.0,0.0,0.0,-10.005555555555556,15.747122508063198,19.836544062904785,9.989406018547845,91.93055555555556,32.87769164683998,71.5608867053205,42.22255495260869,-60.875,45.072956805441386,93.66242935897162,10.457475516024088,372.9763888888888,289.5086510879838,136.6439245218289,156.4626186092377,6.666666666666667
58,102_2,102,3.672,2.672297887586637,2.0,1.4142135623730951,0.0,0.0,0.0,0.0,10.666666666666666,7.93025150224688,2.333333333333333,1.699673171197595,0.3333333333333333,0.4714045207910317,2.333333333333333,2.0548046676563256,0.0,0.0,0.0,0.0,0.0,0.0,0.0,0.0,0.0,0.0,0.0,0.0,10.0,14.142135623730953,6.0,5.887840577551898,3.0,2.160246899469287,0.0,0.0,0.0,0.0,27.33333333333333,2.494438257849294,0.0,0.0,0.0,0.0,0.0,0.0,0.0,0.0,-16.791666666666668,11.651599397444048,10.323335939236712,6.046567659096691,-13.308333333333332,79.79019450339051,79.70689611889792,9.663049753347089,-25.563888888888886,64.15664652403424,101.91450934358028,8.042159344600876,349.1875,233.1739131736701,51.27529553247299,22.81339355940814,-0.3333333333333333
59,102_2,102,1.8233333333333333,1.0242272968221242,1.0,0.0,8.666666666666666,12.256517540566824,0.0,0.0,8.333333333333334,5.90668171555645,2.0,2.8284271247461903,1.3333333333333333,1.8856180831641267,3.6666666666666665,5.185449728701348,0.0,0.0,0.0,0.0,0.0,0.0,0.0,0.0,0.0,0.0,0.0,0.0,9.666666666666666,13.67073110293992,8.333333333333334,5.312459150169743,1.3333333333333333,1.8856180831641267,0.0,0.0,0.0,0.0,29.33333333333333,0.9428090415820634,0.0,0.0,0.0,0.0,0.0,0.0,0.0,0.0,-17.158333333333335,12.268887555595734,10.970170319736823,9.639248338243789,0.8638888888888943,112.14595675852053,68.63636129481478,21.11081379609932,-21.655555555555555,109.41231317676888,80.03605884016316,19.86015642213616,345.72638888888895,244.52333293794328,60.86064566489435,39.09293456152667,-2.0
60,102_2,102,2.1693333333333333,0.7250316468188743,1.0,0.0,0.3333333333333333,0.4714045207910317,0.3333333333333333,0.4714045207910317,13.333333333333334,2.6246692913372702,1.0,0.816496580927726,0.0,0.0,2.6666666666666665,3.771236166328253,0.0,0.0,0.0,0.0,0.0,0.0,0.0,0.0,0.0,0.0,0.3333333333333333,0.4714045207910317,9.666666666666666,13.67073110293992,9.0,6.377042156569663,10.666666666666666,2.0548046676563256,0.0,0.0,2.0,2.8284271247461903,29.0,1.4142135623730951,0.0,0.0,0.0,0.0,0.0,0.0,0.0,0.0,-11.116111111111111,9.806870733330124,13.913654200425851,8.411209668488137,60.94444444444445,22.64675834595863,98.75961761240688,30.465307430402728,-4.410000000000006,101.27890175520632,84.58107713769849,24.379194557321505,371.82194444444445,185.1760151534677,93.19134559061122,40.10844538874582,0.3333333333333332
61,102_2,102,0.0,0.0,0.0,0.0,20.33333333333333,28.75567576825293,1.6666666666666667,2.357022603955158,10.0,11.343133018115704,0.0,0.0,0.0,0.0,0.6666666666666666,0.9428090415820634,0.0,0.0,0.0,0.0,0.0,0.0,0.0,0.0,0.0,0.0,0.3333333333333333,0.4714045207910317,8.0,11.31370849898476,9.333333333333334,11.08552609887726,7.0,8.48528137423857,0.0,0.0,0.0,0.0,30.0,0.0,0.0,0.0,0.0,0.0,0.0,0.0,0.3333333333333333,0.4714045207910317,-9.48425925925926,7.688896025116221,7.619118670290678,3.6322395183248406,1.795370370370372,83.44371363581607,90.84263403686926,18.520193077675728,28.482407407407408,46.358092590488,108.511349283133,27.83445700963832,345.9361111111112,111.6176032519507,70.68788426984389,62.13805185957936,0.3333333333333333
62,102_2,102,0.284,0.401636651713959,0.3333333333333333,0.4714045207910317,15.0,20.51016008388688,2.333333333333333,3.2998316455372216,16.666666666666668,10.402991022884825,0.6666666666666666,0.9428090415820634,0.0,0.0,0.0,0.0,0.0,0.0,0.0,0.0,0.0,0.0,0.0,0.0,0.0,0.0,0.0,0.0,9.666666666666666,13.67073110293992,8.666666666666666,7.408703590297622,10.333333333333334,10.49867716534908,0.0,0.0,0.0,0.0,28.666666666666668,1.8856180831641267,0.0,0.0,0.0,0.0,0.0,0.0,0.0,0.0,-11.516666666666667,6.964204110226014,7.319273827309566,2.2416592507374378,40.6,68.52253616849687,98.26697470192296,27.35343971812532,-36.23611111111112,75.42893434089116,104.1208903957576,44.560366595861765,377.75138888888887,145.0689677269972,47.152429336178,34.64243125292172,0.3333333333333333
63,102_2,102,3.377,2.827952969905971,1.0,0.816496580927726,16.666666666666668,23.570226039551585,3.333333333333333,4.714045207910316,14.333333333333334,11.67142760000773,0.3333333333333333,0.4714045207910317,0.0,0.0,1.0,1.4142135623730951,0.0,0.0,0.0,0.0,0.0,0.0,0.3333333333333333,0.4714045207910317,0.0,0.0,0.0,0.0,9.666666666666666,13.67073110293992,6.666666666666667,8.055363982396381,14.0,11.775681155103795,0.0,0.0,1.3333333333333333,1.8856180831641267,30.0,0.0,0.0,0.0,0.0,0.0,0.0,0.0,0.6666666666666666,0.9428090415820634,-6.497222222222221,5.194465240600082,4.412280594783547,2.8968369322686773,51.42499999999999,81.12634379415485,61.9989392647151,45.7299731258089,-56.81111111111111,82.61127185592969,73.58296724941458,56.84542992179587,429.3638888888889,187.6834558164128,104.26899830476825,126.90566171891832,3.333333333333333
64,102_2,102,1.5083333333333335,1.0837473055201672,0.6666666666666666,0.4714045207910317,0.0,0.0,0.0,0.0,11.0,8.981462390204987,0.0,0.0,0.0,0.0,3.333333333333333,2.494438257849294,0.0,0.0,0.3333333333333333,0.4714045207910317,0.0,0.0,0.0,0.0,0.0,0.0,0.0,0.0,10.0,14.142135623730953,6.333333333333333,5.792715732327588,7.333333333333333,5.734883511361751,0.0,0.0,0.0,0.0,30.0,0.0,0.0,0.0,0.0,0.0,0.0,0.0,0.0,0.0,-10.075,7.747212760442013,5.013018685357568,0.3113691683858968,42.41111111111111,65.7413507666011,99.53200298019703,22.18599262040157,-70.8824074074074,90.57445841486869,69.85720700308006,34.4482140947437,401.7722222222222,167.70883889962903,79.15945973615199,37.73939721948945,5.666666666666667
65,102_2,102,0.334,0.4723473298326137,0.3333333333333333,0.4714045207910317,14.666666666666666,20.7417989148054,0.6666666666666666,0.9428090415820634,11.0,10.98483803552272,0.6666666666666666,0.9428090415820634,0.0,0.0,0.6666666666666666,0.4714045207910317,0.0,0.0,0.0,0.0,0.0,0.0,0.0,0.0,0.0,0.0,0.0,0.0,10.0,14.142135623730953,6.0,5.887840577551898,6.0,4.546060565661952,0.0,0.0,0.0,0.0,29.666666666666668,0.4714045207910317,0.0,0.0,0.0,0.0,0.0,0.0,0.0,0.0,-11.819444444444445,8.911375203900425,6.2870152676466615,3.5074971484806667,-1.1935185185185186,114.37911440649584,52.689814694757096,23.06356719265835,-59.59814814814816,90.50394724394762,83.00474478114377,31.29845335307405,404.7314814814815,173.45303849066082,84.65368463410428,34.213658043948165,2.6666666666666665
66,102_2,102,7.971333333333334,3.90994103394014,3.333333333333333,0.9428090415820634,0.3333333333333333,0.4714045207910317,0.3333333333333333,0.4714045207910317,7.666666666666667,7.408703590297622,0.3333333333333333,0.4714045207910317,0.0,0.0,4.666666666666667,2.6246692913372702,0.0,0.0,0.0,0.0,0.0,0.0,0.0,0.0,0.0,0.0,0.0,0.0,9.0,12.727922061357855,3.6666666666666665,2.867441755680876,9.333333333333334,11.08552609887726,0.0,0.0,0.0,0.0,29.666666666666668,0.4714045207910317,0.0,0.0,0.0,0.0,0.0,0.0,0.0,0.0,-17.636666666666667,12.66230385391572,15.174564645869353,8.58423451757793,41.14944444444444,107.54246560324292,63.33623838552143,28.95032189333925,-56.17777777777778,56.1072428534613,105.44910264535628,44.39473318562063,270.06055555555554,144.7513282359794,100.29656429483502,66.9040455954714,6.666666666666667
67,102_2,102,2.9973333333333336,0.6637380674801033,2.0,0.0,3.6666666666666665,5.185449728701348,0.6666666666666666,0.9428090415820634,10.666666666666666,5.792715732327589,0.3333333333333333,0.4714045207910317,0.3333333333333333,0.4714045207910317,7.333333333333333,1.247219128924647,0.0,0.0,0.0,0.0,0.0,0.0,0.3333333333333333,0.4714045207910317,0.0,0.0,0.0,0.0,4.0,5.656854249492381,7.333333333333333,6.847546194724712,11.666666666666666,9.030811456096044,0.0,0.0,0.0,0.0,23.666666666666668,6.342099196813483,0.0,0.0,0.0,0.0,0.0,0.0,0.0,0.0,-8.568148148148147,5.003297191316591,9.438645654659728,3.553680306411419,62.65592592592592,55.22002283669437,76.41274028593517,22.02056694311654,-18.472592592592594,50.20675209606439,108.49520128211532,20.23030925466266,301.3674074074074,131.11072873185245,136.094319652312,132.49351518058245,3.0
68,102_2,102,1.9276666666666669,1.568518267523702,0.6666666666666666,0.4714045207910317,4.0,5.656854249492381,0.0,0.0,8.666666666666666,6.128258770283412,0.6666666666666666,0.4714045207910317,0.0,0.0,2.6666666666666665,2.0548046676563256,0.0,0.0,0.0,0.0,0.0,0.0,0.0,0.0,0.0,0.0,0.6666666666666666,0.9428090415820634,8.0,11.31370849898476,9.0,9.93310961716756,5.666666666666667,5.436502143433363,0.0,0.0,0.0,0.0,27.666666666666668,2.0548046676563256,0.0,0.0,0.0,0.0,0.0,0.0,1.0,1.4142135623730951,-5.575740740740741,4.247493216976089,10.121612001090256,6.242167044292443,72.78407407407407,46.84863794861708,72.68202454947927,27.7717399582868,-25.356111111111115,23.82001046946521,123.42469105781248,1.7879985533419362,492.1376851851852,432.93046890724565,186.5881250223997,215.69484894391684,2.333333333333333
69,102_2,102,3.2006666666666668,3.327796501524027,0.6666666666666666,0.4714045207910317,17.0,24.04163056034261,0.3333333333333333,0.4714045207910317,9.333333333333334,6.79869268479038,0.0,0.0,0.0,0.0,0.3333333333333333,0.4714045207910317,0.0,0.0,0.0,0.0,0.0,0.0,0.0,0.0,0.0,0.0,0.0,0.0,9.333333333333334,13.199326582148888,3.333333333333333,4.714045207910316,11.0,9.899494936611664,0.0,0.0,0.0,0.0,28.666666666666668,1.8856180831641267,0.0,0.0,0.0,0.0,0.0,0.0,0.3333333333333333,0.4714045207910317,-12.976111111111113,9.434021012756745,10.591953735053446,7.703642618463416,9.845000000000004,113.22685138285031,65.25873056433512,15.253598571837738,-106.53333333333332,59.1818044015407,65.93968304899609,11.37023426213004,439.05777777777774,378.3659852046383,124.84167458647023,139.35921727068404,4.333333333333334
70,102_2,102,4.9526666666666666,3.921006021701857,2.333333333333333,0.9428090415820634,0.0,0.0,0.0,0.0,7.333333333333333,2.867441755680876,0.3333333333333333,0.4714045207910317,0.0,0.0,3.6666666666666665,2.6246692913372702,0.0,0.0,0.0,0.0,0.0,0.0,0.0,0.0,0.0,0.0,0.0,0.0,6.666666666666667,9.428090415820632,11.0,12.83225103661344,13.0,11.430952132988164,0.0,0.0,0.0,0.0,26.0,4.320493798938574,0.0,0.0,0.0,0.0,0.0,0.0,0.3333333333333333,0.4714045207910317,-6.117222222222222,2.441781504062198,12.146669086737086,5.195422977209888,68.97351851851852,72.37350161399581,67.22435431755133,43.42182260638938,5.629629629629633,55.28895486913513,118.72661902423964,23.18479111362705,274.5694444444444,138.63509808315024,104.59957780834064,102.51499088932856,5.666666666666667
1,104_1,104,2.173,1.6539240208264303,0.6666666666666666,0.4714045207910317,0.0,0.0,1.0,0.816496580927726,1.25,0.4330127018922193,0.25,0.4330127018922193,0.5,0.8660254037844386,1.75,3.031088913245535,0.0,0.0,0.25,0.4330127018922193,0.0,0.0,0.75,1.299038105676658,0.0,0.0,0.25,0.4330127018922193,3.25,2.165063509461097,2.0,2.1213203435596424,1.75,1.920286436967152,0.0,0.0,0.0,0.0,22.0,6.164414002968976,1.0,1.7320508075688772,0.25,0.4330127018922193,0.0,0.0,1.0,1.0,-1.2630411733382876,0.5294840662687014,6.182815158663287,0.5489372586061183,22.925480091297125,39.126668989886966,53.77068948041831,6.818542964316348,6.055417128128357,28.22382862479619,58.93674697847852,5.545647610378987,120.06850066068792,43.94785737985042,115.82021111218435,29.059945695633573,13.333333333333334
2,104_1,104,0.0,0.0,0.0,0.0,0.0,0.0,0.0,0.0,3.5,3.5,0.25,0.4330127018922193,0.0,0.0,5.0,8.660254037844387,0.0,0.0,0.0,0.0,0.0,0.0,0.25,0.4330127018922193,0.0,0.0,0.0,0.0,4.25,2.947456530637899,0.75,0.82915619758885,0.5,0.5,0.0,0.0,0.0,0.0,29.5,0.8660254037844386,0.25,0.4330127018922193,0.0,0.0,0.5,0.5,2.5,2.5,2.934037810510336,2.473193588748285,7.621822148279077,4.697302000573937,37.69128950331679,41.27784319904588,70.03224695103131,22.812485272998234,-9.44909789909736,59.79589291616309,65.4738782053422,12.183334819893664,190.23315075820065,61.67413088713876,57.901367474396025,12.719853581868628,13.333333333333334
3,104_1,104,0.0,0.0,0.0,0.0,0.0,0.0,0.0,0.0,0.75,0.82915619758885,0.0,0.0,0.25,0.4330127018922193,7.5,10.712142642814277,0.25,0.4330127018922193,0.0,0.0,0.0,0.0,0.0,0.0,0.0,0.0,0.25,0.4330127018922193,5.0,6.96419413859206,0.25,0.4330127018922193,0.25,0.4330127018922193,0.0,0.0,1.25,2.165063509461097,29.0,1.7320508075688772,1.5,2.598076211353316,0.0,0.0,0.75,0.82915619758885,1.5,0.8660254037844386,0.7325866383314619,1.044144492060051,5.233924845883983,2.130029246051304,35.94088538871806,44.90552155031945,60.13892040619286,24.691634137396964,19.87103588315623,59.09529135910744,73.9825363337423,16.120283210883144,220.749155015922,104.94929986800302,74.26547142288753,50.75814582983104,13.666666666666666
4,104_1,104,0.3466666666666667,0.490260701622673,0.3333333333333333,0.4714045207910317,14.666666666666666,20.7417989148054,0.3333333333333333,0.4714045207910317,0.25,0.4330127018922193,0.0,0.0,0.0,0.0,5.0,5.873670062235365,0.0,0.0,0.0,0.0,0.0,0.0,0.0,0.0,0.0,0.0,0.0,0.0,1.25,1.0897247358851685,0.5,0.8660254037844386,0.25,0.4330127018922193,0.0,0.0,2.25,2.7726341266023544,29.0,1.7320508075688772,0.0,0.0,0.0,0.0,0.0,0.0,0.0,0.0,1.2568871134312312,1.4330718777630234,2.284618930985256,0.4012648403597298,61.72979023427553,23.417225203406336,59.92687842025664,7.586050437744945,33.00390349574173,38.52727861436164,72.98518148351761,5.13519073912534,191.46591334387293,45.15894503986161,63.33964169584918,12.467138978529915,5.666666666666667
5,104_1,104,0.5366666666666667,0.758961278473561,0.3333333333333333,0.4714045207910317,0.0,0.0,0.0,0.0,0.0,0.0,0.0,0.0,0.0,0.0,5.0,5.049752469181039,0.0,0.0,0.0,0.0,0.0,0.0,0.0,0.0,0.0,0.0,0.0,0.0,0.0,0.0,0.75,0.82915619758885,1.0,1.224744871391589,0.0,0.0,0.0,0.0,30.0,0.0,0.0,0.0,0.0,0.0,0.0,0.0,0.0,0.0,1.2414587933188308,1.898338557764756,3.261394085489308,1.3150813454103785,4.194588565899698,33.36481559517332,62.27724228424522,8.564232216756185,-25.15066486554688,32.38163867343737,54.1481843020457,10.12480695117105,159.10807097329476,69.1626259180658,48.82046209212881,24.515042411571976,0.0
6,104_1,104,2.185666666666666,1.6777076291442703,0.6666666666666666,0.4714045207910317,1.6666666666666667,2.357022603955158,0.3333333333333333,0.4714045207910317,0.0,0.0,0.0,0.0,1.0,1.224744871391589,0.0,0.0,0.25,0.4330127018922193,1.25,2.165063509461097,0.0,0.0,1.75,2.48746859276655,0.0,0.0,0.75,1.299038105676658,2.0,2.9154759474226504,1.0,1.7320508075688772,0.75,1.299038105676658,0.0,0.0,1.25,0.82915619758885,24.75,6.977642868476432,4.0,5.830951894845301,1.5,2.598076211353316,0.0,0.0,0.0,0.0,1.2462796254671256,2.1049770429072723,2.341479071597374,1.1731087676217968,-6.223023987586489,25.48764209854998,66.27513182256689,13.37545339599508,-40.09321320346321,36.58125132194744,62.73284924577831,15.01594108413601,246.46394975626225,109.16253372051456,99.49700736453624,44.77177909243932,1.3333333333333333
7,104_1,104,1.4366666666666663,1.019487888871445,0.6666666666666666,0.4714045207910317,0.6666666666666666,0.9428090415820634,2.0,2.8284271247461903,0.25,0.4330127018922193,0.0,0.0,1.0,1.7320508075688772,2.0,3.4641016151377544,0.0,0.0,0.75,1.299038105676658,0.0,0.0,0.5,0.8660254037844386,0.0,0.0,0.0,0.0,3.0,4.636809247747852,0.25,0.4330127018922193,0.0,0.0,0.0,0.0,0.5,0.8660254037844386,28.25,1.7853571071357126,1.25,1.6393596310755,0.75,1.299038105676658,0.0,0.0,0.0,0.0,1.839225009448224,1.1806824965315308,2.7321643480323075,1.9343477641050384,-10.522943594104309,25.551242843119,71.87798632849285,6.030250010234076,-22.16023691421013,48.14960661605087,43.765582898253314,19.04541744353861,206.74587750377927,65.56835892527432,47.8841237953819,36.10181305429296,13.333333333333334
8,104_1,104,1.1463333333333334,0.8935399014904458,0.6666666666666666,0.4714045207910317,0.0,0.0,0.0,0.0,0.25,0.4330127018922193,0.0,0.0,0.0,0.0,2.0,3.4641016151377544,0.5,0.8660254037844386,0.5,0.8660254037844386,0.0,0.0,1.25,2.165063509461097,0.0,0.0,0.5,0.8660254037844386,4.75,8.227241335952167,1.25,1.299038105676658,0.75,0.82915619758885,0.0,0.0,0.0,0.0,28.25,2.48746859276655,1.75,2.0463381929681126,0.0,0.0,0.0,0.0,0.0,0.0,0.9463442460317462,2.123638838569542,2.9372556582997107,1.3121604209149902,-42.72962962962964,43.39473208019889,64.74533006273913,13.262114989929945,-4.550105820105816,47.01652298047372,53.045821852464776,10.352798748627308,189.25381944444445,83.80530336102844,48.11175627044421,35.54949034343416,0.0
9,104_1,104,0.443,0.626496608131281,0.3333333333333333,0.4714045207910317,13.0,18.384776310850235,0.0,0.0,1.0,1.0,0.0,0.0,0.25,0.4330127018922193,4.75,8.227241335952167,0.0,0.0,0.0,0.0,0.0,0.0,1.25,1.299038105676658,0.0,0.0,0.5,0.5,9.25,5.356071321407137,2.0,1.8708286933869709,0.25,0.4330127018922193,0.0,0.0,1.75,1.920286436967152,27.75,1.479019945774904,2.5,2.0615528128088303,0.0,0.0,0.0,0.0,0.0,0.0,-0.441099296135939,1.4538638757636508,4.87391827557994,1.0463314164041009,44.82970032775442,24.640768013724188,62.42780843114688,13.462238444431046,23.224871870399102,28.251134964366948,63.073103882663325,17.4157297481416,200.6115864580084,79.58842733803613,70.94663256516186,14.194906049438035,13.666666666666666
10,104_1,104,1.4496666666666669,1.5259948303392847,0.6666666666666666,0.4714045207910317,31.33333333333333,43.60682923070142,0.0,0.0,0.75,0.4330127018922193,0.0,0.0,1.5,2.0615528128088303,1.5,2.0615528128088303,0.0,0.0,1.0,0.7071067811865476,0.0,0.0,2.0,2.0,0.0,0.0,0.5,0.5,10.75,9.256754290786809,1.75,3.031088913245535,1.5,2.598076211353316,0.0,0.0,6.5,5.024937810560445,28.75,1.0897247358851685,0.5,0.5,0.0,0.0,0.25,0.4330127018922193,0.25,0.4330127018922193,-2.12788664203992,5.330815111726143,4.110554872390941,0.6793149141504229,41.03547799912311,7.4727996980461455,88.77924796808223,22.17314985722784,-56.64546333407101,63.42420310062265,76.15206308643093,22.78933754108714,297.4052107436487,45.95960030442786,146.2564857473362,38.78512722040358,4.666666666666666
11,104_1,104,2.7896666666666667,3.945184434500144,0.3333333333333333,0.4714045207910317,0.0,0.0,0.0,0.0,2.75,2.7726341266023544,0.0,0.0,1.25,1.6393596310755,5.75,4.02336923485777,0.75,0.4330127018922193,3.0,2.0,0.0,0.0,7.75,0.82915619758885,0.0,0.0,1.75,0.82915619758885,7.0,5.830951894845301,0.5,0.8660254037844386,1.0,1.224744871391589,0.0,0.0,1.5,2.0615528128088303,20.5,3.0413812651491097,8.5,2.692582403567252,1.5,1.5,0.0,0.0,0.0,0.0,1.111108659330699,1.488445135667669,3.975967654066599,0.5824928274059972,20.422493594314325,37.82358441315558,89.18539995971126,12.748172153298205,-9.149987973884356,24.06903639302904,98.7633023411754,14.711129116718524,310.02498083724066,52.85791209748219,196.0305813019728,37.18475259734368,7.0
12,104_1,104,0.6699999999999999,0.9475230867899735,0.3333333333333333,0.4714045207910317,7.666666666666667,10.842303978193728,0.0,0.0,0.75,0.4330127018922193,0.0,0.0,0.75,1.299038105676658,7.0,4.183300132670378,0.5,0.5,2.0,1.4142135623730951,0.0,0.0,3.75,1.6393596310755,0.0,0.0,1.0,1.224744871391589,5.25,5.7608593109014565,1.25,2.165063509461097,0.25,0.4330127018922193,0.0,0.0,0.0,0.0,24.75,0.4330127018922193,4.25,2.48746859276655,1.5,1.118033988749895,0.0,0.0,0.0,0.0,0.8634920538818098,1.3028153735449983,4.871016587681331,2.428449030939812,34.47671263494411,14.062786060408898,71.675458050743,5.738552880544576,28.522920307155992,11.480133246100298,61.15351395472216,16.767094484254763,185.78502543720268,80.1828240971985,146.59722492407627,48.56613716322516,7.0
13,104_1,104,0.8533333333333334,1.206795573225041,0.3333333333333333,0.4714045207910317,7.666666666666667,10.842303978193728,1.0,1.4142135623730951,2.0,2.0,0.0,0.0,0.5,0.5,0.0,0.0,0.25,0.4330127018922193,0.0,0.0,0.0,0.0,4.0,3.082207001484488,0.0,0.0,1.0,1.0,7.5,5.5901699437494745,0.75,1.299038105676658,0.75,1.299038105676658,0.0,0.0,0.0,0.0,25.75,2.680951323690902,5.25,4.322904116447646,2.0,1.224744871391589,0.0,0.0,0.0,0.0,0.6467783075617243,0.4514727199427691,4.72940850124142,1.5675236310536222,41.17514577100364,28.46106254884833,67.60811962085494,16.307428878423906,-5.09504415298785,30.28800439964905,66.6418122010797,24.58275015458027,273.67196805593767,67.56334242095274,138.47809092749512,17.75685550151675,12.666666666666666
14,104_1,104,0.586,0.4393844178696676,0.6666666666666666,0.4714045207910317,31.0,15.769168230019828,10.333333333333334,14.613540144521982,0.0,0.0,0.0,0.0,0.25,0.4330127018922193,0.0,0.0,1.75,2.48746859276655,3.25,2.8613807855648994,0.0,0.0,5.0,4.636809247747852,0.0,0.0,2.25,2.277608394786075,8.5,8.616843969807043,0.75,1.299038105676658,0.75,1.299038105676658,0.0,0.0,0.5,0.5,15.25,5.673402858955108,6.25,7.361215932167728,2.5,4.330127018922194,0.0,0.0,0.0,0.0,-1.01953817016317,2.955691815199414,3.96974724858197,1.1111333534602903,27.45769586316461,40.88980643407647,60.47603881590855,11.153884522950433,-6.798109315453063,23.13667312940771,60.34104638729615,25.54296949728944,241.9455910380129,176.32100902121385,181.5290871060893,54.24505379714958,2.0
15,104_1,104,0.5033333333333333,0.7118208263944579,0.3333333333333333,0.4714045207910317,15.0,4.96655480858378,36.333333333333336,49.27699485786671,0.0,0.0,0.0,0.0,1.25,1.6393596310755,0.75,1.299038105676658,1.25,2.165063509461097,4.75,7.119515432949071,0.0,0.0,4.75,7.660776723022281,0.0,0.0,2.5,4.330127018922194,8.75,11.94518731540029,0.5,0.8660254037844386,0.75,1.299038105676658,0.0,0.0,0.0,0.0,10.5,12.278029157808676,4.75,7.660776723022281,3.0,5.196152422706632,0.0,0.0,0.0,0.0,-1.3283189033189031,3.503743965591425,2.6800886323181605,3.0389805282810607,27.48400462962963,47.10896570252845,35.7428081049469,35.77737469406483,-19.92991432178932,22.824766112223195,47.55198715881309,48.62013038297357,216.56280678811925,255.244886166578,109.30918631251632,113.77950514418028,2.0
16,104_1,104,1.0833333333333333,1.5320646925708532,0.3333333333333333,0.4714045207910317,86.33333333333333,49.27022991173834,85.33333333333333,105.50618728565428,0.5,0.8660254037844386,0.0,0.0,1.0,1.7320508075688772,0.5,0.8660254037844386,0.75,1.299038105676658,1.5,2.598076211353316,0.0,0.0,2.5,4.330127018922194,0.0,0.0,1.0,1.7320508075688772,5.0,8.660254037844387,0.25,0.4330127018922193,0.75,1.299038105676658,0.0,0.0,0.25,0.4330127018922193,11.75,12.376893794486564,3.0,4.636809247747852,0.75,1.299038105676658,0.0,0.0,0.0,0.0,-1.70083183020683,2.928468195988397,2.873479096828044,3.304907790204977,17.360531806156803,27.664524812910813,37.48430309171928,38.52539251458945,4.493393759018759,10.13849311743626,39.638230090924296,40.89221902297472,170.05557441979315,194.8437291941128,99.04371711081058,111.3798830092967,7.0
17,104_1,104,1.3633333333333333,1.9280444900353195,0.3333333333333333,0.4714045207910317,26.33333333333333,18.66071333637121,1.6666666666666667,2.357022603955158,0.25,0.4330127018922193,0.0,0.0,0.25,0.4330127018922193,0.5,0.8660254037844386,0.25,0.4330127018922193,1.0,1.224744871391589,0.0,0.0,3.25,3.418698582794336,0.0,0.0,1.0,1.7320508075688772,9.25,11.431863365173676,0.75,1.299038105676658,2.25,3.897114317029974,0.0,0.0,0.75,0.82915619758885,12.5,12.816005617976296,3.75,4.493050188902857,0.75,1.299038105676658,0.0,0.0,0.0,0.0,-1.302631673881674,3.533080181861535,2.0099733011688503,2.0099738118171766,17.125983946608947,39.45728265253678,38.653010849257086,38.82971749418395,-3.1915449134199143,26.26786581209216,46.80150191434601,48.23411099938343,186.00328403078407,188.48993841236967,82.76428938092043,87.7464549837496,6.0
18,104_1,104,0.0,0.0,0.0,0.0,34.0,18.239152027072603,3.0,3.559026084010437,0.25,0.4330127018922193,0.0,0.0,0.5,0.8660254037844386,0.0,0.0,1.75,2.48746859276655,2.5,3.774917217635375,0.0,0.0,3.0,4.123105625617661,0.0,0.0,2.0,2.9154759474226504,5.25,6.139014578904337,0.5,0.5,0.5,0.5,0.0,0.0,0.25,0.4330127018922193,12.0,12.328828005937952,3.25,4.085033659592048,2.25,3.344772040064913,0.0,0.0,0.0,0.0,-1.3296572871572871,2.209220906960527,2.9342723551955285,3.2939790604103423,13.113783970658975,43.650109756978544,34.47474056797094,34.49016826703118,-12.997478354978355,27.74096222152472,42.27297328968438,48.1114749841966,193.3876412938913,196.07822052335388,124.0718848672539,132.59381077764846,2.0
19,104_1,104,0.8096666666666668,1.145041581001416,0.3333333333333333,0.4714045207910317,33.0,26.94438717061496,78.33333333333333,67.1532244613433,0.25,0.4330127018922193,0.0,0.0,0.0,0.0,2.5,4.330127018922194,0.25,0.4330127018922193,0.5,0.8660254037844386,0.0,0.0,3.5,4.092676385936225,0.0,0.0,1.0,1.224744871391589,3.0,3.3166247903554,0.75,1.299038105676658,1.25,2.165063509461097,0.0,0.0,0.0,0.0,11.5,11.6940155635265,3.75,4.493050188902857,0.5,0.8660254037844386,0.0,0.0,0.0,0.0,-1.3590330734080731,2.5863599584314354,1.8874897130772768,1.97870662917548,13.759176541051538,17.141921288998315,34.32070367295502,34.34715914785098,-15.491737105487106,16.447981006269373,36.343047595556015,36.34425756381227,135.1899080202205,137.9130868281694,92.0130752164097,92.37971333755934,3.6666666666666665
20,104_1,104,1.0036666666666667,0.7170589623981807,0.6666666666666666,0.4714045207910317,0.3333333333333333,0.4714045207910317,19.33333333333333,27.34146220587984,0.0,0.0,0.0,0.0,0.25,0.4330127018922193,1.5,2.598076211353316,0.0,0.0,0.0,0.0,0.0,0.0,1.75,2.0463381929681126,0.0,0.0,0.0,0.0,3.0,4.636809247747852,0.5,0.5,1.0,1.224744871391589,0.0,0.0,0.25,0.4330127018922193,10.25,8.98262211161084,1.75,2.0463381929681126,1.25,2.165063509461097,0.0,0.0,0.0,0.0,-0.0147904641654641,0.6173002401078214,2.101627864528468,1.530361526732476,18.816246016714768,36.06499357590088,42.613991503403454,20.88738468937267,-2.9555272967772965,7.295078077008862,40.46181314289022,28.610336562334407,96.18880576599328,117.91336826994257,97.70759338043987,42.76209479978753,4.333333333333334
21,104_1,104,2.926666666666667,2.3374622040913424,0.6666666666666666,0.4714045207910317,0.0,0.0,0.0,0.0,0.25,0.4330127018922193,0.0,0.0,0.5,0.8660254037844386,3.75,2.277608394786075,0.0,0.0,0.0,0.0,0.0,0.0,0.25,0.4330127018922193,0.0,0.0,0.0,0.0,2.75,4.205650960315181,0.25,0.4330127018922193,0.0,0.0,0.0,0.0,0.5,0.8660254037844386,23.25,11.121488209767612,0.5,0.8660254037844386,0.0,0.0,0.0,0.0,0.25,0.4330127018922193,1.1060957322178548,0.6777638160491875,3.2574121295342704,2.1551145626907537,12.087949500142727,9.706930623802489,53.69245906329351,19.918199781473028,7.048574217998717,4.679802660166021,55.11848416856711,22.465236263173107,149.0095032858284,81.94137795842497,71.37375243179842,33.8686974692386,5.333333333333333
22,104_1,104,1.8966666666666665,1.728242524133179,1.0,0.816496580927726,0.0,0.0,0.0,0.0,0.0,0.0,0.0,0.0,0.0,0.0,9.25,9.256754290786809,0.0,0.0,0.0,0.0,0.0,0.0,0.0,0.0,0.0,0.0,0.0,0.0,0.5,0.8660254037844386,0.5,0.5,0.0,0.0,0.0,0.0,0.5,0.5,18.5,11.169153951844338,0.25,0.4330127018922193,0.0,0.0,0.0,0.0,0.0,0.0,0.0402045720426262,0.653693712928299,1.4272543763351553,1.1053094520543154,24.761896769987903,14.672208052811394,47.63799365749237,33.012776849222085,41.70991090857008,26.333426184286647,47.69918138627052,27.64571641376435,78.55400377975654,74.07710548208729,51.61246347497666,29.836812630017214,0.0
23,104_1,104,1.5993333333333333,2.26179889075537,0.3333333333333333,0.4714045207910317,15.0,21.213203435596427,0.6666666666666666,0.9428090415820634,0.0,0.0,0.0,0.0,0.0,0.0,0.25,0.4330127018922193,0.0,0.0,0.0,0.0,0.0,0.0,0.0,0.0,0.0,0.0,0.0,0.0,0.0,0.0,0.0,0.0,0.25,0.4330127018922193,0.0,0.0,0.0,0.0,8.0,12.727922061357855,0.0,0.0,0.0,0.0,0.0,0.0,0.0,0.0,-0.1334035871535872,0.2077032526364416,0.5059165724226702,0.5366900868346025,21.5357634032634,39.32799042966133,14.403923011678742,15.475645518420572,0.9292251036001034,5.587432743615381,19.263097959262552,22.455135042936224,39.48905472999224,68.25278787741914,13.157278288684832,22.23234653033964,1.3333333333333333
24,104_1,104,0.0,0.0,0.0,0.0,0.0,0.0,0.0,0.0,1.5,1.118033988749895,0.0,0.0,1.0,0.7071067811865476,3.75,4.264680527307995,0.0,0.0,0.0,0.0,0.0,0.0,0.0,0.0,0.0,0.0,0.0,0.0,3.25,5.629165124598851,0.5,0.8660254037844386,1.25,1.6393596310755,0.0,0.0,0.25,0.4330127018922193,19.0,10.0,0.0,0.0,0.0,0.0,0.0,0.0,0.25,0.4330127018922193,-0.8144513420521486,2.2201538192114016,3.410095394346984,2.5163034193069054,23.71553160185217,26.45817718391625,56.80287753084451,22.964911148018977,-22.42924817583084,31.385013923693013,64.64860720613483,24.73148671603492,88.51938954559922,101.81163121423177,75.64314003522063,37.85789464830592,0.0
25,104_1,104,0.6566666666666666,0.4648184830901437,0.6666666666666666,0.4714045207910317,0.0,0.0,0.0,0.0,1.0,1.7320508075688772,0.0,0.0,0.5,0.5,8.25,3.766629793329841,0.25,0.4330127018922193,0.5,0.5,0.0,0.0,2.75,1.7853571071357126,0.0,0.0,0.75,0.82915619758885,4.5,3.2015621187164243,1.0,1.224744871391589,3.0,2.7386127875258306,0.0,0.0,2.5,1.6583123951777,26.75,3.897114317029974,2.75,3.631459761583488,0.5,0.8660254037844386,0.25,0.4330127018922193,0.0,0.0,0.7907349006035268,0.7894581728238309,3.6238808151144144,1.2187147034992083,12.980737402932927,2.623434279546637,85.53641098678108,3.102267582771033,-1.1090288422957162,23.182217285612783,82.01560127957322,14.208343693056696,179.62871448148803,111.82400083449258,188.155710124532,55.21169721996253,3.333333333333333
26,104_1,104,0.5896666666666667,0.8339145972793349,0.3333333333333333,0.4714045207910317,0.0,0.0,0.0,0.0,3.5,6.06217782649107,0.75,1.299038105676658,1.75,2.0463381929681126,2.0,3.4641016151377544,0.0,0.0,0.25,0.4330127018922193,0.0,0.0,0.25,0.4330127018922193,0.0,0.0,0.25,0.4330127018922193,2.25,2.7726341266023544,3.75,3.561951712193752,3.5,4.9749371855331,0.0,0.0,1.25,1.0897247358851685,27.5,2.598076211353316,1.0,1.7320508075688772,0.5,0.8660254037844386,0.0,0.0,0.0,0.0,2.7844954384201706,2.641924699451553,4.334848945349346,0.262378914221783,38.445846902037694,22.55477705131583,73.90434619663965,19.133111655286264,5.686822240948054,24.03873532651633,73.25283430321443,31.876966509481168,209.8132140342552,89.64830446824415,96.17814397138824,41.82953703145536,5.666666666666667
27,104_1,104,1.797,1.4016197772577268,0.6666666666666666,0.4714045207910317,0.0,0.0,0.0,0.0,1.0,0.7071067811865476,0.0,0.0,1.0,1.224744871391589,3.75,1.920286436967152,0.0,0.0,0.0,0.0,0.0,0.0,1.0,0.7071067811865476,0.0,0.0,0.0,0.0,1.75,1.920286436967152,0.75,0.82915619758885,0.5,0.5,0.0,0.0,0.0,0.0,24.75,6.378675411086537,2.75,1.920286436967152,0.0,0.0,0.0,0.0,0.0,0.0,0.6786091162468979,1.367015527313605,4.169921566732865,1.386074173632431,-6.953892872344859,7.634886129424146,71.0181560437957,13.57052398961392,9.104774746523198,12.813802057267404,76.83656667958061,10.866421687006444,196.535977084522,70.04952727655471,134.17409242649725,17.329308049965782,3.333333333333333
28,104_1,104,0.9490000000000002,1.3420886706920672,0.3333333333333333,0.4714045207910317,0.0,0.0,0.6666666666666666,0.9428090415820634,1.0,0.7071067811865476,0.0,0.0,0.0,0.0,4.5,3.905124837953327,0.25,0.4330127018922193,1.75,1.0897247358851685,0.0,0.0,3.75,2.165063509461097,0.0,0.0,0.75,0.4330127018922193,4.0,1.224744871391589,0.5,0.5,1.0,1.7320508075688772,0.0,0.0,0.0,0.0,25.25,1.7853571071357126,4.5,2.179449471770337,0.25,0.4330127018922193,0.0,0.0,0.0,0.0,0.4004413569000375,0.452618257933902,5.76296588069643,1.4979164008239572,15.547524938217958,17.012855126928482,64.62008737575069,5.488810636242323,13.371246044725808,5.544639773914619,62.96760574250663,11.897261131229188,238.56126821680843,80.78556199585778,166.84645614216728,76.69075621719963,0.0
29,104_1,104,0.0,0.0,0.0,0.0,0.0,0.0,0.0,0.0,0.5,0.5,0.0,0.0,2.25,3.897114317029974,4.0,5.244044240850758,0.0,0.0,0.0,0.0,0.0,0.0,0.75,0.82915619758885,0.0,0.0,0.0,0.0,4.0,4.69041575982343,0.25,0.4330127018922193,0.5,0.8660254037844386,0.0,0.0,0.0,0.0,24.75,4.548351349665063,1.5,2.0615528128088303,0.75,1.299038105676658,0.0,0.0,0.0,0.0,-0.0151341112784068,1.2828139296670655,3.1133254654309868,1.3997167592464297,16.941853812288958,25.84396607570753,67.39076675923926,13.190934357327482,23.55045652022511,18.276529409047026,56.182019314646695,12.058222252301295,182.23433736195267,81.84860521072686,101.10663033504198,48.40923180853287,0.0
30,104_1,104,1.3273333333333337,1.044375836990156,0.6666666666666666,0.4714045207910317,1.3333333333333333,1.8856180831641267,1.3333333333333333,1.8856180831641267,1.5,1.118033988749895,0.0,0.0,0.5,0.8660254037844386,7.25,4.710360920354193,0.5,0.8660254037844386,1.25,2.165063509461097,0.0,0.0,3.75,4.763139720814412,0.0,0.0,1.0,1.7320508075688772,5.0,5.787918451395113,0.5,0.8660254037844386,1.5,2.598076211353316,0.0,0.0,0.0,0.0,19.75,4.866980583482946,4.75,5.931905258852336,1.0,1.7320508075688772,0.0,0.0,0.0,0.0,-0.212796374975154,0.9515008824076324,4.838933259182372,1.8123324078047072,15.982575126027635,11.261930079016985,61.97158365843754,12.962647592483728,-14.415115655490307,31.454289921441287,73.20104777514982,8.84015210057278,231.1171448013967,144.16167960003028,243.0680084712828,25.89463538108419,3.333333333333333
31,104_1,104,0.5863333333333333,0.8292005520714248,0.3333333333333333,0.4714045207910317,0.0,0.0,0.0,0.0,3.5,4.387482193696061,0.75,1.299038105676658,2.25,3.344772040064913,3.25,1.6393596310755,1.25,2.165063509461097,4.25,4.085033659592048,0.5,0.8660254037844386,7.0,4.636809247747852,0.0,0.0,3.0,1.8708286933869709,6.0,3.5355339059327378,2.75,1.299038105676658,3.5,3.774917217635375,0.0,0.0,0.5,0.5,18.75,7.119515432949071,7.5,7.533259586659682,3.75,5.356071321407137,0.0,0.0,0.0,0.0,-1.842777818143068,1.399015218246458,5.359076609461471,0.9773887305945762,27.79381557860298,32.03059798064464,78.59340059612373,10.468748275499149,-6.724834804475149,8.347792528697532,87.81645189099403,4.265199402651028,406.6964418429592,233.1308098613028,324.3270823285224,150.5956185966969,0.0
32,104_1,104,1.067,1.5089658710520926,0.3333333333333333,0.4714045207910317,0.0,0.0,0.0,0.0,3.0,2.549509756796392,0.0,0.0,0.0,0.0,7.25,3.6996621467371855,0.25,0.4330127018922193,0.75,0.82915619758885,0.0,0.0,1.0,1.224744871391589,0.0,0.0,0.5,0.8660254037844386,6.5,4.387482193696061,0.75,0.82915619758885,1.0,0.7071067811865476,0.0,0.0,1.25,0.82915619758885,25.5,4.9749371855331,1.75,2.48746859276655,0.75,0.82915619758885,0.5,0.8660254037844386,0.5,0.5,-1.523894090452997,1.961715583542184,4.481074454577604,1.233316137352076,24.08183658418828,11.50083046858358,89.14131603421679,21.70136291645827,-17.770785667719224,49.08358598540197,75.30675813284887,16.500323408461,246.28102827217447,86.04034639055766,279.64161216707924,79.00730421446184,0.0
33,104_1,104,1.3259999999999998,0.9955926208377937,1.0,0.816496580927726,0.0,0.0,0.0,0.0,1.5,1.5,0.0,0.0,1.25,1.6393596310755,2.5,2.0615528128088303,0.25,0.4330127018922193,0.25,0.4330127018922193,0.0,0.0,5.0,2.345207879911715,0.0,0.0,0.75,0.82915619758885,8.5,3.905124837953327,0.25,0.4330127018922193,0.0,0.0,0.0,0.0,1.0,0.7071067811865476,19.5,5.361902647381804,6.5,4.330127018922194,1.75,1.920286436967152,1.25,1.299038105676658,0.25,0.4330127018922193,-1.550721916645001,1.7242431887741472,4.714454458747362,1.101886532929175,4.271907660050268,9.519429631566704,78.36808690535781,5.8100602615662025,-15.126460541974474,24.683295208208445,79.03250321425149,11.045428335014964,450.85788056789096,164.57765550622685,506.7046262906074,323.5867875173574,0.0
34,104_1,104,1.4066666666666665,1.1855050494292387,0.6666666666666666,0.4714045207910317,0.0,0.0,0.0,0.0,1.75,2.48746859276655,0.25,0.4330127018922193,1.75,3.031088913245535,11.0,6.745368781616021,0.0,0.0,0.0,0.0,0.0,0.0,0.75,0.82915619758885,0.0,0.0,0.0,0.0,7.75,4.656984002549289,1.5,2.598076211353316,1.0,1.7320508075688772,0.0,0.0,3.5,2.0615528128088303,29.5,0.5,0.25,0.4330127018922193,0.0,0.0,0.25,0.4330127018922193,0.75,1.299038105676658,-0.3620881433381432,1.3087880715949665,4.51405681714005,0.522436042892908,13.547279641654644,5.087861710947573,84.26606403729693,8.72834246835229,-15.972301887926887,39.044448437422375,106.07011814711691,16.291183446322393,313.97283670033664,73.8853686349116,318.3813422842734,175.85962075737814,0.0
35,104_1,104,1.3636666666666668,1.019251468262644,0.6666666666666666,0.4714045207910317,4.0,3.741657386773941,3.0,4.242640687119285,0.0,0.0,0.0,0.0,0.0,0.0,18.0,9.460443964212253,0.0,0.0,0.0,0.0,0.0,0.0,0.25,0.4330127018922193,0.0,0.0,0.0,0.0,0.75,1.299038105676658,1.0,1.7320508075688772,0.5,0.8660254037844386,0.0,0.0,0.25,0.4330127018922193,29.0,1.7320508075688772,0.75,1.299038105676658,0.0,0.0,0.0,0.0,0.0,0.0,0.293068783068783,0.9793285161048456,3.836325836408927,2.078029191567086,44.07939153439153,15.45328953850736,79.72792485997174,14.60315719921852,36.938918650793646,18.22518150883536,93.2990119957077,9.751640598061714,108.46529100529102,104.02209156105413,67.50693694307628,62.744724178016526,6.666666666666667
36,104_1,104,1.2393333333333334,1.7526820083010557,0.3333333333333333,0.4714045207910317,8.333333333333334,9.104333522498443,1.0,0.816496580927726,0.5,0.5,0.0,0.0,1.5,2.598076211353316,13.25,7.725768570181222,0.0,0.0,0.0,0.0,0.0,0.0,0.0,0.0,0.0,0.0,0.0,0.0,1.5,1.5,0.75,1.299038105676658,0.0,0.0,0.0,0.0,1.0,0.7071067811865476,29.0,0.7071067811865476,1.0,1.224744871391589,0.25,0.4330127018922193,0.0,0.0,0.0,0.0,0.0232370822690506,1.5325257885081305,2.5873976014707765,0.4897554580810626,24.151485966672745,77.41958215107816,62.38325491887437,13.837817195575424,41.68903100863589,35.9572727270426,74.02153994823406,4.925280777889803,178.03039866888645,86.17120277851886,129.41865320556104,32.47803823005422,6.666666666666667
37,104_1,104,1.280333333333333,1.1214128984851603,0.6666666666666666,0.4714045207910317,0.3333333333333333,0.4714045207910317,0.0,0.0,0.75,0.82915619758885,0.0,0.0,0.75,0.82915619758885,5.5,4.716990566028302,1.25,2.165063509461097,1.75,3.031088913245535,0.0,0.0,2.25,3.344772040064913,0.0,0.0,1.5,2.598076211353316,5.0,7.54983443527075,0.25,0.4330127018922193,1.25,0.82915619758885,0.0,0.0,0.75,0.82915619758885,24.75,4.968651728587948,2.75,3.031088913245535,1.75,2.48746859276655,0.0,0.0,0.0,0.0,-1.4836102291623123,2.0107650142365907,6.106284057013025,2.961283920362546,32.03174029959447,54.5079617117093,62.51092007420809,5.424359691712502,31.092951826024745,39.68946834975131,70.16120800550867,22.63498158534461,199.6306781971417,142.37071712691764,167.9774733827759,95.95638956437443,1.3333333333333333
38,104_1,104,2.6533333333333333,1.220656744907793,1.6666666666666667,0.4714045207910317,0.0,0.0,0.0,0.0,1.75,3.031088913245535,0.25,0.4330127018922193,1.25,2.165063509461097,8.5,5.678908345800274,0.0,0.0,0.0,0.0,0.0,0.0,0.25,0.4330127018922193,0.0,0.0,0.0,0.0,2.0,3.4641016151377544,1.0,1.7320508075688772,1.75,3.031088913245535,0.0,0.0,0.75,1.299038105676658,21.75,6.759252917297888,1.0,1.7320508075688772,0.5,0.8660254037844386,0.0,0.0,0.0,0.0,0.1054491462838236,0.8891123334131689,3.37440963849078,2.331036637415386,31.53525816161636,39.49139105474527,56.5911443968976,16.17133822359146,22.8798554166612,24.21904128687133,62.50835473776024,29.009612811921585,111.83249147500996,129.02938079019907,79.37851412540495,35.660504576862564,3.333333333333333
39,104_1,104,1.6203333333333332,0.7935953348877219,1.0,0.0,1.0,1.4142135623730951,1.6666666666666667,1.699673171197595,0.0,0.0,0.0,0.0,3.25,4.548351349665063,4.25,3.344772040064913,0.5,0.8660254037844386,0.75,1.299038105676658,0.0,0.0,1.25,2.165063509461097,0.0,0.0,0.5,0.8660254037844386,8.25,6.417748826496718,0.5,0.8660254037844386,0.5,0.8660254037844386,0.0,0.0,3.75,2.7726341266023544,20.75,3.2691742076555053,2.25,2.277608394786075,0.5,0.8660254037844386,0.0,0.0,0.0,0.0,-0.2790720111982183,1.0081440492699858,3.9560674876625,0.4094789361875932,35.9684963643309,31.93389041345071,76.30197640110676,25.50724696895683,-20.36406554272197,32.457546732522566,87.8418678308666,30.135084819611848,244.65609381680272,168.03996795963187,160.34793128521451,78.99147080774641,6.666666666666667
40,104_1,104,1.897,0.1597247632648112,1.0,0.0,0.0,0.0,0.0,0.0,0.0,0.0,0.0,0.0,1.75,2.48746859276655,16.5,11.05667219374799,0.0,0.0,0.25,0.4330127018922193,0.0,0.0,0.0,0.0,0.0,0.0,0.0,0.0,4.0,4.898979485566356,1.0,1.7320508075688772,0.0,0.0,0.0,0.0,0.0,0.0,28.0,0.7071067811865476,0.25,0.4330127018922193,0.0,0.0,0.25,0.4330127018922193,0.0,0.0,-0.0348038329805571,0.6788889490619205,3.813438248009062,1.0770822413336012,7.561319416215968,23.28973399656236,91.14370682275322,25.76105364364059,70.30854616488237,29.28864103617241,88.18541001828265,18.40835076542296,147.76509541751352,156.25794837276408,75.8240035782537,78.7357995882943,12.333333333333334
41,104_1,104,0.3303333333333333,0.4671618801039124,0.3333333333333333,0.4714045207910317,5.0,7.071067811865476,0.0,0.0,0.25,0.4330127018922193,0.25,0.4330127018922193,3.0,3.6742346141747673,16.5,12.031209415515963,0.0,0.0,0.0,0.0,0.0,0.0,0.0,0.0,0.0,0.0,0.0,0.0,1.0,1.7320508075688772,1.75,3.031088913245535,0.5,0.5,0.0,0.0,0.25,0.4330127018922193,29.0,1.7320508075688772,0.0,0.0,0.0,0.0,0.0,0.0,0.0,0.0,1.8577653737164608,0.4356598627501971,2.049603013593148,0.7903711204623642,32.98454436968024,16.85147584652951,76.82958700620154,9.510382055599289,26.689342257983565,20.01403136201493,62.86457949941624,15.75286683477569,103.8310152900642,100.4107597240024,79.8590546803315,82.85508870955437,5.666666666666667
42,104_1,104,1.8596666666666668,1.3404507533744845,1.0,0.816496580927726,2.333333333333333,3.2998316455372216,1.3333333333333333,1.8856180831641267,0.25,0.4330127018922193,0.0,0.0,1.5,1.118033988749895,7.0,5.338539126015656,0.0,0.0,0.0,0.0,0.0,0.0,0.0,0.0,0.0,0.0,0.0,0.0,1.0,1.224744871391589,0.75,0.4330127018922193,1.0,0.7071067811865476,0.0,0.0,0.5,0.8660254037844386,28.25,3.031088913245535,0.0,0.0,0.0,0.0,0.0,0.0,0.25,0.4330127018922193,2.5798380060961583,0.8255685621542402,5.024653549744068,1.9803368578818723,21.692420450009163,42.58430430805368,63.37047514474355,8.527674366967965,39.74248098133632,22.39756529759049,61.17899167526971,11.978731858762645,173.45988611959936,47.313840637906935,101.48042367357256,23.57177873443193,1.3333333333333333
43,104_1,104,0.0,0.0,0.0,0.0,0.0,0.0,0.0,0.0,1.25,0.82915619758885,0.0,0.0,0.75,0.4330127018922193,2.5,3.774917217635375,0.0,0.0,0.0,0.0,0.0,0.0,0.0,0.0,0.0,0.0,0.0,0.0,1.75,0.4330127018922193,2.0,1.8708286933869709,0.0,0.0,0.0,0.0,1.75,2.0463381929681126,27.5,4.330127018922194,0.0,0.0,0.0,0.0,0.0,0.0,0.75,1.299038105676658,2.859432045776332,0.6668776144798081,4.36366858263599,1.296850517251117,28.58432847283656,14.05982509405948,65.62831479570934,20.207201914764084,18.95393590988238,28.43713574632729,56.6672471972285,13.033819357249437,168.68936189351007,44.05609533403159,97.3993782085507,34.28410952089591,6.333333333333333
44,104_1,104,1.624,1.588931926379059,0.6666666666666666,0.4714045207910317,14.333333333333334,20.27039439401436,0.0,0.0,1.75,1.7853571071357126,0.0,0.0,6.5,10.688779163215974,0.75,1.299038105676658,0.5,0.5,0.0,0.0,0.0,0.0,0.75,0.4330127018922193,0.0,0.0,0.5,0.5,2.75,4.763139720814412,3.25,2.277608394786075,4.5,5.5901699437494745,0.0,0.0,0.0,0.0,28.0,2.0,0.25,0.4330127018922193,0.0,0.0,0.0,0.0,0.0,0.0,0.9312059294466828,1.3413787991052657,3.88129439942543,1.6283640327201074,23.87842478991198,24.35506067264225,95.73450037999228,34.424226095273504,12.035424060560407,75.7901840708025,68.34390798123685,20.43823777359717,304.3440810181559,128.2971755532558,92.70112262185678,19.655218831469902,12.333333333333334
45,104_1,104,0.0,0.0,0.0,0.0,1.0,0.816496580927726,0.6666666666666666,0.9428090415820634,0.0,0.0,0.0,0.0,0.0,0.0,3.0,5.196152422706632,0.0,0.0,0.0,0.0,0.0,0.0,0.0,0.0,0.0,0.0,0.0,0.0,1.25,0.82915619758885,2.5,4.330127018922194,2.25,2.7726341266023544,0.0,0.0,1.0,0.7071067811865476,30.0,0.0,0.0,0.0,0.0,0.0,0.0,0.0,0.0,0.0,-0.6849906527951234,1.585561165554416,3.185806161280905,0.9745599621850866,29.55177014667962,24.551114766704547,75.07096877984294,8.952167453814356,-38.18327383547715,45.94100392190276,59.98831462411033,24.3242866617113,269.76654056548347,85.58977374787209,91.94947546310742,36.91371689742444,4.333333333333334
46,104_1,104,2.006333333333333,1.9902127747778344,0.6666666666666666,0.4714045207910317,0.0,0.0,0.0,0.0,3.25,4.493050188902857,0.0,0.0,1.75,3.031088913245535,5.0,7.516648189186454,0.0,0.0,0.0,0.0,0.0,0.0,0.5,0.8660254037844386,0.0,0.0,0.0,0.0,2.75,4.205650960315181,1.75,1.479019945774904,1.25,2.165063509461097,0.0,0.0,0.75,1.299038105676658,29.5,0.8660254037844386,2.25,1.479019945774904,0.0,0.0,0.0,0.0,0.0,0.0,0.8532810157439208,0.9745300133978656,4.171163421870926,0.4569154359682433,12.36626244784044,30.174213098466826,72.88935922238343,9.482593925549436,-6.948164917822419,22.48446625631293,70.21020216611376,21.66852716694902,258.010974252244,101.40625912404258,122.20836563359596,19.49629390748564,7.0
47,104_1,104,0.0,0.0,0.0,0.0,0.0,0.0,0.0,0.0,3.25,2.0463381929681126,0.0,0.0,0.0,0.0,1.25,1.299038105676658,0.5,0.8660254037844386,1.25,2.165063509461097,0.0,0.0,2.5,2.692582403567252,0.0,0.0,1.5,2.598076211353316,5.0,6.4031242374328485,3.0,1.7320508075688772,1.25,2.165063509461097,0.0,0.0,0.0,0.0,20.25,8.073877630977572,4.75,3.6996621467371855,1.0,1.7320508075688772,0.0,0.0,0.0,0.0,0.113750295560283,1.8156790384204973,2.9510566067908184,1.5627579052301268,-4.4058525967619495,3.041528831637998,72.23839137284124,18.415121700764413,1.8866318320997475,6.364920629456056,66.84227169891852,34.96409390704195,207.82394372716425,148.10174450732563,99.1164277823744,81.49397322064222,3.6666666666666665
48,104_1,104,1.0896666666666668,0.9714011644126344,0.6666666666666666,0.4714045207910317,0.3333333333333333,0.4714045207910317,0.0,0.0,0.75,0.4330127018922193,0.0,0.0,0.25,0.4330127018922193,1.0,0.7071067811865476,0.75,1.299038105676658,1.0,1.0,0.0,0.0,5.25,3.344772040064913,0.0,0.0,1.75,1.920286436967152,5.5,3.774917217635375,0.25,0.4330127018922193,1.5,1.118033988749895,0.0,0.0,0.75,0.4330127018922193,20.25,9.310612224768036,6.25,4.602988159880492,1.75,1.920286436967152,0.0,0.0,0.25,0.4330127018922193,0.6799218693478676,1.7921089039491662,3.137663802580139,1.2190268323390585,34.86658736159036,6.850657856415247,72.16284834510202,15.198218884267394,8.731475085810093,11.931174408678444,85.79094353495262,13.03145341856397,255.63900934992503,132.64328637685082,167.36142627551442,67.9776839614637,10.333333333333334
49,104_1,104,0.883,0.6243860984999586,0.6666666666666666,0.4714045207910317,0.0,0.0,0.0,0.0,1.0,1.0,0.0,0.0,0.5,0.8660254037844386,1.5,1.5,1.0,1.7320508075688772,1.5,2.0615528128088303,0.0,0.0,5.75,2.384848003542364,0.0,0.0,2.0,1.7320508075688772,10.25,2.48746859276655,1.5,1.5,0.75,1.299038105676658,0.0,0.0,1.25,1.299038105676658,22.25,1.7853571071357126,4.5,1.5,0.75,1.299038105676658,0.25,0.4330127018922193,0.5,0.8660254037844386,-0.0101947887280704,0.4792598544159338,5.35392360760529,1.177515336099041,25.32276615140392,45.568976918221296,76.63972463138576,16.87995986008134,-9.486483572627924,54.42865833815471,83.94738035794717,12.007769442386255,340.3282534534573,94.23374390567676,176.25586483520274,76.81698967830421,11.333333333333334
50,104_1,104,1.117,1.1386503706874498,0.6666666666666666,0.4714045207910317,16.333333333333332,11.953614051360738,18.666666666666668,10.96458946893235,1.0,1.224744871391589,0.0,0.0,0.0,0.0,1.5,0.8660254037844386,5.5,2.598076211353316,6.75,3.344772040064913,0.5,0.8660254037844386,10.0,3.082207001484488,0.0,0.0,7.25,3.344772040064913,22.75,4.085033659592048,0.75,1.299038105676658,1.25,1.0897247358851685,0.0,0.0,1.75,1.0897247358851685,22.5,4.9749371855331,8.5,4.330127018922194,3.5,3.2015621187164243,0.0,0.0,0.0,0.0,-1.5558026039513233,3.348959531288437,11.134030828301569,3.184185665218951,25.471711367424124,35.789398294328265,99.06858657527827,0.5152282135976629,-38.71121064204437,38.34335666357841,94.52558844222796,9.20666147352122,515.1984797846313,59.54309167000232,286.999774415479,31.700824007744043,13.0
51,104_1,104,1.133333333333333,0.065697962085762,1.0,0.0,0.6666666666666666,0.9428090415820634,12.666666666666666,17.913371790059205,1.25,2.165063509461097,0.0,0.0,2.5,4.330127018922194,5.75,3.418698582794336,0.0,0.0,0.0,0.0,0.0,0.0,0.0,0.0,0.0,0.0,0.0,0.0,3.75,3.112474899497183,1.0,1.7320508075688772,0.75,1.299038105676658,0.0,0.0,0.5,0.8660254037844386,29.75,0.4330127018922193,0.75,0.4330127018922193,0.0,0.0,1.25,2.165063509461097,2.0,3.4641016151377544,1.0056122572706636,3.93411587763485,5.220542231122284,3.888479661388199,38.23066140368543,46.0078762407135,67.84612158027363,10.463911925389644,-14.235148440992788,47.31320135831147,65.69411721816297,4.436757325272963,249.3518724866,64.51682497416006,148.8213096300121,42.86520804413541,2.333333333333333
52,104_1,104,0.0,0.0,0.0,0.0,13.666666666666666,19.3275853524323,0.6666666666666666,0.9428090415820634,0.25,0.4330127018922193,0.0,0.0,2.5,4.330127018922194,1.0,0.7071067811865476,1.0,1.7320508075688772,0.5,0.8660254037844386,0.0,0.0,2.0,3.4641016151377544,0.0,0.0,1.25,2.165063509461097,15.25,7.725768570181222,0.75,1.299038105676658,0.0,0.0,0.0,0.0,1.25,2.165063509461097,27.25,3.6996621467371855,1.75,3.031088913245535,0.5,0.8660254037844386,0.0,0.0,0.75,1.299038105676658,1.6050545634920637,2.2756200873540915,9.000178671721718,2.7028243356452792,21.104145171957672,34.26431135621433,83.7354010110637,8.835452556747352,-9.871502976190476,5.475178613354147,82.98564882799218,30.1594421045432,319.3796296296296,77.81963350560963,109.76041337842294,68.72116143919855,7.333333333333333
53,104_1,104,0.2133333333333333,0.3016988933062602,0.3333333333333333,0.4714045207910317,35.333333333333336,49.96887920384936,0.0,0.0,0.0,0.0,0.0,0.0,5.5,9.526279441628825,0.75,1.299038105676658,0.0,0.0,0.25,0.4330127018922193,0.0,0.0,0.5,0.8660254037844386,0.0,0.0,0.0,0.0,12.75,4.763139720814412,4.25,7.361215932167728,2.75,4.763139720814412,0.0,0.0,1.25,1.6393596310755,25.75,6.2599920127744575,0.5,0.8660254037844386,0.0,0.0,0.5,0.5,0.5,0.8660254037844386,-0.9233366402116404,3.0336702938285662,6.236359961947766,2.1529010985331345,30.77035383597884,49.77885790202044,84.8802589427755,7.804175881495689,-58.09544973544973,65.31167142040628,52.96557620436117,13.13843383130481,296.55273974867725,11.717881997685266,96.22254923925196,17.67213642391202,6.0
54,104_1,104,1.28,1.2026914262048545,0.6666666666666666,0.4714045207910317,15.333333333333334,21.684607956387456,0.6666666666666666,0.9428090415820634,0.25,0.4330127018922193,0.0,0.0,4.25,4.264680527307995,1.0,0.7071067811865476,0.0,0.0,0.0,0.0,0.0,0.0,0.0,0.0,0.0,0.0,0.0,0.0,10.25,4.815340071064556,1.0,1.7320508075688772,0.5,0.8660254037844386,0.0,0.0,1.25,1.299038105676658,30.0,0.0,0.0,0.0,0.0,0.0,0.0,0.0,0.25,0.4330127018922193,-1.92453550659826,1.631712109023235,4.435881492490909,0.8909216834966924,39.940315765573246,34.802066983303924,79.50717713626008,12.64855019235551,-19.307378775763908,65.47887703492702,57.38521934712874,16.570202198199585,244.2207485174792,58.73162060800976,108.26213032582976,76.77071303679922,6.666666666666667
55,104_1,104,2.4593333333333334,2.131247104918203,1.0,0.816496580927726,0.0,0.0,0.0,0.0,1.25,2.165063509461097,0.5,0.8660254037844386,2.25,2.48746859276655,11.5,10.547511554864494,0.0,0.0,0.0,0.0,0.0,0.0,0.0,0.0,0.0,0.0,0.0,0.0,6.0,4.242640687119285,2.5,3.774917217635375,1.0,1.224744871391589,0.0,0.0,2.75,2.277608394786075,26.25,6.49519052838329,0.0,0.0,0.0,0.0,1.75,1.7853571071357126,0.25,0.4330127018922193,1.96900726823648,1.5374381334147853,3.723510089007253,1.7920543776352449,39.92354589375342,37.71735737181556,75.79443540933427,14.524218634862166,-26.791911285705844,24.411443485099603,76.91261683924346,6.758473674961537,173.72646761974687,71.78659562613987,159.04752120658117,62.886719551572185,5.333333333333333
56,104_1,104,1.5496666666666667,1.6219042991359125,0.6666666666666666,0.4714045207910317,14.0,18.40289832245635,0.3333333333333333,0.4714045207910317,1.25,1.299038105676658,0.0,0.0,1.0,1.0,0.0,0.0,0.0,0.0,0.0,0.0,0.0,0.0,0.0,0.0,0.0,0.0,0.0,0.0,11.5,10.062305898749054,1.0,1.7320508075688772,0.0,0.0,0.0,0.0,8.0,7.516648189186454,22.5,12.99038105676658,0.0,0.0,0.0,0.0,1.0,1.0,0.25,0.4330127018922193,0.716849673905118,5.080091497434226,4.389440046722383,2.611264995392531,67.33873491888512,42.3783687973508,53.337595045222514,31.124610284804906,-17.145142216802498,10.35805602229296,70.11234341667954,47.06811693045625,228.8121200590268,137.01206131445915,64.625417346467,45.72813681483154,2.6666666666666665
57,104_1,104,2.395,1.8120575781874777,1.3333333333333333,0.9428090415820634,0.6666666666666666,0.4714045207910317,0.3333333333333333,0.4714045207910317,1.5,0.8660254037844386,0.0,0.0,0.75,0.82915619758885,0.0,0.0,1.75,3.031088913245535,1.25,2.165063509461097,0.25,0.4330127018922193,2.0,3.4641016151377544,0.0,0.0,1.75,3.031088913245535,5.25,9.093266739736606,0.75,0.4330127018922193,0.5,0.5,0.0,0.0,0.0,0.0,21.0,12.36931687685298,2.0,3.4641016151377544,0.75,1.299038105676658,0.0,0.0,0.0,0.0,-1.962476658243628,2.872895713966189,3.955828835250313,3.0816446671803184,8.704925370426565,12.978896300771586,50.03893595056831,35.136246239577865,-44.990919423140674,38.43503414610223,43.9250355888185,25.649047844632484,195.38485329969475,148.61296533827917,86.29408853537493,104.02149422942432,7.0
58,104_1,104,0.0,0.0,0.0,0.0,0.0,0.0,0.0,0.0,1.0,1.224744871391589,0.0,0.0,0.75,1.299038105676658,3.75,2.165063509461097,0.0,0.0,0.0,0.0,0.0,0.0,0.75,1.299038105676658,0.0,0.0,0.0,0.0,1.0,0.7071067811865476,0.25,0.4330127018922193,0.25,0.4330127018922193,0.0,0.0,0.5,0.5,22.5,8.986100377805714,1.5,2.598076211353316,1.0,1.7320508075688772,0.0,0.0,0.25,0.4330127018922193,1.3843193140663927,0.8044099224939685,3.5046383896802102,1.2266587010567864,40.909205918288414,12.914375913970582,67.02469113074469,10.770303857869832,-9.598218612322558,24.336111949479665,60.86966560489383,13.451164421631274,197.55796219058084,81.49570682226407,110.8977269276938,49.29130949344471,2.6666666666666665
59,104_1,104,1.734,2.452246317154947,0.3333333333333333,0.4714045207910317,0.0,0.0,0.0,0.0,0.0,0.0,0.0,0.0,0.25,0.4330127018922193,9.5,11.412712210513329,0.25,0.4330127018922193,0.25,0.4330127018922193,0.0,0.0,0.5,0.8660254037844386,0.0,0.0,0.25,0.4330127018922193,1.5,2.598076211353316,0.0,0.0,0.0,0.0,0.0,0.0,0.0,0.0,29.5,0.8660254037844386,1.0,1.7320508075688772,0.25,0.4330127018922193,0.0,0.0,0.0,0.0,1.4759207284751776,0.127795621051917,3.244582433651757,1.4308332688009586,31.361991573868885,58.28604378475178,54.65373840911069,18.97588043394418,38.01863615846365,71.21255303590875,45.29432433503423,18.45513649249796,207.5380493334208,28.92523269247481,88.24313707276495,43.1069413983128,1.6666666666666663
60,104_1,104,2.273333333333333,1.6075723588345532,0.6666666666666666,0.4714045207910317,1.6666666666666667,2.357022603955158,0.3333333333333333,0.4714045207910317,0.25,0.4330127018922193,0.0,0.0,1.0,1.224744871391589,6.75,9.98436277385793,0.25,0.4330127018922193,1.0,1.7320508075688772,0.0,0.0,1.25,2.165063509461097,0.0,0.0,0.5,0.8660254037844386,9.0,5.787918451395113,0.0,0.0,0.0,0.0,0.0,0.0,0.75,1.299038105676658,28.5,2.598076211353316,1.5,2.598076211353316,0.75,1.299038105676658,0.0,0.0,0.0,0.0,0.8307164214676124,1.007027809080993,3.527779357509275,1.1138142529213717,74.56721262640063,25.058681475164214,46.18801602369997,15.147602806546091,66.21396234826656,38.696985587370506,65.93561346993702,26.49540279695684,236.90366341901588,66.44354039108089,85.1041664561247,41.45879881073852,13.0
61,104_1,104,2.0403333333333333,1.570685695979802,1.3333333333333333,0.9428090415820634,0.0,0.0,0.0,0.0,0.5,0.5,0.0,0.0,0.75,0.82915619758885,6.0,10.392304845413264,2.0,2.0,2.5,2.5,0.0,0.0,2.75,2.277608394786075,0.0,0.0,2.0,2.0,9.75,6.015604707757983,0.0,0.0,0.0,0.0,0.0,0.0,2.75,3.631459761583488,24.25,0.4330127018922193,3.5,2.0615528128088303,2.5,2.5,0.25,0.4330127018922193,0.25,0.4330127018922193,-1.124964558755268,1.835083484801008,2.569362886148739,1.876023002815177,74.3087136500629,44.9692075307643,72.4523851536385,27.76890353635961,31.330168088388856,79.15310036448476,90.39922098909638,15.447597805920974,307.6325567491766,101.28171926441028,202.27064491880503,122.7537132420344,0.3333333333333333
62,104_1,104,1.681,1.201008187593518,1.3333333333333333,0.9428090415820634,0.0,0.0,0.0,0.0,0.0,0.0,0.0,0.0,0.5,0.5,5.0,7.516648189186454,1.5,1.5,2.0,2.0,0.0,0.0,4.0,3.082207001484488,0.0,0.0,2.5,2.5,14.5,8.558621384311845,0.25,0.4330127018922193,0.25,0.4330127018922193,0.0,0.0,0.0,0.0,23.25,2.947456530637899,3.25,2.384848003542364,0.75,0.4330127018922193,0.0,0.0,1.25,2.165063509461097,-1.6842941128753592,1.9772070107641104,7.777372714099455,4.262285637568142,-7.247135544243534,55.01733436401553,81.2665391105268,9.27185837530125,-12.859304242386216,78.38026215337229,71.04663709382385,8.422888665299883,187.56395957639603,74.86368810966893,163.68918279061683,61.86310713450883,2.333333333333333
63,104_1,104,5.186333333333333,7.334582938987662,0.3333333333333333,0.4714045207910317,0.0,0.0,0.0,0.0,0.0,0.0,0.0,0.0,0.0,0.0,6.5,8.958236433584458,0.0,0.0,0.0,0.0,0.0,0.0,0.0,0.0,0.0,0.0,0.0,0.0,6.5,4.031128874149275,0.75,1.299038105676658,0.0,0.0,0.0,0.0,0.0,0.0,27.25,3.031088913245535,0.75,0.4330127018922193,0.0,0.0,0.0,0.0,0.0,0.0,-0.3467519300145164,0.8878937245321367,2.6785733443744943,1.7443860867514631,44.41420527456895,37.77597772548932,78.06767236291614,10.299563494310476,16.79682345838188,52.343569334267926,81.59618714933004,11.211355273002756,164.2286348972218,34.265436809690534,65.41485223194874,31.37401458345067,1.3333333333333333
64,104_1,104,1.3006666666666666,1.2190707754497094,0.6666666666666666,0.4714045207910317,0.0,0.0,0.0,0.0,3.25,1.479019945774904,0.25,0.4330127018922193,0.75,1.299038105676658,4.75,1.299038105676658,0.0,0.0,0.0,0.0,0.0,0.0,1.5,1.6583123951777,0.0,0.0,0.0,0.0,0.25,0.4330127018922193,0.75,0.82915619758885,2.0,0.7071067811865476,0.0,0.0,0.75,0.4330127018922193,25.5,4.9749371855331,1.5,2.598076211353316,0.5,0.8660254037844386,0.25,0.4330127018922193,0.0,0.0,-0.2391700182314232,0.5810579401654613,2.183003781371617,0.6858027203985211,24.609462962358464,5.576771949902724,58.98503139711808,10.859104590415956,15.75836635029259,8.7505456438148,62.24990366575185,10.042867699632748,120.6952232830794,26.589967462460056,109.65812372742045,20.01614321426701,3.333333333333333
65,104_1,104,0.3333333333333333,0.4714045207910317,0.3333333333333333,0.4714045207910317,0.0,0.0,0.0,0.0,0.5,0.5,0.0,0.0,3.25,4.085033659592048,1.5,0.8660254037844386,0.0,0.0,2.0,3.4641016151377544,0.0,0.0,2.25,2.7726341266023544,0.0,0.0,0.0,0.0,5.0,4.06201920231798,1.25,1.299038105676658,2.75,3.631459761583488,0.0,0.0,1.0,1.224744871391589,25.5,7.794228634059948,0.0,0.0,0.0,0.0,0.25,0.4330127018922193,1.75,3.031088913245535,0.1399085695725392,2.6619952471046204,6.075230470223073,4.585533321635207,32.73468534196069,32.572612600412626,65.27231200248477,22.01757949906869,-16.056766701022116,49.744168575036845,56.62492524654391,5.792397516482089,194.7970863466383,69.99612654251666,149.01472677460688,50.96786608785887,7.333333333333333
66,104_1,104,1.3926666666666667,1.551902345152197,0.6666666666666666,0.4714045207910317,0.0,0.0,0.0,0.0,1.0,1.0,0.5,0.5,7.5,9.604686356149273,0.0,0.0,0.0,0.0,3.25,5.068283733178324,0.0,0.0,0.75,0.82915619758885,0.0,0.0,0.0,0.0,14.0,7.14142842854285,1.5,1.5,0.5,0.5,0.0,0.0,6.0,2.23606797749979,26.25,5.402545696243577,0.75,1.299038105676658,0.25,0.4330127018922193,0.25,0.4330127018922193,4.25,6.796138609534093,-1.6377556375577738,2.436168197355665,6.7194164796196905,4.661555153083492,74.6957755778842,69.31711476343654,73.45770612436868,45.23584689396455,-13.025809127667245,84.63843325598542,94.53781979846396,5.910342036458342,438.8497941936941,89.6800500490557,181.195760571706,34.70775781075716,4.666666666666666
67,104_1,104,1.0103333333333333,1.4288271025176171,0.3333333333333333,0.4714045207910317,733.0,1036.6185412194786,0.0,0.0,0.75,0.4330127018922193,0.0,0.0,6.25,8.671072598012312,0.25,0.4330127018922193,0.5,0.5,1.0,0.7071067811865476,0.0,0.0,1.75,0.82915619758885,0.0,0.0,1.0,0.7071067811865476,19.25,3.344772040064913,1.0,1.7320508075688772,0.75,1.299038105676658,0.0,0.0,15.75,1.6393596310755,27.25,1.7853571071357126,1.75,1.299038105676658,1.0,1.224744871391589,0.25,0.4330127018922193,0.0,0.0,-2.597954001465906,4.858805255230077,4.416362574749615,0.7041901990063392,84.91885944192492,20.46472621609769,102.24024314321856,6.506097356917952,-117.36787075688862,35.82439053187038,78.71622504986144,38.47833480877543,561.7195109756866,153.2756950304748,172.77130579861645,78.93234344361613,7.666666666666667
68,104_1,104,2.026333333333333,0.7739898075699849,1.6666666666666667,0.4714045207910317,0.0,0.0,648.0,916.4103884177656,0.0,0.0,0.0,0.0,1.5,2.0615528128088303,2.25,3.897114317029974,4.25,3.344772040064913,8.5,7.088723439378913,0.0,0.0,12.75,9.98436277385793,0.0,0.0,8.5,7.533259586659682,17.75,5.356071321407137,0.75,1.299038105676658,0.5,0.5,0.0,0.0,5.75,2.48746859276655,22.25,3.832427429188973,8.25,4.866980583482946,1.5,1.5,0.0,0.0,0.0,0.0,-2.612726431543128,2.493858257765772,4.723530537196902,0.7713634929149542,75.29569270457964,10.096703023132278,89.00889776529077,19.08947757287917,-73.51197076650345,66.11562826635412,85.66837158959518,38.56473539223175,382.53043513820006,80.01353789051298,181.3674833514976,95.54195832850463,12.666666666666666
69,104_1,104,3.749666666666666,4.448314312435917,0.6666666666666666,0.4714045207910317,0.0,0.0,18.33333333333333,25.927248643506744,0.0,0.0,0.0,0.0,3.0,4.636809247747852,5.25,4.763139720814412,0.0,0.0,0.0,0.0,0.0,0.0,0.5,0.5,0.0,0.0,0.0,0.0,9.0,2.549509756796392,1.25,1.0897247358851685,2.5,1.5,0.0,0.0,8.0,4.636809247747852,28.75,1.299038105676658,1.25,1.6393596310755,0.5,0.8660254037844386,2.25,2.48746859276655,2.0,2.9154759474226504,2.692895636015039,2.951577192605467,5.858925572342725,3.799903545209837,20.37934801556436,14.96489077990656,92.9257727710311,16.797661222153963,-21.35409725788196,31.504200270501865,93.67569887561278,6.766457884632367,210.5030241805299,73.43613013539053,150.34138061070556,38.199964626995225,1.3333333333333333
70,104_1,104,3.2503333333333337,3.977277153475171,0.6666666666666666,0.4714045207910317,0.0,0.0,0.0,0.0,0.0,0.0,0.0,0.0,0.25,0.4330127018922193,12.25,7.885905147793752,0.25,0.4330127018922193,0.5,0.8660254037844386,0.0,0.0,0.5,0.8660254037844386,0.0,0.0,0.5,0.8660254037844386,5.25,9.093266739736606,0.0,0.0,0.25,0.4330127018922193,0.0,0.0,0.0,0.0,27.75,2.48746859276655,0.5,0.8660254037844386,0.0,0.0,0.25,0.4330127018922193,0.0,0.0,0.6333491962838989,0.9618071811268006,3.3915906007467616,1.525556830540329,23.32597847960899,38.10495117197127,68.33896216612672,10.972350996989784,21.57300302651925,44.61094619808889,59.51568509813676,16.378174657170746,110.34607182738476,115.79538005052358,61.294940882307976,61.26511176598396,4.333333333333333
71,104_1,104,1.963,1.393055873490603,0.6666666666666666,0.4714045207910317,0.0,0.0,0.0,0.0,0.75,0.82915619758885,0.0,0.0,3.5,2.598076211353316,7.0,5.612486080160912,0.0,0.0,0.25,0.4330127018922193,0.0,0.0,0.25,0.4330127018922193,0.0,0.0,0.0,0.0,3.5,4.092676385936225,2.0,0.0,1.5,0.5,0.0,0.0,1.0,1.224744871391589,24.0,3.391164991562634,1.0,1.224744871391589,0.5,0.8660254037844386,0.0,0.0,0.0,0.0,0.2239996425445662,2.156301099838572,4.0757318119046335,0.2504236439213911,5.915090271916732,5.929691654367286,68.9300274809678,7.053896582300473,10.005978868066675,4.98597867034703,75.0544200552256,5.764858600691317,128.43104803485485,122.81837259781815,97.03844970867075,105.26073481659054,1.3333333333333333
72,104_1,104,0.4996666666666667,0.7066353766657566,0.3333333333333333,0.4714045207910317,0.0,0.0,0.0,0.0,0.75,0.82915619758885,0.0,0.0,0.75,1.299038105676658,16.25,9.390819985496474,0.5,0.8660254037844386,0.25,0.4330127018922193,0.0,0.0,1.5,2.598076211353316,0.0,0.0,0.5,0.8660254037844386,4.5,7.794228634059948,0.5,0.5,1.75,2.48746859276655,0.0,0.0,0.25,0.4330127018922193,25.75,2.165063509461097,1.75,3.031088913245535,0.25,0.4330127018922193,0.0,0.0,0.0,0.0,-0.0145186457061457,0.830962047717806,4.652668346239774,2.721448851091288,-35.28527927859177,21.04755799918659,73.88850269966449,13.879602149608663,-10.721030041717544,22.232918611847484,63.59670474573261,31.44521067392279,108.15570634920635,143.93869409685374,80.08898653027299,76.04964800266731,6.333333333333333
1,105_2,105,6.720000000000001,3.82210648726589,2.8,1.6,0.0,0.0,0.0,0.0,3.8,2.1354156504062622,0.6,0.7999999999999999,4.2,4.749736834815167,1.4,2.8,0.4,0.4898979485566356,0.0,0.0,0.0,0.0,0.0,0.0,0.0,0.0,0.4,0.4898979485566356,5.2,6.368673331236264,17.6,7.002856560004639,9.0,2.683281572999748,0.0,0.0,0.4,0.8000000000000002,22.2,4.874423042781576,0.0,0.0,0.0,0.0,0.0,0.0,1.6,1.9595917942265424,0.4834888888888891,4.646752122520433,6.900874327198187,3.3240208784638963,51.72604444444445,42.089954025217686,61.47371567906799,18.334114957256563,-5.22285555555556,83.50052334780622,63.16536040765093,19.718558861129694,219.38692777777777,43.28590309515856,159.30569315744395,121.22861556260236,5.5
2,105_2,105,3.535,2.505610025522727,1.8,1.1661903789690602,0.0,0.0,0.0,0.0,6.8,7.934733769950949,2.8,3.487119154832538,5.0,5.366563145999495,1.4,1.4966629547095764,0.0,0.0,0.0,0.0,0.0,0.0,0.0,0.0,0.0,0.0,0.0,0.0,2.8,3.487119154832538,15.8,3.762977544445356,6.6,3.6110940170535577,0.0,0.0,0.2,0.4000000000000001,21.4,6.3118935352238,0.0,0.0,0.0,0.0,0.0,0.0,7.0,8.17312669668102,3.0610952380952385,3.5225904570847675,7.338216422175334,2.4551689988924825,58.3099126984127,12.273419407232456,68.11032068940338,11.687431976938605,17.41511111111111,60.74695420617532,65.72656833121654,20.20673927429792,194.0459007936508,58.37890487249754,76.81688865934713,30.295804799596105,6.5
3,105_2,105,0.8550000000000001,0.4464853860990301,0.8,0.4,0.0,0.0,0.0,0.0,13.4,10.05186549850325,5.4,8.867919710958146,0.0,0.0,3.6,5.238320341483519,2.8,3.4292856398964493,3.0,3.687817782917155,0.0,0.0,4.0,4.898979485566356,0.0,0.0,3.0,3.687817782917155,4.6,5.276362383309167,20.4,6.086049621881176,20.4,3.4409301068170506,0.0,0.0,1.0,2.0,22.0,8.648699324175862,1.6,1.3564659966250538,0.4,0.8000000000000002,0.0,0.0,0.0,0.0,1.003202054348496,2.169788073779894,4.765764361551382,1.655528461744804,41.70226944214976,27.66186152708661,84.37747156692517,14.88104069149929,-6.383248053341712,84.56396973605669,88.89972805766402,13.24926415217651,421.0636701095252,219.8061832669584,204.3728483585332,158.11280355351838,12.0
4,105_2,105,3.204,3.926413070475392,0.8,0.7483314773547883,0.4,0.8000000000000002,0.4,0.8000000000000002,15.4,9.393614852653904,4.6,4.882622246293481,1.8,2.227105745132009,2.4,3.2,5.4,6.62117814289874,3.6,4.409081537009721,0.0,0.0,5.6,6.858571279792899,0.0,0.0,6.0,7.3484692283495345,6.0,7.37563556583431,17.2,8.35224520712844,23.0,2.449489742783178,0.0,0.0,0.2,0.4000000000000001,20.0,11.081516141756056,0.6,0.8,0.0,0.0,0.0,0.0,0.0,0.0,1.5248698412698414,3.403084823315276,5.59181543721831,1.365101582649511,48.79254603174604,53.04782687734558,75.8166203510049,16.967518045606468,19.37467619047619,96.1758956456596,78.73048968948419,31.12250400202988,416.95731507936506,230.9411708638476,208.13798447378048,194.9725191203062,6.5
5,105_2,105,2.5172,2.082637692926929,1.0,0.6324555320336759,0.0,0.0,0.0,0.0,15.4,3.6110940170535577,8.8,4.621688003316537,0.2,0.4000000000000001,6.0,3.1622776601683795,5.6,6.858571279792899,4.2,5.1536394906900505,0.0,0.0,6.2,7.6,0.0,0.0,6.4,7.83836717690617,7.2,8.818163074019441,16.8,6.431174076325411,14.2,4.955804677345547,0.0,0.0,0.4,0.8000000000000002,22.2,7.19444229944198,2.8,3.487119154832538,0.0,0.0,0.0,0.0,0.0,0.0,0.3798888888888888,3.019505915759835,4.741177754077381,2.216087877217509,27.97927777777778,51.89885327582565,91.12389494880824,24.70499317109536,-30.427166666666665,96.42718138805284,92.74625776029788,49.96049690734572,497.06158333333343,314.1405513160294,166.6765795759017,111.08516508194604,13.5
6,105_2,105,5.117800000000001,4.155962146122123,1.4,0.8,0.0,0.0,0.0,0.0,17.4,4.17612260356422,5.6,3.0724582991474434,0.0,0.0,9.4,3.720215047547655,2.4,2.939387691339814,1.8,2.227105745132009,0.0,0.0,4.8,5.912698199637793,0.0,0.0,3.2,3.919183588453085,4.0,4.898979485566356,17.8,8.997777503361595,16.4,5.953150426454887,0.0,0.0,0.6,1.2,19.6,10.725670142233538,5.2,6.368673331236264,0.0,0.0,0.0,0.0,0.0,0.0,2.2944444444444447,2.206460442982141,5.763754385639612,2.0321799873701525,67.98667460317459,18.865606397243145,72.88391672525456,15.102825571787228,11.813706349206347,77.94045718813022,95.03295065668748,13.7973835468366,467.2122658730159,267.8699839060858,177.196173199339,97.54877581387062,14.0
7,105_2,105,3.3364000000000003,2.051038917231948,1.6,1.019803902718557,1.2,2.4,0.8,1.6,9.6,9.810198774744576,3.2,4.1182520563948,0.0,0.0,6.8,6.61513416341649,2.8,3.4292856398964493,2.8,3.4292856398964493,0.0,0.0,2.8,3.4292856398964493,0.0,0.0,2.8,3.4292856398964493,3.0,3.687817782917155,13.6,5.388877434122992,16.2,5.706137047074843,0.0,0.0,0.0,0.0,20.2,6.584831053261731,1.2,1.469693845669907,0.0,0.0,0.0,0.0,0.0,0.0,0.3457041514041514,3.1339067709234727,5.084223903594524,3.3734299765580475,50.45808095238094,12.815602016189072,71.15294833444607,9.40532136352529,16.435999877899878,60.1437018061012,89.69767081253005,9.68897668123839,244.6439898656899,65.41547703949531,195.49278964915092,149.7264511441522,14.0
8,105_2,105,4.303400000000001,5.240693793764334,1.4,1.019803902718557,0.0,0.0,0.4,0.8,10.0,3.898717737923585,0.8,0.7483314773547883,0.0,0.0,10.2,8.795453370918409,0.2,0.4,0.0,0.0,0.0,0.0,0.0,0.0,0.0,0.0,0.2,0.4,0.2,0.4,8.8,7.678541528180987,8.0,3.63318042491699,0.0,0.0,0.0,0.0,23.4,5.122499389946279,0.0,0.0,0.0,0.0,0.0,0.0,0.0,0.0,0.1004407786776568,2.155803701839876,3.5019967661479847,1.5123739390091584,65.20048513558052,29.80394083146031,54.663881307932456,10.412643198191075,21.568018547449505,73.564796494777,73.69793288091077,13.734922509136462,163.44459518970274,48.2750075652398,134.871387133374,84.64767323389586,13.5
9,105_2,105,2.1462,3.757973730616008,0.6,0.7999999999999999,0.0,0.0,0.0,0.0,10.2,10.4,2.2,2.9933259094191533,0.6,0.8,9.0,10.158740079360236,0.0,0.0,0.0,0.0,0.0,0.0,0.0,0.0,0.0,0.0,0.0,0.0,0.0,0.0,9.0,9.359487165438072,10.0,8.899438184514796,0.0,0.0,0.2,0.4,26.8,2.1354156504062622,0.0,0.0,0.0,0.0,0.0,0.0,0.0,0.0,0.0909288256253169,3.710954963806352,3.6382764219171584,1.4081285172826754,94.72618972573886,17.508328195333164,48.2767312926088,10.00355727807622,-46.30730833351184,60.67611204333057,79.14444585609652,29.583826051059063,116.42314001278125,27.69753633883776,94.93180795311068,30.06660762487305,13.5
10,105_2,105,4.1218,2.4746372178563867,1.4,0.8,2.0,4.0,0.8,1.6,12.2,9.558242516278815,4.2,4.995998398718719,0.0,0.0,7.8,11.285388783732706,2.8,3.487119154832538,4.6,5.642694391866353,0.0,0.0,6.2,7.6,0.0,0.0,4.2,5.1536394906900505,7.2,8.034923770640267,16.6,10.031948963187562,14.4,8.777243302996677,0.0,0.0,1.2,2.4000000000000004,19.6,9.221713506718803,4.0,4.939635614091388,0.2,0.4,0.0,0.0,0.0,0.0,1.6168174796747965,2.608431946315052,3.751506028267145,2.0165884889652257,76.98238458510775,25.95588606995121,76.24286448675728,45.46791613882759,36.87876993160408,46.64854081875667,86.40446891120659,53.76520794633346,560.2287980126468,561.3088115883836,307.21427812485257,339.76665645857736,13.0
11,105_2,105,1.8454,1.7905535010158171,0.8,0.7483314773547883,0.0,0.0,0.0,0.0,12.2,6.462197768561405,6.8,5.192301994298868,0.0,0.0,8.8,9.66229786334493,4.2,5.230678732248808,5.8,7.11055553385247,0.0,0.0,9.2,11.26765281680262,0.0,0.0,5.4,6.62117814289874,9.4,10.725670142233538,11.8,8.51821577561874,14.8,9.086253353280435,0.0,0.0,0.0,0.0,17.6,13.275541420220872,4.8,5.878775382679628,0.6,0.8,0.0,0.0,0.0,0.0,1.6692566137566138,2.741279803864418,5.282015403353333,2.3353888578948503,79.86214761904763,33.18096882920291,77.16310111340911,38.9609559531822,72.22173597883598,75.57656363243788,71.55009959861891,11.82546570150486,762.0765539682541,696.4420325542861,323.54377057529075,333.0983816273615,13.0
12,105_2,105,2.3868,2.6157263924195133,0.8,0.7483314773547883,0.0,0.0,0.0,0.0,10.6,5.425863986500215,5.4,5.986651818838307,0.0,0.0,3.4,4.882622246293481,4.6,5.642694391866353,5.4,6.62117814289874,0.0,0.0,6.0,7.37563556583431,0.0,0.0,4.0,4.898979485566356,6.8,7.194442299441979,18.0,9.899494936611664,21.2,9.907572861200668,0.0,0.0,0.0,0.0,15.8,10.81480466767662,3.2,3.919183588453085,0.6,0.8,0.6,1.2,0.0,0.0,1.875,5.475701657502471,6.70790402380293,2.767812206403751,100.6088888888889,30.47967397998092,60.659869568680485,21.55057936168427,81.99361111111111,64.64231461819364,84.15209173511944,29.005038518488146,503.4320833333333,397.0187181897795,282.1562400848147,277.3536502480381,13.75
13,105_2,105,2.9024,1.9689937125344004,1.8,1.1661903789690602,5.4,8.522910301065009,0.8,1.6000000000000003,9.4,9.666436778875658,5.0,6.06630035524124,0.0,0.0,6.6,8.93532316147547,5.6,6.858571279792899,8.4,10.3072789813801,0.0,0.0,8.6,10.537551897855591,0.0,0.0,6.4,7.83836717690617,10.2,11.702991070662234,12.2,8.084553172563094,20.2,5.528109984434101,0.0,0.0,0.6,1.2000000000000002,18.8,10.721940122944169,6.8,8.352245207128439,4.4,5.388877434122992,0.0,0.0,0.2,0.4,1.713849206349206,6.709635944853615,8.214930384910515,7.461432839765681,102.83909523809524,24.34073360315239,71.4286409660348,8.161595162289972,63.021079365079366,81.409360991561,89.3546120954107,22.36636305483032,771.9983214285714,683.853635776318,319.9254688643298,353.3893656538531,13.5
14,105_2,105,1.9792,2.2098653714649683,0.8,0.7483314773547883,9.2,14.330387294138283,0.0,0.0,11.8,7.756287771866126,6.2,4.664761515876241,0.2,0.4,6.0,8.694826047713663,5.8,7.11055553385247,5.6,6.858571279792899,0.0,0.0,6.8,8.328265125462805,0.0,0.0,6.2,7.6,9.6,10.248902380255164,13.8,5.30659966456864,23.4,1.854723699099141,0.0,0.0,0.6,0.7999999999999999,20.6,9.991996797437436,3.2,3.919183588453085,1.6,1.9595917942265424,0.0,0.0,0.4,0.4898979485566356,0.0851899659863947,6.465907803207773,6.417927625126661,6.443346118093101,90.47846695011336,31.548145121206115,76.23085762343091,10.150730475383217,47.20891729024943,49.16744109748913,113.1428358742566,25.6923030186172,637.3685846088435,509.01737030196057,340.63636947127696,333.61651025547246,13.75
15,105_2,105,3.6104,2.837065286524087,1.2,0.7483314773547883,0.4,0.8,0.0,0.0,9.2,10.10742301479462,2.4,4.317406628984581,0.0,0.0,0.4,0.4898979485566356,3.6,4.409081537009721,4.2,5.1536394906900505,0.0,0.0,8.4,10.287856919689348,0.0,0.0,6.8,8.328265125462805,12.0,14.296852800529214,15.2,9.042123644365851,18.4,9.393614852653904,0.0,0.0,0.0,0.0,21.0,6.782329983125268,2.8,3.4292856398964493,0.8,0.9797958971132712,0.0,0.0,0.4,0.4898979485566356,0.8763888888888889,4.276516206469647,6.700743854700709,4.039398174430435,62.28182539682539,62.40412716737104,70.42166090410859,14.04891129370398,19.450476190476188,45.4159653583402,105.33778235926306,26.59160851654812,636.8165119047619,586.6695613189235,166.17951901895944,139.85343312119326,14.0
16,105_2,105,1.378,1.872255003999188,0.6,0.4898979485566356,0.0,0.0,0.0,0.0,8.8,7.30479294709987,3.2,2.227105745132009,0.2,0.4000000000000001,2.2,3.124099870362662,4.6,5.642694391866353,5.6,6.858571279792899,0.0,0.0,7.0,8.579044235810887,0.0,0.0,6.0,7.3484692283495345,7.6,9.329523031752482,16.8,2.56124969497314,21.6,1.743559577416269,0.0,0.0,0.4,0.8000000000000002,17.0,8.67179335547152,4.8,5.878775382679628,1.4,1.743559577416269,0.0,0.0,0.0,0.0,-1.7223888888888894,6.981215465115682,10.269591493605388,6.5700190974052965,67.6715,56.45939573295896,71.36749141112635,11.64856173263376,62.04227777777778,62.33300859451953,82.96071323032477,21.29584616421165,536.5801944444444,460.683043165042,331.42823166957845,321.67835786642667,7.0
17,105_2,105,3.4516,3.298671769060996,1.4,1.019803902718557,0.2,0.4000000000000001,0.2,0.4000000000000001,6.8,4.354308211415448,0.8,0.7483314773547883,0.0,0.0,0.4,0.8000000000000002,4.0,4.939635614091388,5.8,7.11055553385247,0.0,0.0,8.8,10.796295661012625,0.0,0.0,6.6,8.089499366462674,11.4,12.753038853543888,14.4,9.090654541890808,21.2,4.445222154178573,0.0,0.0,0.4,0.8000000000000002,15.4,9.951884243699784,7.6,9.329523031752482,0.0,0.0,0.0,0.0,0.0,0.0,1.79362148962149,5.287289434347835,6.068616540136656,2.7311823526982364,45.63602197802199,57.19988145812897,88.2343244223127,42.03264601517809,55.93037851037851,44.43962703437826,106.70658834373596,20.76561261005145,782.3952069597069,716.7848515816463,288.2029286434718,276.75334106999054,6.0
18,105_2,105,3.332,3.502570655961133,1.0,1.095445115010332,0.0,0.0,0.0,0.0,12.0,8.740709353364863,2.2,3.4292856398964493,0.2,0.4000000000000001,0.8,0.7483314773547883,4.6,5.642694391866353,5.2,6.368673331236264,0.0,0.0,7.6,9.329523031752482,0.0,0.0,5.8,7.110555533852471,9.8,12.006664815842909,15.4,5.953150426454887,20.8,7.678541528180987,0.0,0.0,0.0,0.0,21.2,5.74108003776293,3.6,4.409081537009721,0.0,0.0,0.0,0.0,0.2,0.4,-2.0925603602791822,5.404837715670111,7.134190477073896,5.266753273596232,28.226587909643108,36.23838663662729,91.2450223882468,23.779049870132805,-37.86285250717373,51.17844235764255,99.34525091357892,28.297324470719364,550.0668336949886,447.1369997172495,170.59423831393087,160.41333018246746,14.0
19,105_2,105,1.8474,1.6934421277386482,0.8,0.7483314773547883,0.0,0.0,0.0,0.0,10.0,7.771743691090179,2.0,1.4142135623730951,0.2,0.4000000000000001,3.4,2.8,3.4,4.176122603564219,3.4,4.176122603564219,0.0,0.0,4.6,5.642694391866353,0.0,0.0,4.0,4.898979485566356,4.8,5.878775382679628,14.6,6.343500610861483,16.2,7.386474125047755,0.0,0.0,0.0,0.0,24.0,5.796550698475776,2.2,2.712931993250108,0.0,0.0,0.0,0.0,0.2,0.4,-0.9710834457939724,4.3704842521914005,6.651128696339174,3.892212852339002,76.02512594520489,17.10646598719173,60.739208353158986,13.827739364363342,30.692061966883024,66.53689182478334,86.1240998281104,21.425864304920704,427.6300594670437,236.7050818871162,363.6829862991548,345.2230426705757,14.0
20,105_2,105,3.068,3.0984715586882507,0.6,0.4898979485566356,0.2,0.4,0.0,0.0,10.2,9.785703858180051,2.0,3.0983866769659336,0.0,0.0,4.8,6.1773780845922,0.0,0.0,0.0,0.0,0.0,0.0,0.0,0.0,0.0,0.0,0.0,0.0,0.0,0.0,8.2,8.304215796810679,10.2,9.453041838477178,0.0,0.0,0.0,0.0,18.4,11.019981851164728,0.0,0.0,0.0,0.0,0.0,0.0,0.0,0.0,-1.676415584415584,5.743357951019498,4.187259423058639,3.532121361316179,28.01100216450217,50.06272192831322,48.444511793575394,22.611711791155653,4.441059884559887,44.74911162402272,83.9228802375262,30.53835823412289,191.156227994228,121.54745032369055,95.81439195594888,18.865695336787564,13.75
21,105_2,105,3.2938,2.410311216419988,1.4,1.019803902718557,3.2,6.4,0.4,0.8,15.8,6.968500556073738,7.6,7.172168430816443,0.4,0.4898979485566356,5.0,6.033241251599343,5.4,6.62117814289874,6.0,7.3484692283495345,0.0,0.0,6.2,7.6,0.0,0.0,6.0,7.37563556583431,6.4,7.83836717690617,18.4,6.916646586316233,19.8,5.912698199637793,0.0,0.0,0.2,0.4000000000000001,15.4,9.178235124467012,4.6,5.642694391866353,2.2,2.85657137141714,0.0,0.0,0.0,0.0,-1.6751292313819195,5.362250929998583,6.271594334001532,2.6837877551973786,93.9372709532602,44.75999440627232,65.59157418826416,14.26061229122442,45.888985482060754,70.0863550074145,101.36721329381622,28.05081722801836,644.2686558053654,448.21695366943874,443.982857605465,455.32992683892405,14.0
22,105_2,105,1.3996,1.3217068661393871,0.6,0.4898979485566356,9.8,19.6,0.0,0.0,9.6,9.024411338142782,2.4,4.317406628984581,0.4,0.4898979485566356,5.0,7.071067811865476,0.0,0.0,0.0,0.0,0.0,0.0,0.0,0.0,0.0,0.0,0.0,0.0,0.4,0.4898979485566356,9.6,3.0066592756745814,11.4,5.851495535331118,0.0,0.0,0.2,0.4000000000000001,29.0,1.095445115010332,0.0,0.0,0.0,0.0,0.0,0.0,0.0,0.0,-2.9195042735042733,4.174328532429406,6.761316822627238,6.230734672427282,17.123953846153846,54.46932760300104,63.24162537726844,16.89518727966843,27.301364102564104,99.8300300071096,69.14986237352264,24.87678916579996,220.11805470085469,51.75095126586344,79.6202253180785,20.328769266930244,14.0
23,105_2,105,0.8493999999999999,1.1163855248076269,0.4,0.4898979485566356,3.6,7.200000000000001,0.0,0.0,6.6,4.029888335921977,0.0,0.0,0.0,0.0,3.2,4.955804677345548,0.0,0.0,0.0,0.0,0.0,0.0,0.0,0.0,0.0,0.0,0.0,0.0,0.0,0.0,9.4,6.216108107168021,13.0,5.403702434442518,0.0,0.0,0.2,0.4000000000000001,30.0,0.0,0.0,0.0,0.0,0.0,0.0,0.0,0.0,0.0,-2.074977777777778,2.298909000932377,2.9585225683954657,0.816870284486719,48.8801,55.04557211111535,58.756379284088936,28.295641083367062,9.576411111111112,122.48553057478732,70.03542716031076,12.90515513912104,198.3501388888889,33.077715554144056,45.70922280411373,25.263522890872213,14.0
24,105_2,105,1.6938000000000002,2.6481389993729563,0.6,0.8,10.0,20.0,0.0,0.0,12.0,8.461678320522472,6.6,7.059745037889116,0.0,0.0,7.0,4.242640687119285,4.0,4.898979485566356,4.0,4.898979485566356,0.0,0.0,4.6,5.642694391866353,0.0,0.0,4.2,5.1536394906900505,5.2,6.368673331236264,16.8,1.6,20.0,3.03315017762062,0.0,0.0,1.2,1.939071942966532,22.2,6.997142273814361,3.8,4.664761515876241,2.2,2.712931993250108,0.0,0.0,0.0,0.0,-0.8499518372985436,4.353712113470721,7.341667109236357,4.426349554924384,89.86887127431075,26.79931222006132,73.91516160155376,23.004780678939145,64.4960668729058,72.04060429566542,85.14907162601472,34.767463467466335,505.4469149989894,355.4608793832118,347.199818685123,394.33632958435805,14.0
25,105_2,105,3.5093999999999994,3.2151884299368825,1.4,1.2000000000000002,2.8,5.6,0.0,0.0,13.0,12.116104984688768,6.0,8.270429251254134,0.4,0.4898979485566356,4.8,5.706137047074841,0.0,0.0,0.4,0.4898979485566356,0.0,0.0,0.2,0.4,0.0,0.0,0.0,0.0,0.0,0.0,15.8,9.19565114605812,16.0,9.359487165438072,0.0,0.0,0.4,0.8000000000000002,21.0,10.69579356569675,0.0,0.0,0.0,0.0,0.0,0.0,0.0,0.0,-2.2138820105820107,5.216909607875548,6.327767042620926,5.084410598249602,39.96564585537919,19.10834721239265,77.87727426476997,12.452122031361991,-18.97998641975308,74.90119655158075,80.69497099860001,8.264911292061107,151.19982469135803,85.48377699064882,84.55668620728243,50.79746527380301,14.0
26,105_2,105,1.216,1.2178320081193463,0.6,0.4898979485566356,0.0,0.0,0.0,0.0,16.6,4.127953488110059,4.6,2.576819745345025,0.0,0.0,3.2,6.400000000000001,0.4,0.4898979485566356,0.8,0.9797958971132712,0.0,0.0,0.8,0.9797958971132712,0.0,0.0,0.8,0.9797958971132712,0.8,0.9797958971132712,20.8,4.995998398718719,13.8,7.573638491504595,0.0,0.0,0.0,0.0,22.8,6.910861017268398,0.2,0.4,0.0,0.0,0.0,0.0,0.0,0.0,-4.596206878306878,8.472699225927578,7.229477842830694,4.256862502359313,51.108001058201054,12.52926537500578,64.40203112452618,17.88885188097951,18.424870899470896,93.15931385564254,54.1795952358458,10.596760567767571,268.6893817460317,110.13963435488986,118.46287881515076,78.74936319669034,14.0
27,105_2,105,2.5327999999999995,2.28808770810911,0.8,0.7483314773547883,4.0,8.0,0.4,0.8000000000000002,13.4,2.870540018881465,1.8,1.939071942966532,0.0,0.0,3.6,4.586937976471886,0.0,0.0,0.0,0.0,0.0,0.0,0.0,0.0,0.0,0.0,0.0,0.0,0.0,0.0,19.0,9.736529155710468,17.6,10.781465577554844,0.0,0.0,0.0,0.0,19.6,12.338557452149743,0.0,0.0,0.0,0.0,0.0,0.0,0.4,0.4898979485566356,-0.487842493030665,4.374876627965144,6.324309028165616,3.0778657819376694,77.74284149741139,22.288435471223178,64.11149401551856,15.720090768224576,11.972035045798478,93.21279799153665,72.34492068552996,21.813076830429416,329.73699721226603,157.03025227389367,80.32531486077363,38.043897813410446,14.0
28,105_2,105,1.4078,1.7279708793842563,0.4,0.4898979485566356,1.6,3.2,1.0,2.0,12.2,6.939740629158989,1.2,1.939071942966532,0.4,0.4898979485566356,3.6,4.841487374764082,3.2,3.919183588453085,3.2,3.919183588453085,0.0,0.0,3.2,3.919183588453085,0.0,0.0,3.2,3.919183588453085,3.2,3.919183588453085,17.6,4.963869458396342,19.2,7.19444229944198,0.0,0.0,0.4,0.8000000000000002,19.0,13.475904422338411,2.0,2.449489742783178,0.0,0.0,0.0,0.0,0.0,0.0,0.0674682539682537,3.622352903788752,4.54819979205255,1.577232345947322,99.99216666666666,13.357646183199924,58.83209600294841,8.44593931942161,5.16557142857143,59.74160372157643,115.262899836395,11.45226512104924,406.4380238095238,236.6646847768004,138.2224079556576,117.02080798554988,14.0
29,105_2,105,4.8746,3.182382290046248,1.6,1.019803902718557,1.0,1.2649110640673518,1.4,1.9595917942265424,11.4,9.830564581955606,1.2,2.4000000000000004,0.0,0.0,4.8,2.638181191654584,4.0,4.898979485566356,6.0,7.37563556583431,0.0,0.0,8.2,10.047885349664377,0.0,0.0,4.8,5.878775382679628,8.0,9.402127418834526,10.4,8.333066662399863,12.8,8.611620056644394,0.0,0.0,0.0,0.0,20.8,10.067770358922576,8.0,9.797958971132712,1.8,2.227105745132009,0.0,0.0,0.2,0.4,1.533561850667047,3.553067319883499,6.900351581818228,4.737162370590563,65.2057603292654,23.898224740716607,76.33719248999401,6.17069863634345,8.296403755585336,48.65702849263135,105.95886210007484,18.471622697475247,626.7344372528944,541.0869041544811,371.04014910148607,406.8682997753572,14.0
30,105_2,105,2.0414000000000003,1.3134623862143902,1.0,0.6324555320336759,7.8,14.147791347061917,0.8,1.6,11.2,8.23164625090267,2.0,3.0983866769659336,0.0,0.0,5.6,4.923413450036469,6.6,8.089499366462674,7.2,8.818163074019441,0.2,0.4,8.2,10.047885349664377,0.0,0.0,7.8,9.15204895091804,10.0,11.454256850621082,13.8,9.96794863550169,12.6,7.552483035399682,0.0,0.0,0.6,1.2000000000000002,18.8,10.721940122944169,6.4,7.83836717690617,3.8,4.664761515876241,0.0,0.0,0.0,0.0,2.2824160630667434,3.554115849038765,5.534797150923472,3.4608802980597013,82.65678622157068,44.39256370601217,72.8974766722512,9.025787389012397,46.27039817717976,99.38929427397105,78.71143339844649,2.9708189328394714,651.6573907420291,574.0560188627855,329.5390730750775,315.66473111262263,14.0
31,105_2,105,5.608600000000001,3.2124295229623328,1.8,0.9797958971132712,12.2,15.025311976794358,0.2,0.4,10.4,9.748846085563152,4.8,6.1773780845922,0.2,0.4000000000000001,3.8,3.919183588453085,3.8,4.664761515876241,4.2,5.1536394906900505,0.0,0.0,7.0,8.579044235810887,0.0,0.0,4.8,5.878775382679628,7.6,9.308061022576078,12.2,8.084553172563094,14.2,8.084553172563094,0.0,0.0,0.0,0.0,20.4,8.309031231136396,3.2,3.9698866482558417,0.4,0.4898979485566356,0.0,0.0,0.4,0.4898979485566356,1.5184958633958634,5.059516052815501,5.324072157905869,1.7737455514354246,87.08273009459676,11.482504945788266,69.00175328961589,4.5020110086091325,66.17885884239217,63.092440624768784,89.45233313236226,27.462240664568004,425.7862637726471,301.0281949958379,189.83789935726327,177.70233861241786,14.0
32,105_2,105,2.0558,1.721404356913273,1.0,0.8944271909999159,9.8,13.717142559585795,2.8,4.66476151587624,9.4,10.051865498503252,5.8,6.734983296193095,0.0,0.0,5.8,9.620810776644555,5.6,6.887670143089026,5.4,6.62117814289874,0.0,0.0,7.2,8.818163074019441,0.0,0.0,5.6,6.858571279792899,8.6,9.024411338142782,13.8,8.726969691708572,19.6,5.885575587824865,0.0,0.0,1.4,2.8,17.0,9.939818911831342,4.4,5.425863986500215,0.6,0.8,0.0,0.0,0.0,0.0,0.9470674559193504,3.650284119509093,5.5970541100495215,5.467929673509489,108.65010368188794,13.067235650678596,57.823612152878844,16.866916573063964,55.3035599342983,35.87360090291093,107.0866816640001,24.213095098371163,434.7908401181397,323.9466632066316,223.3860806095336,228.5355022800902,14.0
33,105_2,105,1.3565999999999998,1.2740029199338596,0.6,0.4898979485566356,5.8,7.166589146867566,0.8,1.1661903789690602,8.4,10.011992808627062,2.6,3.878143885933064,0.0,0.0,4.0,5.513619500836088,7.6,9.329523031752482,8.4,10.287856919689348,0.0,0.0,9.2,11.26765281680262,0.0,0.0,8.0,9.797958971132712,9.6,11.757550765359255,12.6,7.49933330370107,14.2,4.354308211415448,0.0,0.0,1.0,2.0,18.8,10.571660229122008,4.0,4.898979485566356,2.0,2.449489742783178,0.0,0.0,0.0,0.0,1.8501772486772488,3.4303634554265487,4.193684919131086,2.0383191642632466,93.3564417989418,18.56124411844297,72.73996759826893,22.21351962202801,81.24469841269841,19.372964047949644,98.12918339844438,21.4680589992996,467.4555224867725,391.40459565555096,236.52483403268624,249.40991066314928,14.0
34,105_2,105,0.6314,0.8956578811130955,0.4,0.4898979485566356,0.0,0.0,0.0,0.0,8.6,3.4985711369071804,2.4,1.624807680927192,0.2,0.4000000000000001,3.8,3.762977544445356,6.2,7.6,7.4,7.939773296511683,0.0,0.0,8.0,9.033271832508971,0.0,0.0,6.4,7.83836717690617,10.0,9.23038460737146,15.2,6.4,19.4,3.826225293941798,0.0,0.0,0.4,0.8000000000000002,19.4,9.112628599915611,2.6,3.2,0.0,0.0,0.0,0.0,0.8,1.1661903789690602,2.47609098383366,3.781410501709811,6.625036763605176,3.3678919391324045,100.23024960511556,19.294072231047465,71.87695748861334,18.027912505901583,5.2233695466818055,31.01436334602737,125.91472502442916,15.325556925244468,415.7108583303963,271.74039536827206,176.61294289493753,146.34141632956272,14.0
35,105_2,105,3.4946,3.648623883055089,1.0,0.8944271909999159,9.4,10.836973747315254,0.8,0.9797958971132712,11.4,9.728309205612248,6.8,11.124747188138704,0.0,0.0,4.4,7.310266752998827,7.2,8.818163074019441,7.0,8.579044235810887,0.0,0.0,7.6,9.308061022576078,0.0,0.0,7.2,8.818163074019441,8.0,9.011104260855047,13.8,8.704022058795578,20.4,6.437390775772433,0.0,0.0,3.6,4.454211490264018,18.6,11.586198686368192,5.4,6.62117814289874,0.4,0.4898979485566356,0.0,0.0,0.8,0.9797958971132712,1.1576333880678706,2.0929027829366147,4.535209018366421,4.130177398434934,111.3203305039788,12.63354730863769,61.33176061471212,12.915670849954092,100.84820476190475,49.387566395590106,87.6627241727553,41.23808673976701,461.5550108858574,311.631328821605,213.461501140372,200.9159239662376,14.0
36,105_2,105,1.152,0.9567196036457076,0.6,0.4898979485566356,4.4,6.590902821313633,1.0,2.0,10.0,8.78635305459552,5.4,5.083306010855534,0.0,0.0,3.6,3.878143885933064,5.4,6.62117814289874,5.2,6.368673331236264,0.0,0.0,6.6,8.089499366462674,0.0,0.0,6.4,7.83836717690617,8.0,7.974960814950754,14.8,5.075431016179809,15.6,3.4409301068170506,0.0,0.0,2.2,4.4,20.0,10.256705123966467,4.4,5.388877434122992,0.4,0.4898979485566356,0.0,0.0,0.2,0.4,2.1728063341581403,1.6506399133086442,4.371975634807368,0.7619846294499649,46.87678526500078,53.19112704369087,81.6281026801993,27.842774955360337,39.360145306204416,46.391056416175005,107.98640594660417,24.310260851612966,437.7477969908365,315.8678111117262,227.4159982747235,200.27877027612263,14.0
37,105_2,105,3.3427999999999995,2.837799950666008,1.4,1.019803902718557,7.6,15.2,2.0,3.0983866769659336,15.4,7.4993333037010705,8.2,6.968500556073739,0.0,0.0,1.4,1.8547236990991407,7.0,8.579044235810887,7.0,8.579044235810887,0.0,0.0,7.4,9.068627239003709,0.0,0.0,7.2,8.818163074019441,7.2,8.818163074019441,16.0,5.403702434442518,20.0,4.816637831516919,0.0,0.0,0.6,1.2,17.8,14.538225476309,6.8,8.328265125462805,1.0,1.2649110640673518,0.0,0.0,0.0,0.0,2.9193150392817064,4.17576493759429,8.19220510865403,4.793439941205055,96.41131975308642,41.19217038739792,64.71211086777733,24.345271698001643,77.45164769921436,72.8969637413342,79.03624154702536,41.075721971367706,567.9330487093154,419.9570916553415,295.8422580275318,308.6463478476525,14.0
38,105_2,105,3.5966,2.5305732631164823,1.2,0.7483314773547883,0.0,0.0,0.0,0.0,7.4,4.963869458396343,2.4,1.4966629547095769,1.0,1.5491933384829668,2.0,2.449489742783178,7.2,8.840814442120138,6.4,7.863841300535,0.0,0.0,9.6,11.757550765359255,0.0,0.0,9.4,11.516944039110376,11.2,13.317657451669191,12.6,5.238320341483519,15.6,3.006659275674582,0.0,0.0,0.2,0.4000000000000001,17.6,13.215142829345432,5.0,6.131883886702357,0.0,0.0,0.0,0.0,0.0,0.0,2.40356602844284,3.421581175254409,5.167332531606521,2.308033115626362,86.39970801554861,31.594887539327697,76.97792793987402,22.80500274352528,97.80235410804976,61.95584437464908,70.95541125534888,34.49362991603013,511.23407975438414,392.4885335238345,145.11992265301745,110.64135870382636,14.0
39,105_2,105,0.9362,1.8724,0.2,0.4000000000000001,0.0,0.0,0.2,0.4000000000000001,14.2,2.315167380558045,6.4,4.317406628984581,0.2,0.4,4.0,3.3466401061363023,4.6,5.642694391866353,2.8,3.4292856398964493,0.0,0.0,3.6,4.409081537009721,0.0,0.0,5.0,6.131883886702357,6.2,7.6,13.6,5.388877434122992,15.0,4.242640687119285,0.0,0.0,0.4,0.8000000000000002,20.6,10.70700705145934,2.4,2.939387691339814,0.0,0.0,0.0,0.0,1.6,1.9595917942265424,-0.7646604010025062,7.655303567067316,8.640062510903576,6.715912361066327,71.8078791144528,40.84180693935358,76.26555373876559,20.59916224070809,-14.587482372598163,16.570910051912204,123.92820989328584,26.08419422870208,366.10613095238097,225.7784525401277,143.72421600064578,119.48084594008334,13.75
40,105_2,105,3.5775999999999994,3.273810049468356,1.2,1.1661903789690602,1.0,1.2649110640673518,2.6,3.878143885933064,5.0,7.745966692414834,1.2,2.4,0.0,0.0,3.8,4.019950248448357,0.0,0.0,0.0,0.0,0.0,0.0,0.0,0.0,0.0,0.0,0.0,0.0,6.4,6.770524351924303,14.4,10.190191362285598,20.4,4.673328578219169,0.0,0.0,0.0,0.0,26.0,3.40587727318528,0.0,0.0,0.0,0.0,0.0,0.0,0.0,0.0,2.126301524881313,4.338359067509405,5.622656478118016,5.158265550540553,26.21615765263676,37.094851063707786,96.49595267327034,11.309282006863617,-14.234144529024558,39.180708679197686,122.9194852084833,11.682266107348353,322.2530234268108,143.81846010513348,115.76661603135562,26.39632487725326,13.5
41,105_2,105,3.4279999999999995,2.220447972819899,1.8,0.9797958971132712,0.0,0.0,1.6,3.2000000000000006,7.8,6.49307323229917,0.6,0.7999999999999999,0.2,0.4000000000000001,3.8,4.66476151587624,7.6,9.393614852653904,7.6,9.329523031752482,0.0,0.0,9.6,11.77454882362802,0.0,0.0,8.4,10.287856919689348,10.4,12.737346662472527,8.4,4.963869458396343,14.4,6.343500610861482,0.0,0.0,0.4,0.8000000000000002,19.6,12.338557452149743,6.6,8.089499366462674,3.4,4.176122603564219,0.0,0.0,0.0,0.0,0.8985318025894999,6.733971580403355,6.700805872330145,6.453037344531665,78.26319488685633,86.33778751414938,44.50763377506645,5.8921520042343465,27.715259247959995,123.48134222615786,60.11558522936127,19.366284374184,556.8371562883909,459.8906244948549,228.3115745419651,236.41733063540715,13.75
42,105_2,105,2.8362,1.9637671348711383,1.2,0.7483314773547883,4.6,8.2365041127896,6.8,10.087616170334794,9.0,3.3466401061363023,2.4,3.3823069050575523,0.4,0.8,6.0,3.40587727318528,1.4,1.743559577416269,1.2,1.469693845669907,0.0,0.0,1.4,1.743559577416269,0.0,0.0,1.4,1.743559577416269,1.8,2.227105745132009,11.2,5.706137047074842,16.0,7.536577472566709,0.0,0.0,0.0,0.0,22.0,6.782329983125268,0.0,0.0,0.0,0.0,0.0,0.0,0.0,0.0,2.7618863489362666,3.8777870596148776,4.38389176409107,0.5162949722416853,38.10367392764002,66.17104819460279,67.85527952242673,15.97091882273486,-0.1210406789442331,73.46146967318731,91.05148157782884,13.967007762016513,161.20887921036265,44.91338742942537,137.2879026574566,119.99360984352565,7.25
43,105_2,105,2.4958,1.3059345159693116,1.0,0.6324555320336759,4.4,8.8,0.2,0.4,10.0,8.414273587185052,1.2,1.1661903789690602,0.0,0.0,2.6,5.2,1.8,2.227105745132009,1.6,2.0591260281974,0.0,0.0,2.0,2.449489742783178,0.0,0.0,2.2,2.712931993250108,6.2,7.6,18.0,10.01998003990028,19.0,7.668115805072325,0.0,0.0,0.6,1.2000000000000002,25.0,4.147288270665544,0.0,0.0,0.0,0.0,0.0,0.0,0.0,0.0,3.8481127756399744,3.727614727791933,4.044577536037315,0.8439549659602127,42.16346841612299,63.50611522292439,81.0292024187382,26.471033005482514,-30.91388537728674,45.00538648251192,119.31853984647994,34.891657325138915,341.7238506738065,196.9612085196332,104.94058521285496,77.84783252610295,13.75
44,105_2,105,1.1667999999999998,1.0360089574902331,0.6,0.4898979485566356,0.0,0.0,0.0,0.0,16.0,4.69041575982343,2.8,1.939071942966532,0.0,0.0,4.0,4.147288270665544,0.0,0.0,0.0,0.0,0.0,0.0,0.0,0.0,0.0,0.0,0.0,0.0,0.0,0.0,18.6,6.829348431585549,18.6,10.96540012949824,0.0,0.0,0.0,0.0,23.0,8.579044235810887,0.0,0.0,0.0,0.0,0.0,0.0,0.2,0.4000000000000001,1.023371964909995,4.2971600758752455,3.885246833319126,1.2045549205106785,54.43399107911898,47.94890351598615,82.82119650996613,19.78942836490137,55.42227579383175,84.4818579957092,72.42385268108575,37.6339958626502,271.5946842836876,126.52122424844194,83.8155273041867,70.60355757355123,13.5
45,105_2,105,1.3968,1.2270006356966567,0.8,0.7483314773547883,0.0,0.0,0.0,0.0,4.2,5.6000000000000005,0.2,0.4000000000000001,0.0,0.0,2.0,3.03315017762062,2.6,3.2,5.6,6.858571279792899,0.0,0.0,6.8,8.328265125462805,0.0,0.0,4.2,5.1536394906900505,9.4,11.55162326255492,7.2,3.059411708155671,16.2,6.144916598294887,0.0,0.0,0.6,1.2000000000000002,21.8,8.840814442120138,5.0,6.131883886702357,0.8,0.9797958971132712,0.0,0.0,0.2,0.4,2.104225017067759,2.118493145995864,3.6616290338839335,1.4859595304462203,14.358110172384366,35.35031279566204,94.65403259541412,40.52989929434944,76.27973384963305,56.54466385468272,80.15987470297289,32.65195932328452,606.5849375960061,527.1465301554492,254.4667426828427,278.77822977740743,13.5
46,105_2,105,1.3374,0.939447412046039,1.2,0.7483314773547883,5.6,11.2,1.0,2.0,4.0,2.097617696340304,0.8,0.9797958971132712,0.0,0.0,1.0,1.095445115010332,3.6,4.409081537009721,3.2,3.919183588453085,0.0,0.0,4.6,5.642694391866353,0.0,0.0,3.8,4.664761515876241,6.6,6.3118935352238,13.2,8.588364221433556,14.4,11.959933110180843,0.0,0.0,0.0,0.0,21.2,7.909487973314076,3.4,4.176122603564219,1.4,1.743559577416269,0.0,0.0,0.0,0.0,3.381683247658009,2.536495890983016,3.340826403081727,1.8404641226484149,56.048186933868166,80.66430751210518,50.56934107350773,20.29496129032169,83.3368541097229,75.1631682222021,62.4913496972088,31.716469823391563,443.8999636445795,329.4577830938311,215.4440438137266,221.61040926822432,13.5
47,105_2,105,0.8852,1.7704,0.2,0.4000000000000001,0.0,0.0,0.0,0.0,1.8,1.469693845669907,0.8,0.9797958971132712,0.2,0.4000000000000001,1.0,2.0,0.4,0.4898979485566356,0.8,0.9797958971132712,0.0,0.0,3.8,4.749736834815167,0.0,0.0,1.8,2.4,11.0,13.475904422338411,10.2,2.638181191654584,15.6,9.243376006633074,0.0,0.0,0.4,0.8000000000000002,22.4,8.912911982062877,1.4,1.743559577416269,0.0,0.0,0.0,0.0,0.0,0.0,4.149577005710791,2.966842572250672,4.336718451447387,2.329611829540393,83.15000385306749,44.67141591015704,66.21769735812386,25.831821961899447,63.09950368634925,75.6791063127431,72.8471668087592,41.57242830351374,553.4106437015114,439.353092039337,180.57670997789864,183.29186905058543,13.5
48,105_2,105,1.2904,2.13812764820064,0.4,0.4898979485566356,2.0,3.521363372331802,0.0,0.0,5.2,6.8527366796047255,1.2,2.4,0.4,0.8000000000000002,2.8,3.655133376499413,3.6,4.409081537009721,4.2,5.1536394906900505,0.0,0.0,5.6,6.858571279792899,0.0,0.0,4.4,5.388877434122992,8.4,9.891410415102593,10.2,6.64529909033446,18.6,3.2,0.0,0.0,0.0,0.0,22.2,8.35224520712844,5.8,7.110555533852471,0.0,0.0,0.0,0.0,0.0,0.0,6.661293819951692,2.481517057671128,5.096771059348845,2.5099904331973555,92.57664429242809,35.77201843692692,57.95025645061829,11.549938768318796,71.81168505742937,54.40676156508604,83.93428772655436,26.23904739528273,679.3414662231362,547.9746249712049,298.3043703583148,234.1577653100248,13.5
49,105_2,105,1.2816,1.5068157949795988,1.0,1.095445115010332,2.8,5.6,2.4,2.9393876913398134,8.0,9.97997995989972,3.2,3.6551333764994136,0.0,0.0,2.8,3.059411708155671,0.6,0.8,1.4,1.743559577416269,0.0,0.0,3.8,4.664761515876241,0.0,0.0,1.0,1.2649110640673518,8.4,10.3072789813801,17.0,7.823042886243178,17.4,8.662563131083086,0.0,0.0,0.4,0.4898979485566356,16.4,8.890444308357146,2.0,2.449489742783178,0.0,0.0,0.0,0.0,0.0,0.0,3.8619941912011626,3.267524175087156,2.730391294402659,0.3408073863287602,90.17430393185032,40.45905062018775,54.39413271027343,20.98023639228936,74.10235770039374,77.51762546655259,77.55885397839543,27.41437462862096,503.7201445368252,437.7142050617138,220.2661868797946,200.47985001282285,13.5
50,105_2,105,3.3172,1.9856277999665497,1.2,0.7483314773547883,0.0,0.0,0.0,0.0,8.2,2.56124969497314,2.2,1.469693845669907,0.0,0.0,4.0,6.196773353931867,5.2,6.368673331236264,7.0,8.579044235810887,0.0,0.0,7.8,9.15204895091804,0.0,0.0,5.8,7.110555533852471,8.0,7.974960814950754,9.8,6.241794613730894,15.0,10.601886624558858,0.0,0.0,0.8,0.9797958971132712,16.8,9.947864092356712,6.2,6.462197768561405,1.0,1.2649110640673518,0.0,0.0,0.4,0.4898979485566356,3.7705555555555534,3.716198940840121,4.099070029317772,1.7785913640934543,86.32405555555556,31.92091818003972,67.99528373533222,27.606655021851008,31.699777777777776,55.07766918863839,108.05899436861196,30.06383015323508,563.78725,479.8918476814159,324.59523117363096,321.3178145894185,14.0
51,105_2,105,1.9264000000000003,1.4552707789274133,1.2,0.7483314773547883,0.0,0.0,0.0,0.0,17.0,5.692099788303083,1.8,3.6000000000000005,0.2,0.4000000000000001,10.0,5.366563145999495,0.0,0.0,0.0,0.0,0.0,0.0,0.0,0.0,0.0,0.0,0.0,0.0,0.8,1.6000000000000003,9.6,7.939773296511683,19.0,9.316651759081692,0.0,0.0,0.0,0.0,26.2,6.144916598294887,0.0,0.0,0.0,0.0,0.0,0.0,0.0,0.0,3.05060029009849,4.836865489700259,7.198056325034439,4.666803377986831,69.02068373904669,20.32982036895812,75.1522392107093,12.916006903098111,14.22231192584602,65.80284223665612,96.5812039998863,16.73858177628568,209.86833825431071,114.24077625783076,78.3614104829953,35.67376685171362,13.75
52,105_2,105,2.2622000000000004,1.3959251269319572,1.4,0.8,0.0,0.0,0.0,0.0,9.2,5.418486873657627,2.4,2.3323807579381204,0.2,0.4000000000000001,3.8,4.955804677345546,3.6,4.409081537009721,3.6,4.454211490264018,0.0,0.0,5.8,7.110555533852471,0.0,0.0,5.0,6.131883886702357,6.4,7.83836717690617,15.2,9.453041838477178,18.2,5.844655678480983,0.0,0.0,0.0,0.0,18.2,11.872657663724665,1.6,1.9595917942265424,0.0,0.0,0.0,0.0,0.0,0.0,1.5579954212454212,4.361392633667435,4.789493871819994,1.3084851737951986,51.47534890109889,33.26973870714227,83.67476811501517,27.22955831549501,20.263437423687428,46.381179265995264,104.98189121551914,21.91845013369637,447.5586367521368,336.6173975273008,216.3328053547978,176.43400398588238,14.0
53,105_2,105,1.6956,1.0359723162324368,1.2,0.7483314773547883,2.4,4.8,0.2,0.4,6.2,8.207313811473277,0.6,0.7999999999999999,0.6,0.8,4.2,6.997142273814361,5.6,6.858571279792899,7.2,8.840814442120138,1.2,1.6,7.4,9.068627239003709,0.0,0.0,5.2,6.4,11.2,12.921300244170476,5.6,3.006659275674582,13.4,7.964923100695951,0.0,0.0,0.0,0.0,22.8,8.471127433818948,4.4,5.388877434122992,0.6,0.8,0.0,0.0,0.0,0.0,1.9782562189583464,1.1372656604146942,4.428924475433867,2.2485364619300583,76.69969876721649,44.3462519700714,75.77338194920733,43.18881427540309,80.86635896714265,48.05273739695249,93.56499810003577,27.673426682546555,608.1188060093964,491.165855834619,349.94284312575166,348.4379704504461,2.25
54,105_2,105,1.1814,0.9914126486988152,0.8,0.7483314773547883,10.6,13.61763562443936,1.4,2.8,6.4,8.97997772825746,1.6,1.4966629547095769,0.2,0.4000000000000001,4.6,6.280127387243033,2.2,2.712931993250108,6.2,7.6,0.0,0.0,6.6,8.089499366462674,0.0,0.0,4.6,5.642694391866353,9.8,12.006664815842909,10.4,3.3823069050575527,19.4,6.086049621881176,0.0,0.0,0.0,0.0,19.8,8.059776671843954,3.8,4.664761515876241,0.0,0.0,0.0,0.0,0.0,0.0,2.772447907647908,3.482005718476746,7.35985630606101,3.425637207494616,22.23829639249639,66.34692469941913,97.15890414394885,27.99221952214269,41.21314531024531,33.93797896519148,118.0816667041922,22.2637048379107,717.3538515151515,604.487200357335,276.6195294714248,229.9856610619429,13.75
55,105_2,105,1.7596,1.919841514292261,0.6,0.4898979485566356,2.6,3.2,0.0,0.0,7.0,11.027239001672177,4.6,5.9194594347794975,0.0,0.0,2.4,3.49857113690718,0.8,1.1661903789690602,1.4,1.743559577416269,0.0,0.0,3.0,3.687817782917155,0.0,0.0,2.8,3.4292856398964493,12.0,14.696938456699067,18.2,6.910861017268399,25.4,4.5431266766402185,0.0,0.0,0.0,0.0,20.8,9.765244492586962,1.2,1.469693845669907,0.0,0.0,0.0,0.0,0.0,0.0,4.037277777777778,2.017695378885353,3.980010572404417,1.1460029710251385,19.893400000000003,92.03460893608326,83.55713255986585,33.1072506092901,-23.1702,56.010491338121454,120.70803118847073,14.935977869617306,633.043438888889,502.2488667978645,165.61527678520724,142.6592567706181,13.5
56,105_2,105,3.4722,3.4208378155066046,1.0,0.8944271909999159,9.6,19.2,0.0,0.0,10.0,12.393546707863734,5.0,6.511528238439882,0.0,0.0,6.6,8.593020423576334,0.4,0.4898979485566356,1.4,1.743559577416269,0.0,0.0,2.4,2.939387691339814,0.0,0.0,1.4,1.743559577416269,10.8,13.227244611029164,10.8,9.987992791347018,17.6,9.951884243699782,0.0,0.0,0.0,0.0,25.6,3.1368774282716245,1.0,1.2649110640673518,0.0,0.0,0.0,0.0,0.0,0.0,0.9545,2.8398230383051843,4.175930396630427,2.1253393842922983,68.171,35.351450113271326,99.69551507282549,38.30867750447423,-54.63233333333333,53.7072107056192,116.89330663395904,31.89184260778868,571.2554166666666,385.8918739012984,226.5649975916748,210.89854428109243,13.75
57,105_2,105,2.7284,3.3501348390773766,0.8,0.9797958971132712,10.8,21.6,0.0,0.0,5.2,8.908422980528035,0.8,0.9797958971132712,0.0,0.0,8.0,9.2520268049763,7.6,9.308061022576078,7.2,8.840814442120138,0.0,0.0,6.4,7.863841300535,0.0,0.0,7.8,9.558242516278815,9.8,12.006664815842909,12.2,9.987992791347018,23.6,8.01498596380555,0.0,0.0,0.0,0.0,21.4,7.838367176906169,0.0,0.0,0.0,0.0,0.0,0.0,1.2,1.469693845669907,4.338292307692308,2.78746229714672,4.089395713096169,1.962766808652267,94.87188034188034,38.16943959822383,63.258186795873065,19.799551758668603,-51.31561196581197,39.1388006573275,122.77059488230525,22.645992182680214,349.92033675213673,212.5164326795496,126.90510085768926,112.29025003411697,14.0
58,105_2,105,2.3938,1.8143275779197097,1.2,0.7483314773547883,10.0,20.0,15.0,30.0,9.4,10.150862032359615,0.4,0.4898979485566356,0.0,0.0,6.4,8.708616422830897,2.4,2.939387691339814,3.0,3.687817782917155,0.0,0.0,7.4,9.068627239003709,0.0,0.0,2.6,3.2,9.0,11.027239001672177,10.2,6.43117407632541,16.2,9.579144011862438,0.0,0.0,0.0,0.0,20.4,7.683749084919419,4.2,5.1536394906900505,0.0,0.0,0.0,0.0,0.0,0.0,1.7538083735909822,3.013601361201949,4.430568663948795,1.7884949613161365,44.43049838969405,59.112887395479525,74.0969460452359,36.54237920676957,25.12762801932368,64.4500036427274,92.4767793730487,34.989469035591235,479.9384380032205,391.447306685454,199.84374162444,149.1387688318861,14.0
59,105_2,105,4.3032,2.547180354823741,1.6,1.019803902718557,19.8,39.1019181115198,0.0,0.0,8.8,9.620810776644555,0.6,0.4898979485566356,0.0,0.0,4.2,7.440430095095309,0.8,1.1661903789690602,0.6,0.8,0.0,0.0,2.0,2.449489742783178,0.0,0.0,2.4,3.2,12.0,14.696938456699067,8.8,5.670978751503131,18.2,9.3893556754444,0.0,0.0,0.4,0.8000000000000002,20.0,8.555699854482976,0.4,0.4898979485566356,0.0,0.0,0.0,0.0,0.0,0.0,2.7011111111111115,1.8385746626458923,3.665864788724002,1.933999768324689,-18.14824786324786,82.71284618462143,69.7865062257976,24.01762840084876,-42.35916666666667,44.20067593123184,98.05888295630578,26.76789328828494,558.7417094017094,508.5383606534137,181.16243093245023,162.34124820601832,14.0
60,105_2,105,1.3649999999999998,1.2940009273567,0.6,0.4898979485566356,0.0,0.0,0.0,0.0,20.4,5.1613951602255765,7.0,4.33589667773576,0.0,0.0,5.4,6.019966777316965,2.2,2.712931993250108,1.4,1.743559577416269,0.0,0.0,3.0,3.687817782917155,0.0,0.0,2.4,3.0066592756745814,6.2,5.844655678480984,18.6,5.043808085167396,24.0,7.615773105863909,0.0,0.0,0.0,0.0,17.2,11.77115117564973,0.8,0.9797958971132712,0.0,0.0,0.0,0.0,0.0,0.0,2.6598190476190475,3.059107276582452,4.162315477877413,1.3552335382403218,58.57079523809523,55.41488527316014,83.01636802861597,21.75542386282975,1.7115936507936538,61.50914416031675,117.4339574266448,13.941256200264696,512.1695476190476,375.1581856192509,230.2782183109176,224.0613219792153,14.0
61,105_2,105,1.4596,1.08100038852907,1.0,0.6324555320336759,0.0,0.0,27.6,55.2,18.8,6.305553108173779,3.2,2.3151673805580453,0.0,0.0,5.6,7.83836717690617,0.0,0.0,0.0,0.0,0.0,0.0,0.0,0.0,0.0,0.0,0.0,0.0,1.0,1.2649110640673518,16.8,11.443775600735972,25.6,8.8,0.0,0.0,0.0,0.0,20.4,11.359577456930342,0.0,0.0,0.0,0.0,0.0,0.0,0.4,0.4898979485566356,1.5675,3.121364996991612,4.164994435528763,1.5380620954375857,83.95861111111111,82.13273626301137,56.20643479909894,19.885331794695634,10.293055555555547,114.9564167748632,83.07669268996783,37.1111847884628,347.61555555555555,174.88004573461768,81.41582764274835,64.22348679841105,13.25
62,105_2,105,1.5148,1.146358652429509,1.0,0.6324555320336759,8.0,16.0,16.8,33.599999999999994,10.4,6.829348431585549,4.0,2.5298221281347035,0.2,0.4000000000000001,6.6,5.71314274283428,0.6,0.8,1.0,1.5491933384829668,0.0,0.0,2.8,3.4292856398964493,0.0,0.0,1.6,1.9595917942265424,6.8,8.328265125462805,11.6,2.244994432064365,21.0,6.418722614352485,0.0,0.0,0.0,0.0,24.2,3.762977544445356,0.0,0.0,0.0,0.0,0.0,0.0,0.0,0.0,2.925713664503138,3.3298035337021865,4.641509365981102,1.8271858883434176,67.8882062206799,33.0845699527347,80.9206205210094,17.322385479289295,42.04302355247091,77.59016451885441,91.15775246695436,25.93706528403095,446.3511972050854,278.5569750435401,210.87629384219767,207.025231664393,14.0
63,105_2,105,0.9452,1.2847447061576085,0.4,0.4898979485566356,3.8,7.6,0.4,0.8000000000000002,14.4,4.841487374764082,6.8,5.706137047074842,0.2,0.4000000000000001,5.4,6.468384651518493,5.6,6.858571279792899,3.8,4.664761515876241,1.2,1.469693845669907,4.2,5.1536394906900505,0.0,0.0,5.6,6.858571279792899,7.2,6.11228271597445,18.8,5.706137047074842,23.6,4.029888335921977,0.0,0.0,0.0,0.0,20.4,8.73155198117723,0.6,0.8,0.2,0.4,0.0,0.0,0.4,0.4898979485566356,5.849450120537229,4.438627178085278,5.159889295773246,0.7707778494837528,97.59223229573932,42.78254152096709,72.02664077071458,16.635424801640085,105.3367324749371,58.02839576166468,65.1022648611395,31.594154654210268,305.3839843972048,94.7694219378579,134.40475281377425,107.42668955422828,1.25
64,105_2,105,0.9218,1.463514728316733,0.4,0.4898979485566356,13.4,17.704236781064584,1.8,3.124099870362662,10.0,7.37563556583431,2.2,2.039607805437114,0.4,0.8000000000000002,2.4,4.8,4.0,4.898979485566356,4.0,4.939635614091388,0.0,0.0,4.2,5.1536394906900505,0.0,0.0,4.4,5.425863986500215,7.8,9.558242516278815,14.6,4.758150901348127,22.0,5.621387729022079,0.0,0.0,0.0,0.0,23.2,5.30659966456864,0.8,0.9797958971132712,0.0,0.0,0.0,0.0,0.0,0.0,2.1638497068497067,4.310995837037659,5.469930687853667,1.716681439251044,45.548926197626194,60.98300022290543,92.18107283674648,23.14325378575176,-5.12698053768054,76.63072778259767,106.87059912643296,34.75140117574373,487.7792262834262,339.6655848581831,199.8866034117165,202.74059980592853,14.0
65,105_2,105,1.1754000000000002,1.566201723916814,0.4,0.4898979485566356,0.8,1.6,0.6,1.2,10.4,9.00222194794152,4.6,8.708616422830897,0.2,0.4000000000000001,1.8,2.4000000000000004,1.0,1.2649110640673518,0.8,0.9797958971132712,0.0,0.0,5.8,7.110555533852471,0.0,0.0,1.0,1.2649110640673518,10.0,12.24744871391589,12.0,8.414273587185052,14.4,11.235657524150511,0.0,0.0,0.0,0.0,19.6,8.49941174435031,6.6,8.138795979750322,0.0,0.0,0.0,0.0,0.2,0.4000000000000001,4.171777777777778,4.27660808539307,7.681572363279388,1.5505147422626864,51.31455555555556,27.216903628734155,99.63154046781963,16.328783270142605,-27.02166666666667,46.50701212893056,99.6738160652197,12.9410804740662,665.6074999999998,474.5091169984625,242.74853392085143,162.84389016596614,14.0
66,105_2,105,2.0562,1.960373066536061,1.0,0.8944271909999159,0.0,0.0,0.0,0.0,13.4,6.529931086925804,6.4,5.607138307550474,0.4,0.4898979485566356,1.2,1.469693845669907,1.4,1.743559577416269,0.8,1.1661903789690602,0.0,0.0,1.4,1.9595917942265424,0.0,0.0,2.4,3.006659275674582,6.8,8.328265125462805,23.0,2.1908902300206643,23.0,2.756809750418044,0.0,0.0,0.2,0.4000000000000001,23.6,2.244994432064365,0.0,0.0,0.0,0.0,0.0,0.0,0.4,0.4898979485566356,-2.531259788359788,7.505038687525367,9.675319328664726,6.95952805839626,64.04051957671957,27.22354492152338,88.6597000585283,13.427719454126416,2.7074233686067,67.05445683822677,107.92982567090728,17.81798166988327,383.9769697530864,90.63420271215504,190.61031584364,60.96337871579198,13.75
67,105_2,105,1.6558,2.257956279470442,0.6,0.4898979485566356,2.4,3.0066592756745814,1.4,2.8,10.6,11.235657524150511,4.0,4.147288270665544,0.4,0.4898979485566356,3.4,4.2708313008125245,5.2,6.368673331236264,7.0,8.579044235810887,0.2,0.4,6.4,7.83836717690617,0.0,0.0,5.8,7.11055553385247,11.2,13.717142559585795,17.2,1.939071942966532,22.0,0.6324555320336759,0.0,0.0,0.0,0.0,20.4,7.631513611335565,3.0,3.687817782917155,0.2,0.4,0.0,0.0,0.0,0.0,-0.2093108753315649,4.567812809206084,6.978846173987459,5.257732262893552,106.69906254052462,32.588683888452294,57.14716456660084,15.013690456539672,48.2138160772178,87.87948509389136,92.69193142785352,20.64068373151382,504.7715195954908,336.5627400527615,232.5000214844096,237.72646632858485,13.25
68,105_2,105,2.528,2.5689070827883205,1.0,0.8944271909999159,14.8,22.1033934046336,3.4,6.3118935352238,5.6,9.32952303175248,3.0,5.019960159204453,0.4,0.4898979485566356,4.4,5.607138307550475,6.2,7.6,7.8,9.558242516278815,2.0,2.5298221281347035,8.4,10.287856919689348,0.0,0.0,6.2,7.6,10.2,11.702991070662236,7.6,6.829348431585549,16.0,8.17312669668102,0.0,0.0,0.0,0.0,18.8,9.495261976375376,7.2,8.818163074019441,1.6,1.9595917942265424,0.0,0.0,0.0,0.0,2.4806685691555,5.6459059153426825,7.1888220177246325,1.215989104895687,89.25019070447803,28.41892575884573,83.8189992477498,18.852063526544555,64.80156510794349,100.020106028243,73.59045929363715,31.019900115417155,822.0711092736249,727.6026465718438,347.07923915600105,359.966926462094,13.75
69,105_2,105,2.6962,1.6487833575094089,1.2,0.7483314773547883,6.4,12.306096050332128,1.0,2.0,6.2,11.906300852909776,4.2,8.399999999999999,0.8,1.6000000000000003,6.4,7.964923100695952,2.2,2.712931993250108,8.0,9.797958971132712,1.8,2.4,10.6,12.986146464598342,0.0,0.0,2.4,2.939387691339814,12.0,14.696938456699067,8.0,11.366617790706258,12.2,11.01635148313633,0.0,0.0,0.0,0.0,13.2,13.775340286178052,10.6,12.986146464598342,0.4,0.4898979485566356,0.0,0.0,0.0,0.0,2.625397173124908,6.927186650806674,5.476289622838799,2.264172471021195,17.183237141165097,39.46872754544042,105.9171113607524,28.485830032622385,36.65187729214156,105.89725551122854,67.48802635173618,42.9464193881743,919.242226819882,833.6959014911246,220.57648479623768,212.91558966680927,13.5
70,105_2,105,1.8200000000000005,2.4693237940780466,0.4,0.4898979485566356,2.0,4.0,0.0,0.0,7.8,10.64706532336493,6.6,8.522910301065007,0.4,0.8000000000000002,1.0,0.8944271909999159,7.8,9.6,4.6,5.642694391866353,0.8,0.9797958971132712,9.2,11.26765281680262,0.0,0.0,7.4,9.068627239003709,10.6,12.986146464598342,19.8,5.6000000000000005,25.4,2.727636339397171,0.0,0.0,0.0,0.0,14.8,12.319090875547596,3.8,4.664761515876241,0.4,0.4898979485566356,0.0,0.0,0.0,0.0,3.5005415782834755,6.563905610794929,7.467602654319957,3.5356266312211155,105.64156777420727,44.51036109940576,60.42119551799355,32.33649061995035,51.16012606151939,121.46423359196616,50.173141861535576,32.72465734313439,582.3414868834278,445.6666039503688,217.58737376199232,228.59674649856632,13.5
71,105_2,105,4.127800000000001,2.9778988162796938,1.4,0.8,21.2,42.4,24.4,48.8,7.6,9.090654541890808,3.4,5.817215828899594,0.0,0.0,1.2,1.939071942966532,1.8,2.227105745132009,5.8,7.110555533852471,0.0,0.0,10.0,12.24744871391589,0.0,0.0,2.4,2.939387691339814,11.0,12.680693987317888,15.2,9.325234581499814,17.4,9.308061022576078,0.0,0.0,0.2,0.4000000000000001,18.2,6.939740629158989,6.8,8.352245207128439,0.2,0.4,0.0,0.0,0.0,0.0,0.5207584052895757,4.899577292747222,7.517450525802033,2.001314731687753,46.49175466745488,45.49512233085573,97.1476617561938,32.61665346968015,32.77494379299126,82.99042703903385,110.58134611731045,20.74125475330055,714.3104551368679,599.54174498713,287.98448949566955,302.0444807752465,13.75
72,105_2,105,1.9194,2.214833591943196,0.8,0.7483314773547883,5.4,10.3072789813801,0.4,0.4898979485566356,8.4,9.520504188329523,5.4,9.830564581955608,0.4,0.8000000000000002,1.0,0.8944271909999159,3.0,3.687817782917155,4.4,5.425863986500215,0.0,0.0,5.2,6.4,0.0,0.0,3.4,4.176122603564219,8.2,8.863407922464136,16.8,9.3893556754444,18.6,8.777243302996675,0.0,0.0,1.0,2.0,23.0,4.049691346263317,4.2,5.1536394906900505,0.0,0.0,0.0,0.0,0.0,0.0,5.081307445272952,5.659211610497347,4.8846290964268055,0.5638358514173968,78.85454267865141,44.55704702638892,85.36549025051575,21.50123975823851,58.75907447417893,60.18298061035611,107.58852514151404,39.1791777177265,490.8740578313038,322.9557281920113,303.98402672195004,319.2708508704954,10.25
73,105_2,105,4.0922,2.940181654251996,1.2,0.7483314773547883,2.2,4.4,2.0,4.0,4.2,8.399999999999999,2.8,5.6,0.2,0.4000000000000001,0.8,1.6000000000000003,1.0,1.2649110640673518,3.0,3.794733192202055,0.0,0.0,5.8,7.110555533852471,0.0,0.0,2.0,2.449489742783178,11.6,13.807244475274564,13.2,12.544321424453376,18.4,9.499473669630332,0.0,0.0,0.2,0.4000000000000001,24.0,5.019960159204453,2.8,3.4292856398964493,0.0,0.0,0.0,0.0,0.0,0.0,1.931944444444445,7.69813760145038,6.628562554506564,2.01251023029519,24.491666666666667,58.16566164365746,103.79051372497334,33.77464835963852,-0.7988888888888909,69.09311769160281,110.35296546861444,14.44851560999183,528.7811111111112,335.8680971410659,205.66513895527487,175.79716214335974,10.25
74,105_2,105,5.799,2.9379022447998504,2.4,1.2000000000000002,0.8,1.6,0.0,0.0,5.6,4.31740662898458,2.6,3.773592452822642,0.6,0.8,2.8,2.925747767665559,0.8,0.7483314773547883,0.8,0.7483314773547883,0.0,0.0,1.8,1.833030277982336,0.0,0.0,2.2,2.3151673805580453,7.4,7.4993333037010705,15.4,10.091580649234292,18.2,8.518215775618742,0.0,0.0,0.0,0.0,25.0,4.732863826479693,0.2,0.4000000000000001,0.0,0.0,0.0,0.0,0.2,0.4000000000000001,0.0591666666666668,7.649434619630395,9.723938055986888,6.576855443593284,37.7689,53.524714955450456,82.69879030747612,17.18415763462305,-59.66420000000001,43.03855624003513,92.20736443649048,18.297375550383947,463.1470944444444,226.31774824025075,236.8903943131101,140.1037394496927,13.25
75,105_2,105,5.4958,3.3185779725659605,2.0,1.095445115010332,0.0,0.0,0.0,0.0,12.6,8.867919710958146,4.2,4.4,0.4,0.4898979485566356,6.2,2.712931993250108,1.8,2.227105745132009,1.8,2.227105745132009,0.0,0.0,1.8,2.227105745132009,0.0,0.0,2.6,3.2,3.2,3.54400902933387,18.0,8.414273587185052,19.8,5.564171097297423,0.0,0.0,0.0,0.0,20.6,6.8,0.0,0.0,0.0,0.0,0.0,0.0,0.4,0.4898979485566356,2.726928571428572,2.925754320476921,5.513761471014918,2.167541194174525,58.88565079365079,26.25492797962496,86.11611481382393,24.963370873630723,4.944619047619049,62.01923031891271,101.24943505784832,31.19443225129348,396.763757936508,109.01518972889694,195.63736397902755,85.20307170675655,7.5
76,105_2,105,1.9564,1.956200562314611,1.0,0.6324555320336759,0.0,0.0,0.0,0.0,12.2,8.840814442120138,6.2,8.518215775618742,0.0,0.0,3.0,2.9664793948382653,1.0,1.2649110640673518,1.0,1.095445115010332,0.0,0.0,1.2,1.469693845669907,0.0,0.0,1.6,1.9595917942265424,5.2,5.564171097297423,16.6,10.209799214480176,19.2,8.749857141690944,0.0,0.0,0.0,0.0,22.0,6.54217089351845,0.0,0.0,0.0,0.0,0.0,0.0,0.2,0.4,2.103847707847708,4.563019045381996,6.783550342445659,1.6768523947430771,62.35473848373848,29.74603570984146,78.364021955706,14.083000585211332,-3.850266622266621,45.003251575264166,103.4878067060644,18.9220603403367,280.81373312798314,74.41000415265495,148.10877338596566,59.351577344505,13.75
77,105_2,105,2.7112000000000003,1.68246110207636,1.0,0.6324555320336759,0.0,0.0,0.0,0.0,12.0,7.899367063252599,2.6,4.223742416388575,0.6,0.7999999999999999,8.0,4.289522117905444,0.0,0.0,0.0,0.0,0.0,0.0,0.6,0.8,0.0,0.0,0.2,0.4,2.2,2.712931993250108,17.8,9.368030742904295,17.0,9.528903399657276,0.0,0.0,0.0,0.0,22.0,4.898979485566356,0.2,0.4,0.0,0.0,0.0,0.0,0.0,0.0,3.46739599118052,3.1119936939736306,4.484144663407511,1.1153173656562585,44.25751240048443,25.078972542025145,81.09540108287865,12.475911240572469,53.6896146150194,30.698476801470008,81.23597238059365,16.312146548159767,185.04951273013413,73.74992463565094,98.2045187900668,68.69399339758978,14.0
78,105_2,105,1.5698,0.7988420119147466,0.8,0.4,0.0,0.0,0.0,0.0,10.8,5.6000000000000005,3.2,2.638181191654584,0.2,0.4000000000000001,4.4,4.223742416388575,0.0,0.0,0.0,0.0,0.0,0.0,0.0,0.0,0.0,0.0,0.0,0.0,1.0,1.2649110640673518,11.4,5.851495535331118,15.0,8.414273587185052,0.0,0.0,0.0,0.0,25.8,3.6,0.0,0.0,0.0,0.0,0.2,0.4000000000000001,0.0,0.0,2.113146210702185,2.640183641279828,4.454110460605388,1.3429273602339036,61.940784403855375,21.254811798746186,79.85233908420071,14.960728044247658,15.127443725519186,68.29344842436475,101.73591472185396,16.04989708282979,168.89437551081488,27.44573814173499,51.37979321710346,24.395833977340764,14.0
79,105_2,105,1.835,2.283510805755033,0.8,0.9797958971132712,4.2,8.399999999999999,1.0,2.0,8.6,8.685620300243386,3.0,4.560701700396552,0.6,1.2000000000000002,3.4,2.65329983228432,1.2,1.469693845669907,1.8,2.227105745132009,0.0,0.0,2.0,2.449489742783178,0.0,0.0,1.6,1.9595917942265424,3.6,4.409081537009721,12.2,2.039607805437114,17.8,5.81033561853358,0.0,0.0,0.2,0.4000000000000001,23.0,5.796550698475776,0.0,0.0,0.0,0.0,0.0,0.0,0.0,0.0,1.7721770779698318,5.739103236154157,7.099608790858669,5.015582238767376,71.85953865415024,40.50208048928288,72.1521101519759,20.343878203870272,47.58450711168247,43.40960858680124,109.38180089808672,27.241110005777163,286.15451404771545,82.382806612857,250.79287370546425,210.9501955201551,14.0
80,105_2,105,1.003,0.8713148684603057,0.6,0.4898979485566356,0.0,0.0,0.0,0.0,6.0,2.6076809620810595,0.6,0.7999999999999999,0.0,0.0,8.4,3.97994974842648,0.0,0.0,0.0,0.0,0.0,0.0,0.6,0.8,0.0,0.0,0.2,0.4,0.8,0.9797958971132712,11.4,6.151422599691879,13.4,7.310266752998827,0.0,0.0,0.0,0.0,24.8,3.815756805667783,0.4,0.8000000000000002,0.0,0.0,0.0,0.0,0.0,0.0,-1.8186590834953853,4.055098130369736,6.191809408346567,6.195796450009397,79.63364826615921,10.436842590570189,66.36695557523437,10.242549138155775,18.840279062999777,55.63539766795072,108.89839832778914,8.470010109157844,262.0511203634411,51.1695302614836,192.59939564988525,108.66472204740798,14.0
81,105_2,105,3.677,3.05077734356344,1.0,0.6324555320336759,0.0,0.0,0.0,0.0,18.0,9.486832980505138,7.8,6.4,0.0,0.0,7.0,7.37563556583431,1.6,1.9595917942265424,0.8,0.9797958971132712,0.0,0.0,2.2,2.712931993250108,0.0,0.0,1.2,1.469693845669907,2.2,2.712931993250108,19.8,9.765244492586962,23.4,10.725670142233538,0.0,0.0,0.0,0.0,14.0,13.311649033834987,0.0,0.0,0.0,0.0,0.0,0.0,1.6,1.3564659966250538,0.9172222222222224,3.318496331357708,4.527654755578206,1.5186596005001578,101.02583333333334,44.019024327871904,62.7013868153301,34.89469353029537,83.19277777777776,102.05558772757009,58.004344377741496,43.432717275267365,389.4481944444444,100.74226651728718,144.76219823507273,59.77919896835704,14.0
82,105_2,105,3.138,3.2894194624583832,1.2,0.9797958971132712,1.0,2.0,0.0,0.0,13.4,6.651315659326356,5.4,2.870540018881465,0.2,0.4000000000000001,5.6,7.364781055808788,2.4,3.006659275674582,1.6,1.9595917942265424,0.0,0.0,1.8,2.227105745132009,0.0,0.0,2.6,3.2,4.4,5.388877434122992,21.8,5.635601121442148,25.2,6.20966987850401,0.0,0.0,0.0,0.0,20.4,8.06473806146238,0.0,0.0,0.0,0.0,0.0,0.0,0.0,0.0,-0.6642857142857145,4.642159593509251,6.184577716224658,5.00360360340169,101.48527777777778,19.750911676098323,55.69137662049402,21.816957227218683,86.9481746031746,62.60994638157144,90.7939239890223,19.825662451742783,343.15107142857147,127.18501011267328,100.11510726033428,74.2820298258799,13.75
83,105_2,105,0.2602,0.5204,0.2,0.4000000000000001,7.0,14.0,0.2,0.4,9.2,10.870142593360953,4.4,6.086049621881176,0.0,0.0,5.2,6.997142273814361,3.0,3.687817782917155,3.4,4.176122603564219,0.0,0.0,7.0,8.62554346113913,0.0,0.0,3.6,4.454211490264018,8.6,10.57544325312183,11.8,8.726969691708572,19.8,7.493997598078078,0.0,0.0,0.4,0.8000000000000002,20.4,10.170545708072895,4.6,5.642694391866353,0.0,0.0,0.0,0.0,0.0,0.0,0.7321581430665469,6.02350906639494,6.651758514076255,4.382277942774996,54.325566152613234,57.58402634947144,75.54566268721383,10.788658421431718,1.1219922504009516,73.39670468305489,93.02905311833064,16.666456645423736,547.6383904372776,415.4729066297726,214.5738903855995,202.9608586110572,14.0
84,105_2,105,0.4977999999999999,0.6123000571615195,0.4,0.4898979485566356,0.2,0.4,0.2,0.4,14.2,5.564171097297423,9.0,5.692099788303083,0.0,0.0,3.0,3.687817782917155,3.0,3.687817782917155,2.6,3.2,0.2,0.4,3.4,4.176122603564219,0.0,0.0,4.6,5.642694391866353,5.6,6.858571279792899,19.6,7.255342858886822,24.4,3.2,0.0,0.0,2.2,4.4,21.6,8.309031231136395,2.0,2.5298221281347035,0.0,0.0,0.0,0.0,0.0,0.0,2.344608489134113,6.081916004565637,8.115722292428947,5.3606596261328106,84.97838736564677,26.75598868006432,85.79569641708197,35.87039867741152,40.57338351197141,22.19451302945561,132.0933756849778,10.015457607168218,484.8919901144357,288.3014385272434,226.2623041946925,196.93121478526888,13.75
85,105_2,105,4.2034,3.128724059421028,1.0,0.6324555320336759,28.8,57.60000000000001,28.8,57.60000000000001,10.8,4.445222154178574,5.8,4.214261501141095,0.2,0.4000000000000001,1.2,1.939071942966532,0.4,0.4898979485566356,0.4,0.4898979485566356,0.0,0.0,0.4,0.4898979485566356,0.0,0.0,0.4,0.4898979485566356,2.8,3.4292856398964493,24.4,4.317406628984581,26.0,3.40587727318528,0.0,0.0,0.2,0.4000000000000001,21.6,7.761443164772903,0.0,0.0,0.0,0.0,0.0,0.0,0.0,0.0,-1.1729468599033814,7.242768771652601,9.064632897334164,6.716724549869897,112.24993478260868,21.57109507290939,57.28821727714968,25.048562018835327,53.60055072463767,90.52537204277994,101.5518225103008,18.96442907315055,334.56559178743964,62.36045178757917,103.45217480612882,35.28445590375594,14.0
86,105_2,105,1.9368000000000003,1.9293889602669547,0.8,0.7483314773547883,2.8,5.6,0.0,0.0,12.6,10.892199043352084,9.6,9.00222194794152,0.0,0.0,3.0,3.0983866769659336,1.8,2.227105745132009,2.6,2.8000000000000003,0.0,0.0,2.6,2.8000000000000003,0.0,0.0,2.6,3.2,4.8,5.564171097297423,19.4,11.001818031580052,21.6,9.00222194794152,0.0,0.0,0.2,0.4,14.2,8.565045242145542,0.2,0.4000000000000001,0.2,0.4000000000000001,0.0,0.0,0.2,0.4000000000000001,2.188015873015873,6.217826746600717,6.053405012824916,1.7109040229069274,92.20099206349208,33.296392685117134,70.29608512932116,21.63642943513149,46.87095238095238,91.74524923095466,81.09338986211165,13.655873560571145,365.3158333333333,188.9578826418734,161.54702759624735,103.86691133681909,13.75
87,105_2,105,5.352200000000001,5.17254685430688,1.4,1.2,0.2,0.4,0.2,0.4,12.8,8.953211714239757,4.6,5.462600113499065,0.0,0.0,3.0,3.3466401061363023,0.0,0.0,0.2,0.4,0.0,0.0,1.2,1.6,0.0,0.0,0.0,0.0,2.6,3.2,17.2,7.222188034107115,18.8,6.968500556073738,0.0,0.0,0.0,0.0,23.0,5.796550698475776,0.8,0.9797958971132712,0.0,0.0,0.0,0.0,0.0,0.0,-5.909736603162466,10.400805772717774,9.214960794848988,7.52956378257341,89.31667766776397,6.732817391418896,67.68841378527925,10.570131672040068,43.77433178414775,83.49927882927996,88.64704030487712,34.31780632757611,444.3522380850139,173.1985071805365,203.6811677641221,170.633846566855,13.5
88,105_2,105,2.9328,1.856857065042972,1.4,0.8,0.0,0.0,0.0,0.0,12.2,10.10742301479462,2.2,1.16619037896906,2.2,2.3151673805580453,5.6,3.929376540877701,0.0,0.0,0.2,0.4,0.0,0.0,0.0,0.0,0.0,0.0,0.0,0.0,0.0,0.0,20.8,4.214261501141095,22.6,4.223742416388575,0.0,0.0,0.4,0.8000000000000002,21.8,6.11228271597445,0.0,0.0,0.0,0.0,0.0,0.0,0.0,0.0,-0.5994307714829454,5.251959686752865,5.716121815666068,3.744185848040634,123.71148760064412,12.638096673434562,44.61425934210439,11.42671668122136,7.473864090177135,25.67641785342064,140.871564194751,14.844483173362129,312.26718456302154,77.69630696051208,107.71265705203191,78.72815150336798,11.25
89,105_2,105,5.504,3.2239821959806165,2.0,1.095445115010332,3.2,6.4,1.6,3.2,9.2,10.870142593360956,3.6,4.317406628984581,1.8,2.227105745132009,3.6,4.127953488110059,0.0,0.0,1.4,1.743559577416269,0.0,0.0,1.6,1.9595917942265424,0.0,0.0,0.0,0.0,6.0,7.3484692283495345,14.4,8.777243302996675,17.0,11.171392035015153,0.0,0.0,0.2,0.4000000000000001,21.0,6.572670690061994,1.6,1.9595917942265424,0.0,0.0,0.0,0.0,0.0,0.0,-1.600052204258907,5.2740865465077365,8.299004494181217,8.629759056657702,85.72726320808198,39.69719062557064,68.32234622100923,25.669282740379955,58.87517524106392,52.75088610100172,104.56091636422916,37.51103468535239,392.1048652238021,251.2040269381365,304.30375857929187,277.368502362919,2.5
90,105_2,105,0.35,0.7,0.2,0.4,11.0,22.0,0.6,1.2,6.6,11.306635220082054,5.0,10.0,0.2,0.4000000000000001,4.6,8.2365041127896,0.6,0.8,6.0,7.37563556583431,0.6,0.8,7.6,9.329523031752482,0.0,0.0,3.6,4.409081537009721,11.8,14.048487463068756,10.8,11.720068259186892,13.4,11.825396399275586,0.0,0.0,0.6,1.2000000000000002,19.6,12.338557452149743,4.6,5.642694391866353,1.4,1.743559577416269,0.0,0.0,0.0,0.0,-0.0043074470074468,4.172636559056608,3.415950201257568,1.890853460835578,132.957083974084,21.957385551263258,39.84274484293137,4.248664494255681,48.65979941479942,108.29492483094752,79.32783158248296,48.21729905964643,774.9333101304601,571.891624910195,202.93478674417145,180.48566388255875,1.25
91,105_2,105,1.9496,2.052946818600034,0.8,0.7483314773547883,7.0,14.0,0.4,0.8,6.6,11.723480711802276,6.0,12.0,0.8,1.1661903789690604,4.4,4.758150901348127,0.0,0.0,1.0,1.2649110640673518,0.0,0.0,3.2,3.9698866482558417,0.0,0.0,1.4,1.9595917942265424,9.0,8.342661445845684,11.8,11.88949115816148,15.2,10.92520022699813,0.0,0.0,3.2,6.400000000000001,17.8,6.493073232299171,2.0,2.5298221281347035,0.0,0.0,0.0,0.0,0.6,1.2000000000000002,0.9011930817588109,6.038552902027062,5.380479989578163,3.801658459862464,77.14945644665717,50.20318527437686,69.33795398865342,19.665546414441778,-8.260462966984129,96.50069669536109,94.39102108465298,12.731166843195782,564.1676870766998,311.58141020538017,354.14298720764583,271.90964011297643,4.5
92,105_2,105,2.0776,1.201612683022279,1.2,0.7483314773547883,1.4,2.8,0.2,0.4,10.2,9.867117106835208,6.2,9.45304183847718,0.0,0.0,6.0,4.69041575982343,1.8,2.227105745132009,2.0,2.449489742783178,0.0,0.0,2.8,3.4292856398964493,0.0,0.0,2.0,2.5298221281347035,10.4,9.243376006633074,17.6,8.138795979750322,17.8,9.239047569960878,0.0,0.0,3.2,6.400000000000001,20.2,6.8527366796047255,2.4,2.939387691339814,0.0,0.0,0.0,0.0,0.2,0.4,-0.1124015082956257,5.427339315571116,6.698262842981146,4.090531607211618,71.37874233283057,34.28617341949096,88.795345989558,17.94439058470783,14.203577275012568,57.65979185062851,118.21474349199777,35.25076786463076,434.4724149824033,238.9355631489416,271.910320018728,193.79858679223915,13.75
93,105_2,105,4.7506,3.580582723524203,2.6,1.743559577416269,11.0,22.0,0.0,0.0,8.6,10.910545357588685,6.8,11.124747188138704,0.2,0.4000000000000001,10.8,8.885943956609225,2.6,3.2,2.4,2.939387691339814,0.0,0.0,2.4,2.939387691339814,0.0,0.0,2.0,2.449489742783178,4.2,3.815756805667783,11.0,10.039920318408909,18.8,6.705221845696084,0.0,0.0,0.2,0.4000000000000001,22.6,4.923413450036469,1.4,1.743559577416269,0.0,0.0,0.0,0.0,0.0,0.0,-0.3225268704167828,5.394821805443075,5.237614379967146,2.966782719380872,64.8080535523281,50.273102231166725,80.26050719150591,11.632275856617694,32.09023080832424,85.54282826548057,89.55517517341282,28.73370162775027,364.98958144399455,188.30304147978208,251.0517457419952,227.61177552305145,14.0
94,105_2,105,2.3214,1.2890437696214974,1.4,0.8,4.2,5.3814496188294845,4.2,5.3814496188294845,11.4,11.18212859879549,7.6,8.616263691415208,0.0,0.0,6.4,11.80847153530041,1.6,1.9595917942265424,5.0,6.131883886702357,0.0,0.0,5.8,7.11055553385247,0.0,0.0,2.4,2.939387691339814,7.6,9.308061022576078,12.2,10.067770358922576,20.8,8.109253973085318,0.0,0.0,0.6,1.2000000000000002,21.0,8.07465169527454,4.8,5.912698199637793,0.2,0.4,0.0,0.0,1.0,0.8944271909999159,-0.0672738927738928,5.2092228308866,3.619414071173896,1.4011068469330326,36.78408508158508,60.43035588374711,84.16279174766808,24.89997237587737,18.39805477855478,88.79482789622479,83.63148148040804,26.6829940437282,645.4847957459208,514.7517300517347,435.5689499519487,501.7988630985841,14.0
95,105_2,105,1.2353999999999998,1.3751691677753686,0.8,0.7483314773547883,11.0,22.0,0.4,0.8,8.4,7.914543574963751,4.2,3.6,0.0,0.0,4.4,6.974238309665077,7.2,8.818163074019441,9.2,11.26765281680262,4.6,5.642694391866353,9.0,11.027239001672177,0.0,0.0,7.6,9.308061022576078,11.4,13.965672200076874,11.6,8.708616422830897,19.0,8.17312669668102,0.0,0.0,0.4,0.8000000000000002,18.6,12.753038853543888,7.2,8.818163074019441,5.6,6.858571279792899,0.0,0.0,2.8,5.6,0.4745273504273502,4.835841416452928,4.341892225466212,2.053468577133576,89.0847717948718,23.08864383786839,83.70282208236245,22.70299223369793,9.946938461538466,92.75084034002737,113.5201663995126,30.67448161745275,1040.581873076923,981.4769241096756,459.37503727890646,499.9609748177894,13.5
96,105_2,105,1.2542000000000002,1.06562815278126,0.8,0.7483314773547883,11.0,22.0,0.2,0.4,8.0,11.50651989091402,6.4,10.480458005259122,0.0,0.0,5.8,9.303762679690404,0.8,0.9797958971132712,1.0,1.2649110640673518,0.0,0.0,1.8,2.227105745132009,0.0,0.0,1.2,1.6,10.8,13.227244611029164,9.4,8.708616422830897,19.2,6.144916598294887,0.0,0.0,0.8,1.1661903789690602,23.8,5.741080037762929,1.4,1.743559577416269,0.8,0.9797958971132712,0.0,0.0,0.2,0.4000000000000001,-1.0394193413751178,5.453299982467884,6.240350785095463,7.865684699477274,85.63271624097507,29.058253313201405,78.96351541475153,26.326808128530303,1.7424274348446651,93.6616242205657,90.53716794879536,27.753158663604445,596.730862383007,420.9740618996421,232.699309752835,178.54422612151282,2.25
97,105_2,105,2.7452,2.258637412246596,1.6,1.3564659966250538,0.0,0.0,0.0,0.0,8.8,10.906878563548783,5.8,10.609429767899874,0.0,0.0,5.8,4.019950248448357,0.0,0.0,0.0,0.0,0.0,0.0,0.0,0.0,0.0,0.0,0.0,0.0,8.6,10.537551897855591,15.8,7.959899496852959,15.2,11.285388783732708,0.0,0.0,0.8,1.6000000000000003,26.4,2.244994432064365,0.0,0.0,0.0,0.0,0.0,0.0,2.6,5.2,-0.4594877973681164,3.9096491179439896,5.428758347042245,2.780684843839858,108.02977366808396,26.039890906972072,60.822506112312126,21.773085402559325,-9.07380179463956,71.84950915941718,124.390916124917,34.53252111076987,468.3621628261415,299.3488170128625,123.95927866402216,79.60153112888815,0.0
98,105_2,105,1.572,0.981415915909254,1.6,1.019803902718557,2.2,4.4,0.2,0.4,8.6,11.092339699089637,7.2,11.496086290559932,0.0,0.0,9.2,11.54816002660164,0.2,0.4,0.6,0.8,0.4,0.4898979485566356,0.8,0.9797958971132712,0.0,0.0,0.2,0.4,5.0,6.131883886702357,13.2,8.423775875461075,16.0,7.771743691090179,0.0,0.0,0.2,0.4000000000000001,27.8,2.712931993250108,0.8,0.9797958971132712,0.4,0.4898979485566356,0.0,0.0,1.2,2.4000000000000004,2.00563662562561,2.0638727122861327,3.589148200189709,2.283901378102375,124.80887326704416,11.272415569781923,37.15920141411024,16.452510470122512,103.69661894613505,42.408694349653175,85.50563019804406,43.18709446953592,386.5654657903862,248.4435045724772,223.31949224139035,235.05977947041703,2.25
99,105_2,105,2.9184000000000005,2.5381197450081032,1.0,0.8944271909999159,33.6,55.977138190514886,0.6,1.2,10.2,10.047885349664377,6.2,10.92520022699813,0.6,0.4898979485566356,6.8,11.267652816802618,3.0,3.687817782917155,3.0,3.687817782917155,1.2,1.469693845669907,3.8,4.664761515876241,0.0,0.0,3.0,3.687817782917155,7.8,8.772684879784522,15.6,7.812809993849845,17.4,6.651315659326356,0.0,0.0,0.2,0.4000000000000001,24.6,6.62117814289874,2.8,3.4292856398964493,2.2,2.712931993250108,0.0,0.0,1.4,2.8,0.5153924120704378,5.042243042118856,6.0027321812052366,2.4515945379471784,94.56726398527974,22.97420296441415,70.27072468409094,29.99633799255401,69.45137045377932,43.674390897277206,109.8348016275692,38.9857964909635,636.0543795960982,566.0198900576585,439.2227957107804,469.5140102114863,5.75
100,105_2,105,2.5810000000000004,2.500461077481511,0.8,0.7483314773547883,65.4,107.46645988400287,30.0,57.02981676281277,8.2,8.772684879784522,2.8,2.4,0.2,0.4000000000000001,1.4,1.9595917942265424,0.0,0.0,0.0,0.0,0.0,0.0,1.0,1.5491933384829668,0.0,0.0,0.0,0.0,10.4,12.737346662472527,15.8,8.611620056644394,21.2,8.840814442120138,0.0,0.0,1.0,2.0,22.2,7.025667228100119,1.0,1.2649110640673518,0.0,0.0,0.0,0.0,1.0,2.0,1.811880952380952,6.403594057272849,5.33370470732543,1.679119106084081,90.68442063492064,18.32090751543756,76.03054924685742,15.16345224048169,57.52552380952381,50.86746517060998,103.95820692798168,39.9764565592879,538.2601388888888,421.3690839955551,157.096787924936,148.49191702948272,12.5
101,105_2,105,0.4777999999999999,0.6500321222831991,0.4,0.4898979485566356,12.4,24.8,1.4,1.9595917942265424,11.2,10.92520022699813,3.2,6.400000000000001,0.0,0.0,0.2,0.4000000000000001,0.0,0.0,0.0,0.0,0.0,0.0,0.2,0.4,0.0,0.0,0.0,0.0,12.0,14.696938456699067,13.8,11.26765281680262,19.2,11.26765281680262,0.0,0.0,1.6,2.0591260281974,22.4,8.912911982062877,0.6,0.8,0.0,0.0,0.0,0.0,0.4,0.8000000000000002,1.5244444444444445,7.016566126971208,5.21389605728983,1.4016664860240924,93.51863492063492,30.31618852960344,89.66156261882546,25.87078254345156,36.75357142857143,53.7671002751261,106.67572790382842,31.411217544987057,559.9951111111111,466.62755048660347,115.39834697995082,95.02264133089128,13.5
102,105_2,105,0.7340000000000001,0.6342983525124435,0.6,0.4898979485566356,1.8,3.6000000000000005,0.0,0.0,5.6,5.314132102234569,3.4,6.3118935352238,0.0,0.0,4.6,7.735631842325485,0.4,0.4898979485566356,0.2,0.4,0.0,0.0,0.8,0.9797958971132712,0.0,0.0,1.2,1.469693845669907,5.2,6.368673331236264,14.8,6.04648658313239,16.2,8.4,0.0,0.0,0.0,0.0,27.6,3.006659275674582,0.0,0.0,0.0,0.0,0.0,0.0,0.0,0.0,1.689025728370361,5.771812467687831,6.1697872498566,2.200635051726551,71.2914206512485,39.18325703332679,76.08517063503544,30.95659720881057,31.86734402103029,87.89362116147221,75.50478024206134,28.92528277183709,319.73704513819337,161.71759443819352,183.51813918739452,177.85486924157274,2.25
103,105_2,105,0.5056,1.0112,0.2,0.4,60.0,120.0,0.0,0.0,7.4,8.212186067059125,2.8,3.1874754901018454,0.2,0.4000000000000001,0.6,0.7999999999999999,0.2,0.4,2.4,2.939387691339814,0.0,0.0,3.6,4.454211490264018,0.0,0.0,3.6,4.454211490264018,9.6,11.757550765359255,11.2,6.11228271597445,19.2,7.807688518377254,0.0,0.0,0.6,0.7999999999999999,19.0,7.563068160475615,0.4,0.4898979485566356,0.0,0.0,0.0,0.0,0.0,0.0,3.8320356858922673,4.209509797692731,5.062992236079711,2.357742659334402,78.97059627107947,38.04639952446011,81.59197025225293,21.1813273868736,58.66715736967272,34.6011516654555,96.44790468093754,27.393272804325733,472.0717097825498,418.3759268516344,236.37490213489573,221.69430797091323,13.0
104,105_2,105,1.1008,1.072186252476686,0.8,0.7483314773547883,0.0,0.0,0.0,0.0,7.0,6.6332495807108,2.8,2.4,0.0,0.0,0.2,0.4000000000000001,3.4,4.176122603564219,4.2,5.1536394906900505,0.0,0.0,4.4,5.425863986500215,0.0,0.0,3.8,4.664761515876241,13.0,11.436782764396638,7.6,4.498888751680798,13.8,7.19444229944198,0.0,0.0,0.2,0.4000000000000001,19.0,10.807404868885037,2.6,3.2,0.2,0.4,0.0,0.0,0.0,0.0,2.419591303757971,6.035756084401954,4.828101490675193,3.3734995609172214,60.35200956450957,52.15575694385191,76.06657611925282,54.70857656887521,53.967667684167694,87.98590097582846,63.06577279397991,43.30396827871123,567.0142354836522,555.9511642833701,236.3313456337532,239.6744494906902,13.5
105,105_2,105,0.625,0.4097062362229797,0.8,0.4,5.4,9.810198774744578,0.4,0.8,9.8,11.303096920755834,3.0,5.059644256269407,0.0,0.0,1.8,3.6000000000000005,4.2,5.1536394906900505,6.6,8.138795979750322,0.0,0.0,10.8,13.24235628579748,0.0,0.0,5.4,6.62117814289874,13.8,12.765578717786358,7.4,9.583318840568753,11.8,11.285388783732708,0.0,0.0,1.2,2.4000000000000004,16.0,11.081516141756056,6.4,7.863841300535,0.0,0.0,0.0,0.0,0.8,1.6000000000000003,-1.5174999999999998,4.604487847017661,4.428681250495766,3.1127416940262607,63.38638888888888,52.60821391764729,73.4439271765743,52.68390732082084,-43.39472222222222,22.87352029890016,106.0877992980868,53.6074232990041,914.9133333333332,858.1562727303161,232.94971176894984,202.9003266543431,8.75
106,105_2,105,2.4554,3.411057290635852,0.4,0.4898979485566356,0.8,1.6,0.8,1.6,8.6,11.825396399275586,5.4,9.830564581955608,0.8,0.9797958971132712,1.6,3.2000000000000006,0.0,0.0,6.6,8.089499366462674,0.8,0.9797958971132712,6.8,8.328265125462805,0.0,0.0,0.4,0.8,12.4,14.38888459888396,7.2,11.634431657799192,9.4,12.2245654319489,0.0,0.0,3.4,6.8,14.2,13.059862173851606,6.6,8.089499366462674,0.0,0.0,0.0,0.0,2.8,5.6,-3.5877777777777773,4.966142341202718,4.014723415396458,2.205277529991896,49.03694444444445,61.80447998814437,74.08084846195158,53.1897730574327,43.14555555555555,107.97232779630664,58.44648927891856,50.59804161577773,1064.175972222222,1071.2493146553766,280.77698110533584,291.8947028957796,13.25
107,105_2,105,1.4592,1.371474155790039,0.6,0.4898979485566356,1.0,2.0,2.2,4.4,8.0,11.224972160321824,5.0,10.0,0.0,0.0,1.6,1.9595917942265424,0.2,0.4,4.0,4.939635614091388,1.6,1.9595917942265424,5.0,6.131883886702357,0.0,0.0,1.0,1.2649110640673518,12.0,14.696938456699067,9.6,10.96540012949824,10.6,8.73155198117723,0.0,0.0,2.2,4.4,19.6,6.216108107168021,5.0,6.131883886702357,0.0,0.0,0.0,0.0,0.0,0.0,-2.848055555555556,10.227246862917788,12.1349534941763,5.832351880905071,16.55888888888889,78.91246680912487,71.1457574277182,2.8129889488596267,34.74166666666667,44.18813224005058,89.02462487795276,13.321111420433247,953.3534722222224,906.3976609888535,362.7140788182724,342.54543449728334,1.5
108,105_2,105,5.9062,3.679321209136272,1.8,1.16619037896906,21.4,34.511447376196784,16.4,32.8,10.6,9.911609354691096,2.8,3.655133376499413,0.8,0.9797958971132712,2.2,3.4292856398964497,2.8,3.4292856398964493,5.0,6.131883886702357,3.6,4.454211490264018,5.4,6.62117814289874,0.0,0.0,3.0,3.687817782917155,9.0,9.85900603509299,12.6,10.87382177525455,17.8,10.303397497913004,0.0,0.0,3.0,6.0,20.4,8.957678270623477,5.2,6.368673331236264,1.8,2.227105745132009,0.0,0.0,0.0,0.0,-2.5550613711518344,5.075489239956887,8.615109613044648,4.09560883296127,70.11598890139003,33.89294529323286,76.89147805024825,21.2120937293438,29.409998329471684,45.246801585747846,107.00411877915072,7.48440450922846,829.8393128635819,748.6505468646156,522.2923243861458,560.2346029938665,13.75
109,105_2,105,2.2882,2.441954495890536,0.8,0.7483314773547883,10.6,15.89465318904442,3.4,4.715930449020639,7.4,7.364781055808788,0.2,0.4000000000000001,0.4,0.8,3.6,3.878143885933064,5.6,6.858571279792899,10.6,12.986146464598342,3.0,3.794733192202055,10.8,13.227244611029164,0.0,0.0,6.4,7.863841300535,12.0,14.696938456699067,8.4,8.2365041127896,15.0,11.15347479487895,0.0,0.0,0.0,0.0,17.4,13.45511055324333,11.0,13.475904422338411,3.2,3.9698866482558417,0.0,0.0,0.0,0.0,0.2866984126984124,3.086571021346516,6.903582480879534,4.249417545476146,59.15694444444445,39.59791641700231,96.9974072337032,30.094487861311027,19.68428571428571,107.22278298280162,88.8183487694972,25.75604322290039,1271.6138769841268,1276.4620742130785,274.2920857638149,248.03294206309985,12.75
